20 10 9
10    3  3 14  7 14  8 14    4  1 38  2 38  5 38  6 38    5  3 44  6 44  7 44  8 44  9 44    5  0 76  1 76  3 76  4 76  7 76    4  1 97  3 97  5 97  7 97    3  3 12  6 12  7 12    6  1 75  4 75  5 75  6 75  7 75  8 75    5  1 66  4 66  5 66  6 66  9 66    3  0 12  1 12  9 12    5  1 29  3 29  4 29  5 29  6 29
10    4  0 43  1 43  4 43  6 43    5  2 85  5 85  6 85  7 85  8 85    5  2 82  3 82  4 82  8 82  9 82    2  5 38  9 38    6  0 58  2 58  3 58  4 58  7 58  9 58    4  1 89  2 89  8 89  9 89    6  0 92  3 92  4 92  5 92  7 92  8 92    5  0 87  1 87  5 87  6 87  9 87    6  1 69  2 69  5 69  6 69  7 69  8 69    4  0 80  1 80  3 80  7 80
10    5  0 41  2 41  3 41  6 41  7 41    5  0 7  4 7  6 7  7 7  8 7    3  2 5  6 5  9 5    2  0 43  4 43    7  0 14  1 14  2 14  4 14  5 14  8 14  9 14    5  0 8  1 8  2 8  4 8  9 8    6  0 61  1 61  3 61  4 61  5 61  7 61    5  1 84  2 84  6 84  7 84  8 84    4  2 66  5 66  8 66  9 66    4  1 48  4 48  6 48  7 48
10    4  2 42  3 42  5 42  9 42    3  1 74  3 74  7 74    7  1 59  3 59  4 59  5 59  6 59  8 59  9 59    2  3 41  6 41    6  1 8  2 8  4 8  6 8  7 8  8 8    5  0 73  2 73  4 73  6 73  9 73    4  1 43  2 43  8 43  9 43    1  0 96    4  1 19  4 19  5 19  7 19    4  5 97  6 97  7 97  8 97
10    5  0 23  4 23  5 23  7 23  8 23    9  0 42  1 42  3 42  4 42  5 42  6 42  7 42  8 42  9 42    3  4 37  5 37  8 37    2  6 55  8 55    6  0 7  1 7  4 7  5 7  8 7  9 7    5  4 5  5 5  7 5  8 5  9 5    5  0 70  1 70  2 70  5 70  9 70    5  0 38  3 38  4 38  7 38  9 38    5  0 75  1 75  3 75  5 75  9 75    2  1 48  2 48
10    5  0 9  5 9  7 9  8 9  9 9    2  4 43  6 43    4  1 31  5 31  7 31  8 31    6  1 25  2 25  4 25  5 25  7 25  8 25    6  1 73  2 73  3 73  4 73  5 73  7 73    3  2 95  3 95  9 95    2  0 79  9 79    4  2 72  3 72  8 72  9 72    3  1 60  2 60  9 60    4  1 56  3 56  7 56  8 56
10    4  1 7  2 7  4 7  5 7    6  2 21  4 21  5 21  7 21  8 21  9 21    5  2 53  4 53  6 53  7 53  8 53    5  0 16  4 16  5 16  6 16  8 16    4  4 94  6 94  7 94  8 94    5  0 97  5 97  6 97  7 97  9 97    2  3 78  4 78    7  1 64  2 64  3 64  5 64  6 64  7 64  9 64    8  0 86  1 86  2 86  3 86  4 86  6 86  7 86  8 86    4  1 31  2 31  8 31  9 31
10    5  1 65  2 65  3 65  4 65  8 65    5  1 59  4 59  6 59  8 59  9 59    6  0 85  1 85  4 85  5 85  6 85  7 85    1  1 33    4  0 30  2 30  4 30  8 30    4  2 44  3 44  4 44  8 44    7  0 61  1 61  2 61  4 61  5 61  7 61  8 61    5  0 86  3 86  5 86  7 86  9 86    2  0 63  9 63    4  0 32  1 32  5 32  9 32
10    1  6 45    5  1 44  2 44  5 44  8 44  9 44    3  1 61  5 61  8 61    8  0 93  1 93  2 93  3 93  4 93  5 93  7 93  8 93    4  0 30  1 30  6 30  9 30    5  2 90  5 90  7 90  8 90  9 90    3  0 84  8 84  9 84    6  1 11  2 11  4 11  5 11  6 11  9 11    5  0 16  2 16  3 16  4 16  7 16    2  0 60  2 60
10    8  1 47  2 47  3 47  4 47  5 47  7 47  8 47  9 47    5  1 36  2 36  5 36  6 36  7 36    3  4 31  5 31  8 31    2  1 49  4 49    4  0 20  1 20  3 20  7 20    5  0 28  1 28  2 28  3 28  8 28    4  0 52  4 52  6 52  7 52    3  7 35  8 35  9 35    4  3 11  5 11  7 11  8 11    4  0 32  1 32  4 32  9 32
10    5  2 77  3 77  6 77  7 77  8 77    3  3 10  4 10  8 10    5  1 68  2 68  3 68  6 68  9 68    6  0 17  1 17  2 17  5 17  6 17  8 17    7  0 85  1 85  2 85  3 85  7 85  8 85  9 85    6  0 84  1 84  2 84  4 84  7 84  9 84    7  0 20  1 20  2 20  3 20  6 20  7 20  8 20    5  4 49  5 49  6 49  7 49  9 49    8  0 74  1 74  2 74  3 74  5 74  6 74  7 74  9 74    5  0 34  2 34  3 34  4 34  5 34
10    4  0 17  1 17  4 17  6 17    5  0 7  2 7  3 7  5 7  8 7    4  0 85  1 85  4 85  5 85    3  2 29  3 29  9 29    2  2 17  4 17    1  4 76    3  3 59  6 59  9 59    3  5 71  6 71  8 71    4  1 13  3 13  7 13  9 13    5  0 48  2 48  3 48  5 48  7 48
10    4  2 87  4 87  5 87  6 87    4  2 39  3 39  4 39  8 39    7  2 43  3 43  5 43  6 43  7 43  8 43  9 43    4  0 11  3 11  5 11  7 11    5  1 15  2 15  5 15  8 15  9 15    3  0 32  3 32  5 32    3  5 64  7 64  9 64    3  0 19  3 19  5 19    3  1 39  3 39  8 39    6  4 16  5 16  6 16  7 16  8 16  9 16
10    6  0 33  1 33  3 33  5 33  6 33  7 33    2  3 99  8 99    3  0 32  5 32  6 32    5  1 91  4 91  6 91  7 91  8 91    7  1 82  3 82  5 82  6 82  7 82  8 82  9 82    6  1 92  2 92  3 92  4 92  7 92  9 92    4  2 99  6 99  8 99  9 99    4  6 57  7 57  8 57  9 57    5  0 83  1 83  6 83  7 83  9 83    6  0 8  2 8  4 8  5 8  6 8  8 8
10    4  1 91  2 91  3 91  7 91    3  0 39  1 39  5 39    6  0 69  2 69  3 69  4 69  5 69  6 69    3  3 27  4 27  8 27    4  0 7  3 7  7 7  9 7    7  0 21  2 21  3 21  4 21  5 21  6 21  9 21    6  0 38  1 38  4 38  5 38  7 38  9 38    6  0 62  1 62  2 62  3 62  5 62  9 62    4  0 88  3 88  4 88  5 88    3  0 48  3 48  5 48
10    5  2 67  3 67  4 67  7 67  9 67    3  2 80  4 80  7 80    5  0 24  3 24  4 24  6 24  8 24    5  0 88  1 88  3 88  4 88  8 88    3  0 18  4 18  6 18    3  0 44  1 44  7 44    5  0 45  2 45  4 45  7 45  8 45    4  3 64  6 64  8 64  9 64    7  1 80  2 80  3 80  4 80  5 80  6 80  7 80    4  0 38  1 38  3 38  6 38
10    6  4 59  5 59  6 59  7 59  8 59  9 59    5  3 72  5 72  6 72  7 72  9 72    6  2 47  3 47  5 47  6 47  7 47  9 47    2  3 40  4 40    7  0 21  1 21  3 21  4 21  5 21  7 21  9 21    5  1 43  5 43  6 43  7 43  9 43    3  0 51  1 51  2 51    5  0 52  2 52  4 52  5 52  8 52    1  1 24    4  0 15  2 15  3 15  8 15
10    2  0 70  3 70    5  2 31  5 31  6 31  7 31  8 31    4  2 20  5 20  6 20  9 20    5  0 76  1 76  7 76  8 76  9 76    3  1 40  7 40  9 40    2  3 43  7 43    4  0 32  5 32  6 32  9 32    3  4 88  5 88  9 88    3  4 5  8 5  9 5    8  0 77  1 77  2 77  4 77  5 77  6 77  7 77  9 77
10    2  3 47  4 47    3  4 64  5 64  9 64    7  0 85  2 85  3 85  5 85  7 85  8 85  9 85    4  1 49  3 49  4 49  7 49    4  0 58  3 58  7 58  9 58    6  1 26  2 26  3 26  5 26  6 26  7 26    4  0 32  1 32  3 32  5 32    3  0 80  4 80  8 80    5  1 14  2 14  4 14  6 14  8 14    3  1 94  6 94  8 94
10    6  1 59  3 59  4 59  5 59  7 59  9 59    5  0 96  1 96  2 96  3 96  6 96    5  0 5  3 5  4 5  7 5  8 5    5  2 79  4 79  6 79  7 79  9 79    3  2 34  5 34  8 34    4  2 75  4 75  6 75  7 75    5  0 26  3 26  4 26  5 26  6 26    6  1 9  2 9  3 9  6 9  8 9  9 9    5  0 23  5 23  6 23  7 23  9 23    3  1 11  5 11  8 11

0 11 10 5 22 1 21 4 3 1 14 7 18 22 21 20 13 6 7 18
3 0 14 23 13 10 12 18 20 24 10 21 9 24 2 20 7 14 2 17
18 25 0 23 19 8 13 20 23 23 21 24 6 14 7 17 24 3 2 15
10 13 3 0 9 12 22 12 19 14 11 17 13 13 22 18 5 21 20 18
5 7 4 23 0 23 6 2 8 2 18 18 13 8 22 5 19 15 18 5
8 4 15 16 6 0 5 19 10 20 3 14 10 7 3 9 11 12 22 20
8 10 19 24 22 21 0 16 24 3 16 18 23 18 13 16 18 8 6 16
19 20 5 2 5 3 7 0 16 4 11 1 19 1 14 2 2 15 24 17
15 1 23 6 23 5 20 16 0 25 14 4 11 1 8 11 16 24 9 24
6 12 17 12 7 3 1 5 8 0 2 3 12 21 2 12 23 20 11 6
17 24 24 10 4 17 4 8 11 14 0 11 16 22 10 19 24 23 7 14
20 11 9 7 24 17 1 12 23 11 3 0 15 17 22 5 17 25 12 25
1 20 2 21 3 8 23 1 5 4 14 8 0 7 22 5 14 16 22 19
12 16 20 17 13 24 15 22 5 11 21 25 14 0 6 17 9 13 14 5
4 5 18 22 22 9 7 17 7 20 18 15 21 17 0 5 13 8 6 18
6 2 10 10 3 16 12 14 18 2 9 13 16 6 5 0 1 7 15 10
16 2 15 4 6 18 11 18 25 17 19 15 22 2 21 22 0 14 25 17
22 17 2 21 9 14 12 9 12 4 17 8 8 4 5 4 18 0 12 17
24 17 5 3 25 19 24 1 3 10 23 10 23 22 25 10 4 6 0 22
15 23 7 20 9 7 10 19 20 23 21 9 4 10 5 19 19 22 11 0

0 14 1 18 8 11 1 11 10 10 11 14 7 3 16 21 5 9 11 11
17 0 11 9 8 7 23 3 18 18 12 22 13 16 15 18 12 13 23 7
21 23 0 16 11 5 10 22 18 13 20 23 9 14 16 17 7 3 11 2
11 25 11 0 14 20 7 22 1 12 20 24 1 10 2 8 7 10 11 10
16 22 5 24 0 7 24 1 7 20 16 16 6 9 6 7 7 20 16 20
9 20 16 9 15 0 9 10 7 14 3 16 4 10 10 23 17 21 9 23
19 4 4 14 10 20 0 25 17 24 13 24 13 25 19 4 13 4 13 11
14 25 13 1 15 13 1 0 11 7 8 7 25 18 23 14 1 21 16 14
14 18 4 15 25 23 19 2 0 6 6 3 7 20 10 7 8 20 11 11
10 17 24 10 11 20 9 2 17 0 12 4 10 9 9 6 24 9 22 24
15 18 3 5 24 11 20 5 4 24 0 6 7 15 22 20 4 8 22 21
5 25 12 8 3 4 17 10 13 10 19 0 9 18 17 19 22 5 22 20
4 25 22 6 6 19 2 15 17 5 3 10 0 22 9 18 4 1 21 1
3 18 4 16 11 16 4 5 24 14 25 21 13 0 11 2 1 7 18 13
18 6 15 5 12 12 14 2 16 13 4 20 15 18 0 1 4 3 24 10
13 11 22 6 8 11 6 11 25 7 15 11 16 12 7 0 21 23 20 13
21 16 1 15 3 13 24 16 13 25 10 23 12 25 5 25 0 8 2 1
18 5 24 22 18 10 3 6 14 14 21 22 5 12 24 22 22 0 12 5
10 23 23 2 12 23 1 2 8 12 22 15 11 20 4 9 8 25 0 18
7 21 18 19 25 24 10 9 24 8 2 21 11 20 17 5 8 9 17 0

0 19 17 24 7 1 21 25 2 20 25 4 16 4 4 24 16 16 17 14
9 0 10 22 25 17 15 4 6 10 15 23 18 24 23 15 11 25 17 11
11 11 0 3 9 9 10 17 19 10 3 23 24 13 21 15 3 16 22 19
13 10 15 0 23 21 12 24 8 20 7 11 14 4 10 13 22 5 9 3
25 5 16 11 0 14 16 8 16 6 20 11 1 4 23 3 24 22 11 17
24 16 23 17 24 0 10 5 25 25 11 21 20 13 20 12 5 17 2 21
12 24 22 13 16 25 0 2 21 1 12 18 19 22 20 8 22 20 5 12
16 25 19 6 11 25 25 0 12 1 15 22 17 3 23 21 17 7 8 8
1 5 5 18 11 12 13 17 0 23 3 18 19 19 3 14 6 6 13 11
10 12 20 19 2 7 11 23 19 0 21 25 14 5 25 22 8 3 14 5
20 16 4 17 23 12 13 1 15 19 0 20 14 23 1 12 17 12 12 3
7 13 3 17 23 22 18 19 18 5 1 0 21 22 20 10 12 12 16 16
12 24 2 16 24 13 10 4 11 1 3 3 0 14 11 11 6 18 21 25
8 24 8 24 24 9 9 21 12 13 5 3 9 0 1 4 13 3 11 12
8 17 25 10 1 16 10 5 6 21 6 3 17 10 0 19 14 9 25 8
8 13 11 25 1 11 22 12 1 20 25 6 16 3 20 0 11 3 7 20
19 24 1 19 24 7 9 22 18 13 12 12 24 21 14 18 0 19 1 15
11 14 19 21 5 9 20 17 23 22 3 6 20 13 21 25 4 0 10 7
1 17 13 10 17 17 14 11 24 8 19 13 11 9 4 16 10 8 0 22
6 19 15 17 15 6 21 4 19 9 16 16 23 15 3 24 11 25 5 0

0 13 2 15 17 14 9 16 2 22 17 12 12 14 11 24 12 23 6 1
21 0 3 20 2 7 10 18 2 8 4 16 14 11 24 12 11 2 20 18
14 23 0 20 12 18 7 9 6 4 20 25 4 7 1 14 10 13 6 3
4 13 10 0 25 9 4 4 14 11 1 23 8 25 8 13 17 8 24 16
4 8 23 25 0 16 4 9 5 11 19 11 25 7 6 13 15 11 25 4
12 24 20 12 10 0 5 1 16 14 4 20 7 7 12 8 9 1 15 20
13 3 15 2 18 10 0 17 8 1 15 17 3 10 8 20 17 23 13 12
21 16 15 1 8 25 20 0 16 22 20 13 7 20 24 25 19 1 21 4
8 3 18 3 24 5 13 23 0 2 1 3 5 1 10 15 16 11 24 22
22 18 3 6 14 8 11 20 14 0 25 24 6 4 8 15 16 11 1 4
23 14 20 6 16 17 14 7 4 22 0 24 10 20 19 10 11 4 15 20
1 18 14 13 10 16 7 19 3 4 11 0 10 8 24 9 14 25 15 12
18 8 25 7 24 24 22 18 24 22 9 3 0 3 8 4 19 11 20 4
20 15 20 10 1 4 10 2 21 1 7 22 16 0 10 11 11 5 1 5
9 23 24 3 21 20 11 23 8 16 20 11 13 14 0 23 21 19 6 6
20 9 3 24 13 14 1 4 12 15 22 3 17 6 19 0 16 19 10 1
11 6 17 8 10 19 20 10 13 5 25 4 7 1 22 21 0 5 13 6
9 25 3 2 18 5 2 19 7 24 22 2 11 7 18 15 17 0 7 8
20 7 4 10 24 8 2 11 11 18 9 16 5 8 5 5 13 2 0 10
15 13 6 15 24 12 24 2 17 16 14 22 3 24 13 1 21 6 3 0

0 8 11 14 5 20 23 12 5 15 24 15 12 10 13 21 8 10 6 18
11 0 19 21 10 15 3 24 4 13 12 21 24 22 21 17 21 2 7 24
10 12 0 9 9 19 17 10 21 10 23 22 17 5 2 9 14 9 2 22
19 9 12 0 9 18 20 20 13 20 5 10 12 13 23 24 2 9 15 23
4 8 16 23 0 25 8 24 23 1 12 9 16 25 2 16 19 13 12 6
2 11 4 3 23 0 1 18 15 8 24 15 16 23 8 10 14 9 24 23
22 9 14 23 20 20 0 8 9 12 11 17 13 8 18 20 20 21 10 20
8 3 8 18 18 17 21 0 4 19 23 16 20 21 10 25 19 9 16 7
15 4 2 16 8 2 8 9 0 10 2 5 11 19 24 11 1 9 8 25
22 25 12 24 3 21 11 19 9 0 24 9 2 18 9 5 12 9 19 23
6 19 7 9 12 18 11 21 19 22 0 6 3 2 4 15 24 7 22 12
23 2 20 22 24 7 22 12 11 5 13 0 22 18 14 22 24 7 14 6
1 22 4 3 7 14 4 24 16 18 23 18 0 18 22 7 15 13 25 6
10 14 10 19 12 3 24 4 25 17 7 1 4 0 20 16 19 8 12 1
2 1 3 15 5 17 15 19 22 23 11 7 15 17 0 21 18 20 8 7
6 19 25 18 11 10 17 3 9 16 6 5 3 18 23 0 17 15 23 11
4 10 15 14 22 18 17 3 25 14 18 12 25 15 5 17 0 3 18 15
25 12 12 14 1 14 1 13 18 2 2 18 12 21 23 18 25 0 1 18
22 14 8 4 17 14 3 18 6 23 8 14 4 13 18 6 17 24 0 7
23 8 3 23 12 4 14 9 14 20 20 5 5 4 1 15 2 1 8 0

0 22 9 24 12 18 25 21 2 8 23 6 16 23 19 24 7 3 13 6
3 0 7 8 15 20 10 15 3 18 11 3 14 5 23 10 3 13 7 12
23 20 0 18 6 19 5 8 25 11 8 14 14 13 8 15 4 4 25 24
21 14 12 0 21 22 24 1 13 16 12 17 9 18 8 16 12 21 18 25
8 6 17 21 0 17 13 8 2 20 2 5 6 20 8 5 17 5 10 19
10 25 3 14 11 0 9 10 14 9 9 1 24 21 8 13 12 24 1 20
22 6 5 20 7 9 0 12 2 19 22 14 10 11 9 11 9 22 14 18
20 22 12 2 13 12 16 0 18 12 14 9 12 7 16 20 21 11 3 1
14 18 3 13 11 19 10 23 0 14 12 1 7 5 11 3 8 21 19 22
15 2 7 3 25 10 19 18 20 0 15 15 13 14 23 5 22 24 22 17
8 25 2 16 1 22 24 22 24 2 0 21 6 24 2 18 25 23 9 1
20 10 13 2 4 21 5 1 15 9 24 0 1 15 12 1 17 18 3 3
25 8 16 24 20 13 20 5 18 12 7 12 0 3 15 1 16 20 4 25
15 1 17 21 5 4 14 17 1 4 15 12 24 0 6 24 23 17 25 3
13 2 1 16 15 6 1 18 7 15 5 5 25 17 0 22 3 16 13 15
4 18 2 16 21 20 13 10 12 1 23 4 14 10 9 0 6 9 2 18
24 6 3 1 20 18 25 9 17 10 22 11 9 16 2 10 0 13 2 23
13 4 4 1 4 9 4 7 5 14 22 10 17 11 4 21 12 0 3 24
5 20 8 23 16 13 11 19 4 13 25 24 22 9 5 5 17 4 0 21
5 19 3 1 18 2 16 13 22 17 19 17 21 8 19 25 5 16 5 0

0 9 20 20 22 4 17 20 18 9 7 13 17 22 11 16 2 2 19 1
25 0 12 11 21 6 14 15 6 5 8 1 21 15 3 4 10 13 25 2
7 10 0 10 19 1 7 15 22 7 2 6 4 25 10 21 12 15 7 2
24 25 20 0 7 20 13 16 8 22 9 23 12 6 22 3 19 10 10 4
18 22 16 16 0 3 4 11 9 17 20 8 7 6 19 2 16 8 16 15
21 11 18 3 14 0 22 21 16 2 23 6 8 14 8 25 6 1 7 1
8 6 3 12 20 19 0 3 24 24 11 13 18 24 8 15 21 17 25 6
6 20 13 21 4 8 18 0 16 9 24 17 18 23 18 9 18 7 16 9
18 14 18 24 3 1 10 24 0 25 7 8 22 12 16 12 3 9 1 24
11 25 24 23 8 11 18 2 15 0 19 16 16 4 4 11 4 8 9 12
22 8 15 2 2 7 14 6 13 6 0 6 2 4 16 12 2 22 4 24
3 10 25 12 8 4 8 4 19 17 20 0 12 6 16 5 14 3 20 1
20 14 12 17 19 10 20 10 20 24 7 13 0 24 23 2 4 23 2 3
20 22 25 13 22 22 9 8 5 15 15 12 8 0 17 18 25 18 12 3
12 20 6 22 23 10 10 4 15 10 2 16 10 16 0 18 6 19 21 5
3 5 4 16 19 19 9 1 20 18 16 25 7 7 21 0 3 10 21 20
17 5 23 12 9 8 10 9 17 25 8 17 13 12 11 24 0 3 3 17
2 8 11 7 20 20 14 25 5 5 13 22 16 8 13 11 10 0 9 6
2 20 5 10 1 20 25 20 17 15 20 20 6 9 20 10 4 22 0 12
18 21 19 10 24 9 17 17 2 11 22 8 15 14 4 25 5 19 23 0

0 14 11 21 25 24 23 6 4 12 7 17 16 10 25 23 13 3 12 4
20 0 8 13 13 23 6 24 11 22 5 16 17 5 5 20 10 17 1 23
5 16 0 18 2 8 2 20 10 10 21 6 12 10 19 6 23 21 20 1
11 6 23 0 25 3 4 11 18 11 10 21 10 9 18 6 11 22 6 19
13 20 9 18 0 14 10 23 12 25 16 13 4 10 9 11 12 8 7 13
5 15 9 3 16 0 14 16 19 13 15 21 15 3 11 3 5 4 23 23
23 11 8 12 12 18 0 6 16 16 6 11 23 4 17 8 21 24 20 23
17 12 17 4 9 13 21 0 1 23 16 13 22 6 12 11 18 10 6 10
5 25 2 15 14 3 25 9 0 21 2 11 24 8 14 19 8 13 10 10
16 17 7 22 23 13 11 4 1 0 11 5 23 23 4 13 20 9 10 24
17 9 23 14 3 1 15 25 25 9 0 5 9 5 17 15 4 24 11 22
10 15 17 19 6 21 17 20 25 22 14 0 11 2 20 7 24 11 11 9
7 20 7 16 15 9 10 8 17 2 14 1 0 15 25 4 18 11 14 2
6 12 19 15 1 22 12 23 12 3 11 16 2 0 4 2 6 8 11 1
4 25 4 21 1 14 14 19 24 24 8 6 16 4 0 2 14 1 4 10
19 20 13 6 6 2 15 20 10 19 2 25 10 2 23 0 7 4 11 10
5 16 10 21 20 15 20 1 4 3 3 11 2 24 16 14 0 10 20 11
14 23 20 16 10 7 19 15 4 1 10 8 12 9 12 4 9 0 13 15
16 2 15 16 25 23 4 14 9 20 6 4 8 8 23 18 15 15 0 24
7 10 8 3 16 7 11 16 1 16 1 21 1 10 2 9 3 13 20 0

0 21 12 14 7 4 2 25 21 19 19 16 17 4 17 12 18 14 3 13
12 0 8 13 14 7 22 16 12 7 19 16 6 3 6 20 25 16 12 14
4 23 0 23 8 24 6 8 24 1 18 13 9 13 14 5 19 14 15 1
13 23 23 0 16 8 15 11 9 1 9 6 6 1 16 19 25 22 23 20
20 19 14 19 0 7 6 24 15 12 15 22 11 7 2 9 9 18 8 5
3 3 17 2 23 0 9 4 14 7 15 22 15 8 10 15 2 8 17 20
9 2 8 14 10 21 0 5 4 23 8 2 21 2 16 14 21 25 15 22
18 22 7 6 6 2 24 0 20 20 21 16 16 25 7 3 9 19 5 19
20 15 23 20 21 21 16 16 0 2 16 22 14 4 23 9 25 6 8 24
12 10 9 20 22 24 18 25 16 0 5 6 22 23 25 13 7 7 10 1
17 11 6 1 1 18 8 15 20 15 0 22 19 8 17 7 8 13 16 13
2 25 16 15 15 16 23 16 14 20 18 0 18 21 20 2 1 9 4 13
16 24 15 8 19 7 16 9 19 21 5 22 0 15 10 22 9 13 11 25
8 23 20 22 8 8 6 22 13 4 16 18 8 0 24 25 15 16 9 16
19 21 8 25 20 5 10 1 20 22 2 12 23 21 0 13 1 21 23 22
10 3 5 2 24 19 20 17 10 20 13 9 9 11 13 0 19 2 5 17
15 18 1 25 6 13 23 4 18 18 9 2 10 19 3 3 0 4 16 12
5 12 9 3 9 22 9 16 12 21 12 12 8 3 15 11 4 0 1 2
23 24 4 11 21 6 14 5 11 19 4 9 17 9 10 13 4 18 0 9
24 21 24 6 10 8 2 14 5 19 22 6 6 22 22 8 8 14 2 0

0 8 17 18 17 6 19 16 5 7 9 20 25 13 19 13 23 12 14 5
1 0 13 2 12 19 25 19 14 23 24 3 21 15 21 13 5 25 9 10
14 3 0 5 6 3 5 19 18 9 14 6 12 20 1 20 25 13 1 8
13 24 12 0 23 12 24 22 16 6 11 21 24 12 14 21 25 6 17 17
20 1 16 18 0 3 4 5 17 12 15 10 18 22 19 18 14 10 11 15
2 13 7 18 3 0 4 24 8 13 3 25 20 4 16 14 22 1 9 20
14 14 8 23 10 23 0 8 8 25 24 17 19 1 8 2 15 15 10 7
22 25 23 8 24 20 14 0 19 14 22 18 10 17 13 6 11 6 1 9
5 2 19 14 23 16 1 10 0 7 11 1 8 2 19 22 25 24 11 22
18 10 12 22 7 25 13 12 1 0 11 22 16 17 21 2 13 2 4 5
23 4 17 23 10 15 18 23 15 14 0 11 6 4 16 11 21 7 22 16
24 4 8 16 18 7 13 5 1 3 13 0 25 25 5 5 18 23 12 1
17 23 1 24 19 7 6 16 25 13 8 3 0 13 2 18 16 24 15 2
13 8 24 5 21 22 23 12 18 21 19 23 8 0 7 16 15 7 20 23
17 3 15 20 21 9 6 22 24 21 20 9 20 8 0 6 15 20 15 21
21 20 15 24 24 25 12 10 6 3 7 25 1 5 25 0 7 23 23 13
7 5 12 13 3 17 14 17 20 20 24 2 24 6 8 13 0 1 15 9
3 1 24 21 6 11 25 16 1 3 14 23 1 15 14 23 20 0 7 19
10 6 16 15 7 12 24 7 1 3 21 22 19 13 15 22 21 5 0 8
8 22 11 4 13 11 12 18 6 2 15 1 1 25 12 20 4 22 10 0
