15 5 2
5    1  3 92    1  2 94    1  0 12    1  4 91    2  1 7  2 7
5    1  2 21    1  1 19    1  0 87    1  3 11    1  4 66
5    1  1 14    1  3 13    2  0 75  3 75    1  4 16    1  2 20
5    2  2 95  4 95    1  4 66    1  0 7    1  1 77    1  3 7
5    1  2 34    2  4 89  2 89    1  3 6    1  1 45    1  0 15
5    1  4 88    1  3 77    2  2 20  4 20    1  1 53    1  0 76
5    2  4 9  1 9    1  3 27    1  0 52    1  1 88    1  2 74
5    1  3 69    1  2 52    1  0 62    1  1 88    1  4 98
5    1  3 90    2  0 62  2 62    1  4 9    1  2 61    2  1 52  4 52
5    1  4 5    1  2 54    1  3 59    2  0 88  3 88    1  1 15
5    2  0 41  2 41    1  1 50    1  4 78    1  3 53    1  2 23
5    1  0 38    1  4 72    1  2 91    1  3 68    1  1 71
5    1  0 45    1  3 95    1  4 52    1  2 25    1  1 6
5    1  3 30    1  1 66    1  0 23    1  4 36    1  2 17
5    1  2 95    2  0 71  2 71    1  3 76    1  1 8    1  4 88

0 22 18 13 21 8 9 19 9 16 8 26 20 2 3
5 0 10 4 6 22 24 22 10 17 20 4 20 18 23
17 24 0 5 15 4 3 19 22 25 9 16 13 20 14
20 7 5 0 8 6 11 20 10 1 24 11 11 13 23
12 23 8 7 0 2 8 11 24 26 13 21 17 17 2
8 3 19 24 21 0 14 15 3 26 25 11 14 1 8
25 16 25 4 7 25 0 19 15 20 11 22 8 21 11
1 12 25 11 2 22 15 0 9 7 15 7 15 21 25
6 1 2 20 7 13 18 19 0 13 12 26 15 12 18
13 12 23 10 2 1 25 2 1 0 15 26 13 24 8
23 2 8 16 6 14 11 26 20 24 0 19 5 22 19
26 23 7 22 7 22 14 6 20 5 24 0 26 15 9
7 7 11 15 16 4 6 22 20 5 2 21 0 8 17
24 2 23 3 2 2 18 19 20 16 10 14 26 0 25
19 14 12 17 6 9 8 9 6 3 26 7 23 11 0

0 14 2 16 19 17 13 2 13 24 17 18 18 7 11
10 0 26 22 9 14 5 10 11 15 17 6 25 21 16
17 13 0 4 19 20 7 21 17 6 19 14 7 17 24
23 26 15 0 25 26 1 15 7 5 2 26 13 7 13
20 11 20 13 0 24 13 11 5 11 6 14 17 20 11
5 12 12 7 21 0 25 7 13 23 9 8 20 21 25
20 12 25 15 19 19 0 8 26 13 20 26 5 22 16
18 20 3 21 20 20 4 0 18 25 12 10 14 14 16
17 9 10 11 20 4 12 6 0 12 16 17 21 5 11
5 10 14 18 7 19 11 6 18 0 3 21 2 12 5
20 6 3 16 11 24 9 15 20 22 0 22 11 3 23
8 25 14 23 11 10 12 11 25 12 4 0 13 15 9
19 26 7 4 5 2 3 11 19 18 17 6 0 8 4
23 7 9 6 7 21 21 9 2 23 21 1 14 0 19
21 6 11 26 4 19 17 11 2 15 26 5 15 24 0

0 22 19 4 24 9 17 15 3 4 19 22 6 8 9
9 0 9 17 23 4 6 6 22 15 13 17 9 19 2
19 2 0 2 17 24 14 20 11 22 24 15 20 11 1
14 17 14 0 21 17 15 23 10 17 14 9 23 4 10
26 9 15 11 0 25 21 11 7 3 6 14 14 3 8
18 5 7 17 2 0 6 3 17 23 4 20 10 1 11
21 7 1 16 26 16 0 15 7 3 21 23 26 14 23
23 7 5 9 24 21 18 0 9 14 8 9 4 4 2
20 25 7 4 20 22 11 2 0 13 9 13 4 2 14
14 20 12 1 9 24 17 6 17 0 12 4 21 16 22
8 6 10 4 20 20 25 17 16 10 0 13 16 17 16
8 22 7 10 7 17 23 3 3 25 1 0 20 1 21
19 7 17 21 18 26 24 12 13 20 19 9 0 11 6
6 22 25 2 13 13 23 3 18 17 12 11 7 0 13
24 17 23 22 22 2 24 22 22 23 15 17 5 20 0

0 7 15 10 18 13 9 16 12 3 14 8 12 25 3
2 0 4 8 25 19 11 9 8 26 15 2 2 17 24
8 19 0 15 20 22 24 10 1 18 24 8 5 15 19
5 1 4 0 3 16 18 3 17 26 6 26 24 25 20
24 12 18 4 0 24 25 5 21 1 21 16 7 23 10
11 10 12 6 25 0 7 8 3 11 8 7 10 9 20
19 6 12 19 22 7 0 18 3 19 4 23 5 26 14
13 12 18 16 2 10 14 0 23 16 25 8 13 8 26
23 11 14 23 7 6 20 15 0 10 17 8 26 24 26
25 1 2 8 20 22 10 4 21 0 17 16 23 16 13
24 10 18 18 5 7 4 14 1 16 0 22 14 26 20
3 15 22 20 8 22 17 20 11 19 20 0 1 16 8
13 11 4 12 3 16 4 4 4 17 19 10 0 26 4
8 8 12 1 7 5 24 2 21 14 26 4 11 0 12
7 23 3 4 20 13 16 6 4 5 11 26 23 6 0

0 7 10 14 1 6 18 3 1 12 9 16 22 14 22
21 0 2 8 14 6 9 16 19 22 12 14 19 21 20
6 4 0 10 26 20 15 1 17 19 18 25 10 11 18
2 20 10 0 1 26 12 8 23 11 18 24 7 6 17
12 10 11 19 0 18 14 13 5 22 5 3 6 21 15
3 18 7 4 18 0 9 18 25 8 14 4 16 11 19
6 13 4 24 20 21 0 12 16 25 10 8 13 19 19
23 22 18 13 13 21 25 0 10 2 16 26 2 15 25
16 24 26 12 25 2 6 23 0 24 9 10 12 7 4
3 6 1 21 14 5 8 7 16 0 8 11 7 12 9
18 25 14 2 5 6 16 22 12 2 0 22 16 26 15
26 10 17 13 24 11 23 23 7 24 1 0 12 24 13
18 20 8 4 7 6 10 20 18 4 17 2 0 18 10
18 4 5 19 14 16 2 13 24 20 10 25 23 0 5
19 6 14 4 4 16 19 14 6 22 2 22 22 1 0
