10 5 3
5    1  0 12    1  2 94    2  3 92  2 92    2  4 91  0 91    1  1 7
5    2  1 19  2 19    2  3 11  2 11    3  4 66  1 66  3 66    2  2 21  0 21    3  0 87  1 87  2 87
5    2  1 14  2 14    2  0 75  1 75    2  3 13  0 13    3  4 16  3 16  0 16    1  2 20
5    2  2 95  3 95    1  4 66    1  0 7    3  3 7  0 7  4 7    3  1 77  4 77  3 77
5    3  1 45  2 45  3 45    1  3 6    1  4 89    2  0 15  1 15    1  2 34
5    3  3 77  2 77  1 77    1  2 20    2  0 76  4 76    3  4 88  1 88  3 88    3  1 53  4 53  0 53
5    3  2 74  1 74  4 74    2  1 88  4 88    3  0 52  1 52  3 52    3  3 27  4 27  2 27    1  4 9
5    1  1 88    2  3 69  0 69    2  0 62  2 62    3  4 98  1 98  0 98    2  2 52  3 52
5    2  2 61  0 61    1  4 9    1  0 62    2  1 52  3 52    2  3 90  2 90
5    2  2 54  0 54    2  4 5  1 5    3  3 59  0 59  4 59    2  1 15  2 15    3  0 88  2 88  4 88

0 1 22 8 25 16 26 22 20 21
4 0 22 15 27 20 7 23 19 18
7 13 0 24 9 25 9 19 10 8
11 13 13 0 4 27 13 24 19 18
9 12 26 13 0 20 10 2 24 19
17 26 24 14 9 0 12 11 17 11
16 27 5 19 6 2 0 15 19 14
25 1 24 6 3 27 13 0 13 24
19 1 19 23 1 7 2 12 0 27
22 3 13 25 10 26 19 11 16 0

0 11 14 13 5 16 6 4 26 13
24 0 27 19 9 8 15 22 9 13
19 25 0 23 25 6 26 12 7 6
18 17 1 0 23 1 25 7 13 23
24 17 24 10 0 10 17 18 7 26
22 5 13 27 17 0 18 14 8 12
8 21 7 18 23 18 0 13 25 10
2 3 24 23 24 6 2 0 2 1
2 21 12 15 26 25 5 24 0 23
17 3 5 11 8 21 1 10 21 0

0 6 12 6 5 14 3 21 16 7
20 0 18 3 17 8 8 13 5 5
7 5 0 5 11 12 25 17 6 25
6 20 27 0 19 2 19 14 21 21
11 2 22 1 0 20 3 10 19 24
27 21 18 26 13 0 1 27 21 10
9 7 6 15 18 6 0 21 18 27
20 27 12 23 26 11 7 0 27 10
7 5 10 14 23 21 13 7 0 3
23 27 16 21 14 5 25 15 27 0

0 18 26 6 15 21 10 19 10 11
26 0 1 23 8 10 15 20 26 12
5 11 0 1 25 24 14 23 9 26
14 8 20 0 10 2 12 7 19 6
24 4 23 8 0 10 1 10 7 27
17 6 7 24 3 0 19 9 1 23
12 1 3 27 19 16 0 11 14 12
10 24 1 26 21 26 19 0 11 5
8 20 12 18 19 2 25 9 0 19
12 20 25 23 6 16 23 4 20 0

0 20 21 16 9 20 2 18 15 5
17 0 4 7 9 22 1 5 6 4
21 6 0 1 4 23 20 3 10 2
8 13 10 0 22 22 21 19 7 6
5 22 27 14 0 2 3 9 1 25
8 16 7 3 10 0 8 12 2 16
6 7 17 4 22 4 0 16 25 18
1 12 19 18 17 7 20 0 16 5
5 16 7 19 20 24 17 14 0 23
3 19 6 10 1 23 23 9 3 0
