15 10 3
10    1  2 34    1  3 55    1  5 95    1  9 16    2  4 21  7 21    1  6 71    1  0 53    1  8 52    1  1 21    1  7 26
10    1  3 39    1  2 31    2  0 12  5 12    1  1 42    1  9 79    1  8 77    2  6 77  5 77    1  5 98    1  4 55    1  7 66
10    1  1 19    2  0 83  9 83    1  3 34    1  4 92    1  6 54    1  9 79    1  8 62    1  5 37    2  2 64  3 64    1  7 43
10    1  4 60    2  2 87  9 87    1  8 24    1  5 77    1  3 69    1  7 38    1  1 87    1  6 41    1  9 83    1  0 93
10    1  8 79    2  9 77  2 77    1  2 98    1  4 96    2  3 17  4 17    1  0 44    1  7 43    1  6 75    2  1 49  8 49    1  5 25
10    2  8 35  7 35    1  7 95    1  6 9    1  9 10    1  2 35    1  1 7    1  5 28    1  4 61    1  0 95    1  3 76
10    1  4 28    1  5 59    1  3 16    1  9 43    1  0 46    1  8 50    1  6 52    1  7 27    1  2 59    1  1 91
10    1  5 9    2  4 20  2 20    1  2 39    1  6 54    1  1 45    1  7 71    1  0 87    1  3 41    1  9 43    1  8 14
10    1  1 28    2  5 33  4 33    1  0 78    1  3 26    1  2 37    1  7 8    1  8 66    1  6 89    1  9 42    1  4 33
10    1  2 94    1  5 84    2  6 78  4 78    1  9 81    1  1 74    1  3 27    1  8 69    1  0 69    1  7 45    1  4 96
10    1  1 31    1  4 24    1  0 20    1  2 17    2  9 25  7 25    1  8 81    1  5 76    1  3 87    1  7 32    1  6 18
10    2  5 28  8 28    1  9 97    1  0 58    1  4 45    1  6 76    1  3 99    1  2 23    1  1 72    1  8 90    1  7 86
10    1  5 27    1  9 48    3  8 27  3 27  2 27    2  7 62  3 62    1  4 98    2  6 67  0 67    1  3 48    1  0 42    1  1 46    2  2 17  1 17
10    1  1 12    1  8 50    1  0 80    1  2 50    1  9 80    1  3 19    2  5 28  0 28    1  6 63    1  4 94    1  7 98
10    2  4 61  9 61    1  3 55    1  6 37    1  5 14    1  2 50    1  8 79    1  1 41    1  9 72    2  7 18  3 18    1  0 75

0 2 13 9 22 2 19 14 25 25 3 13 24 13 8
7 0 22 10 25 22 6 16 19 18 1 1 3 7 9
23 7 0 6 21 15 15 14 19 24 17 1 7 13 12
5 11 24 0 2 2 26 10 19 25 25 23 15 5 18
12 16 20 17 0 26 16 15 17 3 5 5 11 17 12
17 8 21 1 20 0 1 26 11 18 17 2 24 7 18
19 8 19 23 22 18 0 21 10 4 21 19 9 17 22
11 25 22 19 2 23 14 0 5 26 1 22 15 10 20
22 14 1 10 12 6 17 2 0 8 1 13 7 5 13
4 19 19 10 19 8 24 22 14 0 12 5 20 3 2
18 1 1 19 15 16 2 22 1 7 0 1 16 6 20
26 5 8 8 20 4 19 23 2 1 23 0 25 23 17
8 4 3 19 21 9 4 9 12 14 21 6 0 9 1
23 22 12 9 26 23 26 11 4 5 20 19 8 0 1
21 7 2 19 3 2 25 24 21 18 21 17 26 13 0

0 9 10 20 16 13 15 21 12 26 8 2 23 5 4
10 0 1 4 9 10 7 4 5 9 12 14 13 21 18
18 5 0 11 5 17 24 13 9 9 5 23 4 3 21
8 19 3 0 7 24 8 5 23 7 4 15 15 12 24
17 16 1 11 0 24 20 11 6 18 24 5 18 8 20
20 22 26 21 12 0 2 23 3 26 21 11 11 11 4
19 12 25 22 23 2 0 23 26 16 5 12 15 11 21
23 12 25 16 19 12 13 0 15 14 16 9 16 5 18
1 19 24 2 3 14 21 16 0 13 13 25 20 16 16
1 5 26 17 18 1 17 8 25 0 12 21 17 14 22
25 19 24 4 14 24 26 3 2 21 0 13 19 1 2
19 18 23 21 2 12 12 7 1 25 16 0 16 13 25
22 23 10 4 26 6 3 17 9 25 19 26 0 26 10
26 10 14 20 7 13 15 13 14 11 22 11 14 0 24
2 26 10 22 17 8 1 20 4 9 6 13 3 12 0

0 9 13 12 22 5 5 19 20 5 13 6 26 24 4
3 0 22 3 14 20 22 18 18 13 20 6 9 17 3
23 17 0 24 4 20 19 15 15 15 14 16 6 6 19
19 18 16 0 18 26 8 8 8 14 24 26 25 25 9
1 19 11 17 0 5 25 3 14 18 17 7 20 19 24
11 19 10 12 11 0 5 22 24 21 18 2 15 4 15
3 10 14 17 5 21 0 14 8 6 9 3 9 11 16
16 26 20 22 10 9 22 0 6 23 2 9 22 11 10
15 1 16 8 24 23 11 20 0 26 15 9 1 15 7
12 13 8 6 26 22 9 20 6 0 1 17 17 22 15
5 18 22 23 14 20 6 15 20 22 0 16 18 8 26
10 4 19 17 6 12 6 16 25 16 16 0 12 13 14
4 15 4 21 10 25 11 18 9 17 10 20 0 20 9
21 23 5 22 11 3 11 5 21 24 14 26 15 0 11
6 4 20 18 8 3 20 18 19 24 5 13 1 25 0

0 24 23 2 20 23 19 14 5 26 22 25 15 23 6
5 0 20 17 9 6 23 15 24 18 22 5 10 24 24
25 15 0 5 16 26 22 22 1 17 6 1 1 24 9
17 5 2 0 20 17 24 18 9 23 14 19 23 23 12
8 21 26 21 0 15 2 12 6 13 24 12 11 7 4
25 1 18 19 19 0 13 9 23 5 24 16 1 23 2
1 7 25 9 12 10 0 4 23 8 24 22 3 1 5
3 11 23 11 25 2 11 0 13 2 13 2 12 17 20
2 11 25 21 23 2 19 12 0 21 10 2 1 1 17
15 11 7 23 4 14 10 8 4 0 12 13 6 9 25
1 1 22 10 26 10 13 10 15 23 0 3 11 1 11
24 1 21 10 17 7 6 14 15 2 22 0 8 3 26
12 26 4 8 14 8 23 9 12 19 8 11 0 24 22
14 19 17 14 3 12 16 11 11 4 6 9 4 0 23
9 19 24 8 11 25 8 2 8 12 26 3 19 3 0

0 21 1 17 13 24 10 9 19 22 3 22 13 21 19
6 0 14 1 7 2 11 14 4 3 11 7 9 9 8
19 4 0 3 24 7 15 15 1 7 20 15 14 16 19
10 18 11 0 17 22 10 12 24 11 2 24 14 25 8
17 11 26 14 0 20 15 6 20 15 23 8 13 9 4
25 2 24 7 14 0 19 10 22 24 25 5 1 7 15
10 4 1 26 15 26 0 3 10 7 1 16 10 15 15
3 24 9 2 10 18 3 0 25 17 18 16 2 10 19
20 1 24 3 5 3 21 15 0 11 5 23 16 2 15
13 2 26 15 3 19 17 7 14 0 19 5 24 25 22
10 20 22 24 14 3 10 21 12 8 0 8 7 20 24
15 17 5 23 20 20 3 12 24 6 9 0 9 5 5
23 6 1 26 15 4 4 21 21 26 19 24 0 9 26
15 19 24 12 11 17 17 6 7 11 22 22 5 0 4
21 16 8 12 8 20 4 14 9 8 16 24 26 16 0

0 11 13 16 10 14 5 14 8 25 24 18 16 18 2
9 0 18 1 10 11 7 8 8 1 24 19 16 2 11
14 5 0 14 9 10 20 16 26 4 22 14 11 14 24
12 24 1 0 13 7 10 21 19 6 13 26 25 7 4
10 18 23 23 0 24 12 19 20 5 20 23 22 4 18
11 22 3 11 5 0 21 25 19 9 9 21 15 24 4
11 11 9 22 7 23 0 24 16 3 8 9 12 13 14
21 3 14 3 23 13 4 0 24 22 11 15 5 6 5
13 21 4 6 7 9 1 15 0 24 8 11 24 4 25
4 22 13 5 15 11 22 22 22 0 23 21 5 23 3
5 14 17 22 7 1 3 21 16 20 0 14 19 5 11
11 11 10 18 12 6 21 21 5 18 9 0 16 6 17
19 22 26 24 8 5 23 5 13 15 12 24 0 13 21
14 21 4 15 23 5 2 6 24 15 1 8 8 0 11
10 12 13 6 21 1 22 7 10 14 23 20 16 10 0

0 20 26 1 20 26 4 8 22 8 8 10 6 26 7
4 0 19 17 18 11 23 14 26 18 15 13 20 24 24
14 14 0 25 4 4 23 10 18 12 14 2 13 12 7
23 18 18 0 21 21 6 24 25 2 9 23 6 1 8
24 10 4 10 0 2 1 21 23 25 9 15 5 8 22
14 5 26 23 24 0 20 22 13 9 23 20 20 1 21
21 26 20 26 10 15 0 5 22 22 9 25 22 26 9
24 6 12 10 11 5 21 0 3 18 10 8 22 22 11
14 20 13 25 1 11 1 4 0 9 1 20 20 21 23
16 3 22 5 14 6 13 14 19 0 18 1 23 23 20
1 7 13 20 12 23 14 4 26 5 0 8 19 14 2
8 8 12 4 17 20 12 26 4 18 26 0 16 2 1
23 20 6 6 18 21 9 5 1 16 21 8 0 6 11
20 7 9 8 11 6 15 22 3 2 3 1 7 0 8
18 13 18 1 12 11 26 5 15 16 24 8 4 5 0

0 23 1 1 2 4 10 10 8 14 26 13 23 26 12
1 0 17 4 26 18 18 9 2 21 21 20 21 19 7
5 1 0 4 7 2 16 4 23 18 4 2 15 13 6
20 24 14 0 18 11 15 9 9 21 19 2 12 23 24
22 8 15 23 0 3 3 25 16 24 12 13 5 6 14
11 5 19 14 6 0 2 6 3 22 15 17 11 6 26
12 12 4 11 20 26 0 13 11 1 22 1 10 9 12
23 24 11 20 23 22 16 0 6 11 8 17 3 13 18
3 5 6 20 4 24 10 16 0 17 23 14 22 13 9
12 11 21 8 14 17 1 20 3 0 10 9 19 24 17
16 20 5 9 4 10 25 25 14 12 0 6 9 15 19
13 25 21 15 26 8 25 13 9 7 26 0 12 19 19
18 10 2 21 16 25 4 10 7 3 15 4 0 11 15
26 21 20 9 17 7 5 22 15 20 18 7 15 0 24
8 9 1 9 13 21 19 1 22 13 11 25 21 16 0

0 7 10 21 9 11 17 12 3 24 25 25 12 4 23
12 0 26 8 3 1 6 26 19 9 13 22 15 22 5
11 17 0 24 21 11 8 6 16 24 22 22 7 16 18
16 22 12 0 15 15 5 23 13 24 21 1 14 19 1
6 14 3 6 0 25 21 9 7 13 9 21 16 14 4
14 22 23 24 4 0 20 25 1 5 10 6 18 10 19
6 22 5 26 20 7 0 18 14 4 9 10 4 18 1
10 2 9 8 9 9 7 0 14 7 9 17 6 25 1
20 3 1 22 12 11 6 16 0 23 8 8 3 14 13
12 17 22 10 19 3 26 1 18 0 20 18 11 11 2
2 5 12 25 13 3 11 23 22 11 0 25 5 11 14
18 3 5 10 5 18 6 4 11 18 2 0 16 25 1
19 20 9 24 25 7 17 21 2 21 7 19 0 14 3
21 23 26 24 15 7 11 12 3 2 12 3 26 0 18
11 26 10 20 7 9 26 5 13 20 20 1 6 20 0

0 14 3 2 3 15 16 19 11 17 3 10 22 9 10
16 0 10 10 12 22 14 19 23 20 22 23 10 24 17
12 13 0 21 4 19 24 3 9 4 6 25 3 19 13
20 1 12 0 7 22 26 20 12 1 6 20 10 15 25
12 17 1 5 0 4 5 24 16 6 10 10 17 5 2
21 1 8 23 16 0 22 16 1 17 1 18 3 13 7
15 17 15 1 9 6 0 12 13 25 6 10 11 15 10
7 7 23 8 8 23 18 0 20 7 9 11 6 11 1
5 6 23 26 14 17 25 15 0 8 19 14 4 6 16
18 21 4 12 19 5 5 9 3 0 12 22 5 19 15
19 18 17 17 2 17 16 8 11 16 0 18 1 17 8
10 26 13 6 20 24 10 22 9 2 5 0 7 8 5
13 12 13 7 8 11 4 16 26 21 6 20 0 10 10
11 1 8 22 14 19 22 11 22 19 20 12 13 0 13
3 21 5 14 3 20 4 11 17 18 8 7 16 18 0
