10 5 4
5    3  0 12  1 12  2 12    3  0 94  1 94  2 94    1  3 92    2  3 91  4 91    1  1 7
5    3  0 19  1 19  4 19    3  0 11  2 11  3 11    3  0 66  1 66  4 66    2  1 21  2 21    1  0 87
5    3  1 14  2 14  4 14    3  0 75  1 75  2 75    1  3 13    3  0 16  2 16  4 16    2  2 20  3 20
5    2  2 95  4 95    2  3 66  4 66    2  0 7  3 7    2  2 7  3 7    4  0 77  1 77  2 77  4 77
5    3  0 45  1 45  3 45    2  2 6  3 6    3  0 89  3 89  4 89    2  0 15  1 15    1  2 34
5    2  3 77  4 77    4  0 20  1 20  2 20  3 20    2  0 76  2 76    1  4 88    1  1 53
5    3  0 74  1 74  2 74    2  1 88  4 88    3  0 52  1 52  2 52    3  2 27  3 27  4 27    3  1 9  2 9  4 9
5    3  1 88  3 88  4 88    4  0 69  2 69  3 69  4 69    2  0 62  3 62    2  1 98  4 98    2  2 52  4 52
5    3  0 61  2 61  3 61    3  2 9  3 9  4 9    1  0 62    2  1 52  3 52    2  2 90  3 90
5    3  1 54  2 54  3 54    3  0 5  2 5  4 5    2  1 59  3 59    4  0 15  1 15  2 15  4 15    2  0 88  2 88

0 2 18 10 19 11 2 15 3 7
9 0 5 6 21 10 1 22 10 2
9 1 0 21 19 9 20 5 2 17
1 23 22 0 7 16 5 5 12 13
24 4 19 11 0 7 3 2 22 5
19 9 23 24 17 0 24 11 14 23
8 22 24 23 15 14 0 24 23 19
20 8 4 1 17 21 12 0 4 2
21 3 8 16 20 2 4 9 0 7
8 14 7 14 14 22 2 13 19 0

0 1 21 8 8 11 7 5 19 3
14 0 6 8 6 18 23 11 7 12
11 3 0 24 24 3 21 14 1 21
8 5 16 0 11 8 20 7 22 8
3 1 6 9 0 7 2 7 21 22
3 21 9 10 18 0 6 13 8 2
14 21 2 3 18 20 0 19 8 24
22 21 11 1 11 8 12 0 13 20
12 15 21 5 8 2 19 4 0 8
4 1 12 23 19 2 14 22 13 0

0 4 1 2 23 16 16 21 3 24
13 0 17 10 16 12 4 9 17 8
9 8 0 23 17 20 8 13 16 3
8 14 18 0 12 18 17 11 14 1
14 1 8 8 0 2 20 14 2 2
18 9 16 7 5 0 8 6 2 18
11 14 15 9 18 23 0 12 5 22
19 24 8 2 11 15 9 0 2 14
8 16 14 14 17 18 24 9 0 23
3 17 9 21 6 12 2 1 14 0

0 8 21 14 24 12 13 24 13 21
1 0 3 19 1 4 11 6 5 2
1 23 0 7 8 9 19 17 5 17
7 4 2 0 20 5 5 19 11 11
22 7 17 22 0 3 21 18 17 2
24 3 18 10 13 0 5 22 6 24
16 18 16 1 17 24 0 4 5 12
12 15 3 2 17 5 17 0 10 24
17 15 14 7 10 12 24 6 0 10
8 5 19 20 13 21 24 7 7 0

0 17 16 23 2 2 16 12 17 6
20 0 21 17 11 4 24 14 4 21
22 8 0 22 16 20 23 11 9 10
9 19 2 0 10 18 2 7 10 1
16 15 3 10 0 16 22 5 14 22
24 20 4 4 13 0 14 21 8 7
8 17 21 2 23 8 0 10 13 18
6 15 18 7 11 16 21 0 18 7
13 3 17 22 17 7 23 11 0 23
22 20 7 2 7 9 20 3 23 0
