15 5 3
5    1  1 58    1  2 44    2  3 5  2 5    2  0 9  1 9    2  4 58  0 58
5    1  1 89    3  0 97  4 97  1 97    3  4 96  3 96  0 96    3  3 77  1 77  2 77    2  2 84  4 84
5    2  0 77  1 77    2  1 87  0 87    3  2 81  3 81  0 81    1  4 39    2  3 85  1 85
5    1  3 57    3  1 21  3 21  0 21    2  2 31  3 31    3  0 15  3 15  4 15    1  4 73
5    3  2 48  3 48  4 48    1  0 40    2  1 49  0 49    1  3 70    1  4 71
5    3  3 34  2 34  1 34    1  4 82    2  2 80  4 80    3  0 10  1 10  4 10    1  1 22
5    3  1 91  4 91  0 91    3  4 75  1 75  2 75    2  0 55  2 55    1  2 17    3  3 7  1 7  2 7
5    2  2 62  1 62    1  3 47    2  1 72  0 72    2  4 35  0 35    2  0 11  4 11
5    2  0 64  3 64    3  3 75  2 75  0 75    1  4 50    1  1 90    2  2 94  1 94
5    2  2 67  4 67    3  4 20  2 20  0 20    2  3 15  1 15    3  0 12  3 12  4 12    2  1 71  2 71
5    3  0 52  2 52  4 52    2  4 93  0 93    2  3 68  0 68    3  2 29  1 29  4 29    1  1 57
5    2  2 70  0 70    2  0 58  1 58    2  1 93  2 93    2  4 7  3 7    2  3 77  1 77
5    2  3 27  2 27    1  2 82    1  1 63    1  4 6    3  0 95  2 95  4 95
5    2  1 87  0 87    1  2 56    2  4 36  1 36    3  0 26  2 26  4 26    2  3 48  1 48
5    2  3 76  2 76    1  2 36    1  0 36    3  4 15  1 15  0 15    1  1 8

0 14 4 17 21 9 5 21 26 18 7 25 8 21 19
3 0 25 1 25 2 16 6 23 8 2 20 6 2 23
25 17 0 5 9 18 2 10 18 18 16 9 23 24 9
24 18 13 0 18 6 11 4 20 11 25 9 15 4 6
8 1 13 20 0 14 12 1 14 10 24 21 27 22 13
19 12 8 20 25 0 8 1 23 3 7 10 24 26 21
19 14 21 10 21 9 0 9 18 8 22 1 21 18 5
21 9 24 11 10 26 22 0 8 17 8 8 19 6 5
20 27 10 26 9 26 6 6 0 21 26 10 9 5 16
26 13 21 4 13 26 20 4 12 0 10 22 26 13 15
19 2 20 27 27 1 15 6 24 2 0 17 15 17 9
2 11 2 1 22 10 4 4 19 9 19 0 27 8 16
8 14 24 9 2 24 22 13 3 4 21 12 0 25 15
26 26 6 18 17 20 14 19 10 15 5 18 16 0 21
19 25 25 16 18 7 22 17 10 10 6 15 20 5 0

0 18 1 9 19 16 18 15 1 15 18 24 27 14 17
2 0 14 3 18 4 24 6 21 24 27 24 18 27 23
20 21 0 2 6 22 20 27 9 3 2 5 7 5 18
27 3 1 0 20 11 10 16 25 26 26 3 10 9 6
9 14 22 10 0 18 5 13 5 3 23 27 3 19 6
18 17 4 7 1 0 22 13 10 20 11 15 19 14 2
14 11 19 18 15 18 0 14 14 20 20 26 21 19 12
8 24 22 6 25 21 6 0 27 9 2 7 8 7 25
10 6 9 13 26 16 23 1 0 13 25 14 3 1 21
15 26 6 14 26 6 12 18 19 0 4 27 11 9 5
2 8 20 19 26 1 3 7 2 7 0 3 18 3 10
15 16 4 6 10 20 26 10 2 14 22 0 20 23 12
22 27 5 21 18 7 11 6 20 14 20 7 0 18 15
1 7 24 20 14 1 23 15 11 14 3 19 14 0 20
22 27 7 13 27 23 2 11 12 17 8 11 8 5 0

0 11 15 17 2 7 10 7 18 25 20 1 16 15 21
9 0 1 8 23 18 7 4 25 1 26 27 14 16 10
15 9 0 1 15 17 15 20 22 24 22 12 5 27 24
2 1 23 0 24 8 17 3 16 15 1 27 24 23 27
8 14 7 13 0 13 3 22 10 2 21 24 15 6 19
27 10 3 21 18 0 10 5 21 18 12 20 11 20 13
23 8 24 6 22 3 0 25 18 20 27 11 8 7 19
12 26 6 12 7 17 24 0 3 9 26 25 24 1 23
5 25 15 9 16 1 19 5 0 16 21 11 8 2 4
14 10 1 21 7 26 21 12 17 0 20 5 1 13 7
9 20 21 2 2 26 18 23 4 12 0 16 27 7 5
14 6 9 26 1 26 16 13 18 23 14 0 5 1 2
3 20 25 5 14 8 27 23 1 15 6 22 0 13 13
5 22 15 7 20 26 22 15 20 5 14 3 17 0 3
25 9 9 26 13 16 19 26 27 9 19 2 18 12 0

0 22 1 12 15 19 5 27 7 21 25 11 23 19 25
4 0 2 10 17 19 11 22 18 24 2 19 22 7 16
5 23 0 24 20 18 18 20 16 11 15 22 18 5 6
8 22 12 0 12 7 26 25 6 24 19 27 10 22 25
18 25 11 20 0 20 5 26 16 25 21 27 11 16 26
24 2 6 15 4 0 7 19 16 10 2 8 12 4 21
10 23 27 18 1 1 0 18 26 4 8 22 20 5 22
8 7 14 5 20 22 11 0 5 18 9 14 22 7 13
1 2 2 14 8 19 1 7 0 20 10 21 14 12 23
15 10 12 11 10 4 10 27 6 0 14 16 7 21 24
9 3 22 3 25 2 25 5 4 10 0 5 6 10 6
14 22 8 5 8 14 11 18 12 27 14 0 5 17 19
18 24 17 18 19 27 19 24 22 14 2 2 0 18 17
20 3 5 24 10 19 16 18 4 13 16 7 2 0 8
6 27 8 22 6 7 20 25 17 19 20 23 19 25 0

0 18 24 6 5 2 19 21 27 13 19 14 3 27 26
9 0 10 16 9 8 10 26 26 25 8 8 1 26 16
26 18 0 17 9 19 4 16 9 24 8 3 16 17 7
16 13 1 0 5 11 11 4 3 18 19 26 18 24 23
24 23 7 25 0 18 13 1 22 14 26 16 4 9 11
2 11 10 7 19 0 7 7 22 19 6 24 2 20 4
27 20 26 9 25 24 0 20 16 25 6 1 2 12 4
14 7 1 1 3 4 20 0 4 2 6 6 20 11 2
20 1 16 27 11 11 8 13 0 27 24 22 18 16 7
17 27 19 25 16 16 21 7 17 0 17 2 21 14 3
1 15 23 19 23 22 25 21 17 19 0 24 17 22 3
8 20 7 3 9 6 3 22 20 22 19 0 15 10 13
7 13 8 14 27 11 16 7 26 18 3 10 0 20 3
26 1 10 24 27 10 7 26 8 23 23 23 9 0 12
16 14 10 4 10 23 18 26 4 17 19 25 21 9 0
