15 8 6
15    2  1 30  3 32    4  0 62  1 62  2 65  6 67    2  1 34  2 30    3  0 79  1 80  3 77    1  7 25    3  0 64  3 66  5 64    1  1 37    2  0 16  7 12    5  0 56  1 60  4 61  6 65  7 60    3  1 90  3 90  7 92    5  1 38  2 44  4 42  6 42  7 43    1  4 89    2  5 65  7 60    4  0 43  1 44  3 50  5 45    2  5 91  7 88
20    3  1 71  6 71  7 75    1  1 29    1  7 89    2  0 16  1 16    4  1 24  5 22  6 25  7 27    2  2 91  3 82    3  0 24  2 24  6 25    3  2 75  6 76  7 77    1  3 36    4  1 67  3 65  5 71  6 67    1  4 49    3  0 58  3 55  5 53    3  2 40  4 40  7 40    4  0 45  1 50  4 50  6 54    1  4 72    2  2 76  3 75    2  2 77  4 79    3  0 77  3 81  4 80    4  1 41  4 42  5 43  6 41    4  0 99  1 94  4 92  6 92
23    1  7 69    5  0 27  1 27  4 27  5 27  7 26    3  1 85  4 86  5 84    4  0 71  1 76  5 71  7 66    5  0 50  1 42  2 45  5 45  7 45    2  3 60  7 60    1  1 55    2  1 37  3 33    2  4 93  7 91    5  0 36  2 35  3 36  5 41  6 36    1  4 58    3  1 69  5 67  6 67    1  3 65    2  0 59  5 60    1  3 29    2  0 26  1 22    3  1 39  4 37  6 37    5  1 71  2 74  3 67  4 71  7 74    4  0 74  1 79  4 78  5 76    1  6 69    4  0 61  1 64  3 67  6 62    4  1 47  3 43  4 41  6 45    2  0 56  2 55
18    3  2 59  4 59  7 62    1  3 68    2  0 90  5 90    3  2 34  3 31  4 33    1  6 62    1  4 22    2  0 62  4 66    2  1 36  7 32    1  5 96    3  1 34  2 38  6 33    3  0 83  3 79  4 78    2  2 42  5 42    4  3 57  4 67  5 62  6 59    2  1 91  4 91    1  0 66    2  0 87  2 87    2  0 42  3 44    3  0 30  3 37  4 36
21    3  1 59  2 54  5 53    4  1 88  2 88  3 88  4 91    4  0 41  1 41  3 36  6 39    3  2 82  6 78  7 81    2  2 40  6 45    3  1 90  3 93  6 89    1  0 59    1  1 94    2  5 41  7 46    2  2 31  3 32    4  1 58  2 59  5 56  7 55    3  4 92  6 94  7 88    3  0 72  4 67  6 67    5  2 65  3 62  4 59  5 58  7 60    3  3 93  4 93  6 97    1  4 39    2  1 95  4 95    3  0 67  5 70  6 66    3  4 80  5 84  6 80    4  0 68  4 70  5 68  7 67    3  1 20  4 21  6 21
15    1  4 30    5  0 33  2 28  3 31  4 29  5 32    1  6 24    1  6 100    3  0 86  2 84  7 86    1  7 67    3  0 20  3 21  5 20    4  0 83  1 85  3 79  5 80    1  6 39    2  4 67  7 74    2  0 39  4 43    3  1 97  2 97  3 95    3  0 29  5 26  6 30    3  3 31  6 35  7 35    3  2 87  4 87  7 86
17    4  0 72  4 72  5 77  7 70    2  6 84  7 86    1  1 54    1  6 37    1  1 52    2  2 59  5 62    4  0 55  2 61  3 58  7 58    2  3 96  4 93    2  2 74  7 71    2  0 77  3 80    2  6 20  7 14    1  2 34    1  7 54    3  1 53  3 58  7 52    4  0 24  4 21  5 20  6 23    3  0 57  5 55  6 58    1  7 84
25    4  3 47  4 48  5 48  7 47    4  0 71  2 67  5 74  6 71    3  2 30  5 35  7 38    2  1 48  4 48    2  1 51  3 51    4  3 43  4 38  5 39  6 36    3  1 72  3 73  6 73    1  2 38    1  2 69    1  3 62    2  2 40  7 36    1  6 18    2  2 30  5 33    1  4 48    1  0 92    2  1 57  4 58    1  7 38    5  0 63  1 67  2 66  4 70  7 67    4  2 23  5 26  6 29  7 21    1  1 32    1  3 62    1  0 58    3  0 62  3 62  5 62    1  7 42    2  6 43  7 44
23    2  0 79  6 80    3  0 46  6 43  7 43    1  7 78    1  2 51    3  2 72  4 73  6 76    2  0 39  7 42    6  0 76  1 77  2 78  3 75  4 79  6 72    2  5 45  6 48    1  2 80    2  3 44  7 42    1  6 18    4  0 61  1 62  2 60  5 62    2  2 99  7 93    1  4 25    1  7 38    4  0 94  1 94  3 95  7 90    3  2 82  3 80  4 81    1  5 44    2  5 81  7 77    1  6 43    3  2 58  5 58  7 58    5  0 56  2 56  3 58  4 61  7 57    2  5 29  7 33
19    1  2 63    2  5 52  6 52    1  5 92    4  1 34  3 33  4 35  5 34    3  4 77  6 80  7 73    2  2 44  7 44    3  1 32  2 30  4 30    3  0 42  3 37  6 37    3  2 73  3 82  6 74    1  3 75    1  6 60    4  0 74  1 73  6 77  7 76    4  0 28  2 26  4 27  6 31    2  5 47  6 54    3  0 13  1 18  2 19    2  5 41  6 37    2  0 26  4 21    3  2 72  6 79  7 78    1  5 85
19    2  1 63  4 60    2  3 90  5 93    2  2 54  5 53    2  0 80  3 79    1  6 60    2  2 63  3 56    3  4 89  6 89  7 87    2  1 52  6 47    1  2 79    2  5 66  7 63    3  0 44  3 44  7 47    1  0 91    2  0 82  7 86    1  5 36    1  3 72    1  6 14    4  0 59  1 59  2 52  6 59    3  3 19  4 22  6 15    3  0 60  1 60  5 60
21    1  7 22    2  4 85  7 84    2  1 23  6 23    1  1 83    2  1 50  7 48    2  3 49  7 55    2  0 65  4 57    3  0 21  5 20  7 21    4  2 64  3 64  6 64  7 65    1  6 71    3  1 46  6 47  7 46    2  2 44  4 47    1  3 42    2  0 17  7 20    3  3 75  5 80  7 80    3  5 16  6 16  7 16    1  3 97    1  3 29    4  0 81  3 83  6 80  7 81    2  1 39  5 38    4  2 38  3 46  5 47  6 47
16    4  4 40  5 50  6 45  7 49    4  0 55  3 51  5 47  6 49    2  0 58  2 58    3  1 54  5 52  6 54    4  1 29  4 33  5 30  7 35    3  0 94  1 88  6 92    4  0 86  1 88  2 91  6 85    2  5 44  6 43    1  1 58    1  5 84    1  6 94    4  1 82  2 88  4 83  5 87    3  4 86  6 86  7 86    3  0 53  6 54  7 57    1  7 14    3  0 87  1 89  7 91
16    1  3 64    2  0 71  6 72    5  1 91  2 91  3 93  4 91  6 91    5  0 47  1 44  3 46  5 43  7 41    3  1 48  4 52  6 49    1  7 62    5  0 27  1 27  3 23  4 31  5 23    4  0 90  2 90  4 86  6 91    3  2 16  3 18  5 16    4  1 17  4 20  6 17  7 13    3  1 68  3 66  5 69    2  0 60  7 60    2  0 38  6 41    3  1 68  2 64  6 68    4  2 73  3 77  6 73  7 75    1  4 51
25    1  6 23    2  2 54  3 47    4  0 73  2 73  3 70  4 69    4  0 28  1 25  4 28  6 28    1  4 37    2  0 16  2 15    5  0 48  1 51  4 45  5 45  6 47    3  2 27  3 22  5 23    4  3 66  4 74  5 70  6 70    1  6 33    4  2 88  4 88  5 88  6 88    2  1 17  4 19    2  4 53  7 53    1  0 54    2  1 78  6 78    1  0 78    1  1 74    3  0 85  1 86  5 85    4  0 41  2 39  4 36  5 38    1  0 58    1  5 25    2  0 48  3 48    2  0 39  2 34    3  0 46  3 50  4 42    3  0 32  3 32  5 34

0 9 17 27 22 11 9 28 12 10 27 18 12 27 7
22 0 16 24 24 20 23 10 16 6 16 4 18 9 3
27 9 0 25 9 25 27 16 10 9 28 21 10 11 3
8 16 26 0 9 26 9 6 8 4 6 8 5 20 5
5 22 7 23 0 9 22 5 18 5 21 28 4 8 28
5 3 23 7 14 0 5 28 19 6 26 12 27 20 26
23 8 26 8 15 12 0 12 4 5 10 23 9 20 6
4 25 27 9 1 12 23 0 14 20 19 10 8 22 12
17 20 1 20 17 16 10 23 0 1 18 26 11 28 22
25 2 13 8 15 13 25 25 4 0 18 26 14 5 22
3 24 14 23 25 12 2 17 23 8 0 10 2 10 26
27 9 3 3 8 4 16 9 21 20 19 0 17 4 15
1 16 27 14 25 24 9 16 24 13 1 19 0 8 15
7 6 16 21 25 6 9 27 22 27 25 8 6 0 5
17 9 22 17 22 11 22 13 8 23 17 6 1 13 0

0 16 17 27 4 14 23 11 18 20 11 1 14 24 28
24 0 10 25 12 23 20 26 2 26 14 18 28 17 9
11 16 0 1 12 22 16 11 7 19 23 5 16 17 7
8 26 21 0 1 16 14 17 2 25 20 28 7 8 7
22 4 13 5 0 23 13 23 8 23 20 18 1 8 27
15 16 14 15 25 0 24 19 23 13 16 2 4 21 11
2 24 26 6 8 5 0 23 5 12 18 19 23 20 1
2 20 1 27 14 4 4 0 27 18 16 11 8 23 3
2 22 8 17 26 25 22 4 0 6 10 24 24 3 20
7 10 10 25 21 3 3 1 20 0 27 28 20 12 26
24 4 7 12 21 5 11 10 16 27 0 2 2 27 11
8 17 6 5 18 16 26 12 21 6 15 0 5 16 3
9 1 27 21 24 19 27 7 18 2 22 2 0 3 28
2 9 4 7 24 15 23 2 16 3 2 14 1 0 1
14 11 3 9 3 18 28 19 6 14 6 28 8 18 0

0 25 2 14 13 2 19 13 12 22 24 12 4 12 6
19 0 27 15 16 20 26 18 22 12 4 23 4 3 12
17 14 0 28 15 7 5 18 19 24 17 25 25 16 18
22 5 24 0 6 10 28 4 17 3 17 26 17 11 6
13 2 16 5 0 15 10 2 15 16 3 7 5 28 19
11 3 15 22 26 0 28 26 6 7 16 13 10 11 24
2 10 19 20 18 16 0 9 24 18 19 3 20 14 3
1 17 10 26 15 27 3 0 9 10 13 8 21 3 16
21 7 26 11 8 25 15 7 0 8 11 15 27 9 1
19 8 8 14 17 9 22 12 21 0 1 17 25 27 17
19 22 22 11 10 4 24 12 5 7 0 15 6 25 22
26 26 4 23 10 23 17 14 24 7 19 0 16 16 19
13 5 9 12 19 27 22 21 12 9 8 4 0 23 10
6 16 28 27 11 6 21 13 9 20 18 12 5 0 24
4 12 17 21 25 13 11 18 13 7 21 18 14 4 0

0 25 5 23 18 23 21 19 7 28 28 23 21 21 9
27 0 10 1 8 25 24 3 22 26 1 14 19 21 20
24 18 0 17 17 12 4 5 5 27 7 28 1 16 3
21 11 9 0 28 6 13 27 10 4 3 3 27 10 20
7 12 28 3 0 23 4 17 9 24 7 24 9 19 3
20 17 16 4 9 0 6 15 15 2 22 23 1 16 11
23 22 1 19 5 26 0 24 19 21 20 20 2 11 25
26 14 12 4 17 5 9 0 8 11 22 2 13 4 24
18 17 5 15 21 9 9 19 0 5 22 21 2 20 9
2 6 23 25 10 5 9 1 5 0 4 6 8 21 9
14 26 3 15 16 28 28 7 21 17 0 14 2 23 17
10 18 1 6 20 18 24 20 6 15 5 0 11 19 17
16 24 15 14 17 3 9 22 5 21 7 28 0 16 23
8 2 21 25 8 27 9 21 20 13 10 20 8 0 4
16 25 28 21 18 6 11 10 17 20 20 15 10 9 0

0 2 25 17 10 4 23 1 5 6 15 22 15 10 22
19 0 9 22 25 11 11 28 25 11 12 21 10 15 10
8 11 0 25 1 6 18 12 23 21 19 27 22 25 28
3 27 24 0 16 18 23 1 23 7 11 27 10 22 16
10 5 15 11 0 10 6 6 4 21 4 5 6 2 16
5 13 19 5 27 0 25 9 12 26 9 1 6 19 10
18 28 14 6 25 10 0 6 11 23 6 2 3 23 22
1 11 16 17 24 25 1 0 13 28 22 26 20 15 25
22 1 2 28 7 25 25 11 0 9 15 22 20 2 1
27 13 13 16 23 1 17 18 17 0 12 15 1 24 3
4 28 7 4 6 16 2 22 6 15 0 2 21 6 19
18 28 6 8 10 16 9 26 21 6 17 0 18 2 11
21 14 4 13 7 12 18 22 21 20 9 5 0 25 21
18 19 28 13 23 20 14 27 21 4 16 21 16 0 27
11 6 8 27 20 27 21 23 27 15 7 22 2 15 0

0 16 28 6 16 19 24 28 13 1 28 4 10 5 17
1 0 25 10 7 25 3 5 22 7 10 14 28 9 12
13 26 0 13 11 27 7 21 20 10 5 28 27 3 1
20 14 28 0 16 21 12 9 24 25 20 9 17 28 2
2 10 23 6 0 25 26 9 13 7 11 9 2 9 16
15 14 21 20 5 0 9 15 26 10 4 18 11 21 17
4 4 10 20 20 23 0 24 28 6 15 5 16 24 2
11 18 19 7 26 24 10 0 8 14 8 25 17 15 13
25 26 24 11 25 18 25 19 0 4 17 2 18 2 5
17 10 5 18 22 11 17 5 17 0 3 21 10 23 2
22 24 27 15 4 1 24 3 8 7 0 10 27 25 10
10 19 21 28 5 21 16 26 3 1 11 0 15 21 5
1 8 26 26 8 5 14 23 22 14 18 23 0 11 11
24 1 8 10 2 3 5 4 12 9 16 1 2 0 23
22 8 27 27 24 24 4 21 20 21 19 16 6 7 0

0 23 7 9 6 5 16 2 9 14 23 16 25 11 6
24 0 1 28 9 20 22 10 1 24 25 21 14 18 3
18 9 0 20 1 17 10 28 12 10 10 5 6 20 22
1 2 3 0 5 9 12 1 15 22 17 16 28 3 15
12 20 13 20 0 19 28 8 20 24 28 7 21 26 19
7 4 4 24 24 0 3 3 18 17 20 6 18 15 2
18 27 19 23 8 4 0 23 5 26 14 24 4 14 20
21 1 7 8 9 17 15 0 10 23 17 24 18 16 21
3 13 20 9 11 13 19 10 0 9 10 9 11 7 11
6 11 19 26 13 7 10 17 24 0 5 10 13 3 4
23 17 25 23 7 21 1 20 1 2 0 1 13 6 21
27 3 2 28 12 11 13 3 18 25 16 0 5 18 2
11 20 3 22 3 11 8 10 24 21 16 22 0 11 24
16 2 17 9 4 2 15 18 28 1 7 1 26 0 14
27 28 19 25 28 12 13 22 5 8 4 23 10 6 0

0 1 16 5 28 3 17 3 13 6 11 9 3 9 2
13 0 14 7 21 4 5 15 23 14 10 27 18 11 8
23 19 0 17 1 23 16 8 13 28 28 6 14 21 16
20 25 15 0 24 23 26 27 27 16 12 21 27 12 19
26 7 5 20 0 6 17 25 24 16 1 1 10 26 15
2 11 23 18 25 0 23 21 28 5 5 18 3 24 10
2 17 17 1 9 10 0 1 13 22 23 16 3 20 19
16 1 9 14 25 3 8 0 23 2 19 21 10 14 15
4 22 26 28 23 27 1 11 0 9 18 21 15 2 9
20 25 13 21 11 17 10 11 12 0 28 26 17 17 23
2 12 18 28 8 15 22 23 12 13 0 24 4 10 28
8 20 21 12 27 9 17 6 7 13 18 0 18 7 14
2 21 2 17 5 28 26 6 9 5 22 3 0 8 3
12 2 5 9 10 13 26 2 21 1 20 2 15 0 9
18 7 13 14 11 12 6 3 2 14 4 1 28 24 0
