15 10 2
10    1  7 84    1  5 58    1  8 77    1  2 44    2  4 97  7 97    1  6 89    1  3 5    1  1 58    1  9 96    1  0 9
10    1  6 21    1  1 87    2  4 15  5 15    1  5 39    1  2 81    1  3 85    2  7 31  5 31    1  8 57    1  9 73    1  0 77
10    1  0 40    2  5 71  9 71    1  8 34    1  9 82    1  3 70    1  6 22    1  4 10    1  7 80    2  2 48  3 48    1  1 49
10    1  5 75    2  2 17  9 17    1  3 7    1  6 72    1  4 11    1  7 62    1  8 47    1  9 35    1  1 91    1  0 55
10    1  9 20    2  4 12  2 12    1  6 71    1  7 67    2  0 64  4 64    1  2 94    1  8 15    1  5 50    2  3 75  8 75    1  1 90
10    2  6 93  7 93    1  5 93    1  1 57    1  7 70    1  8 77    1  4 58    1  0 52    1  2 29    1  9 7    1  3 68
10    1  7 56    1  0 95    1  8 48    1  4 26    1  2 82    1  1 63    1  9 36    1  3 27    1  6 87    1  5 6
10    1  3 76    2  5 15  2 15    1  9 78    1  1 8    1  8 41    1  2 36    1  4 30    1  6 84    1  0 36    1  7 76
10    1  0 75    2  7 13  4 13    1  2 81    1  8 29    1  4 54    1  6 82    1  5 88    1  1 78    1  9 40    1  3 13
10    1  2 6    1  1 26    2  7 32  4 32    1  6 64    1  4 54    1  0 52    1  5 82    1  3 6    1  9 88    1  8 54
10    1  8 62    1  2 67    1  5 32    1  0 62    2  7 69  4 69    1  3 61    1  1 35    1  4 72    1  9 5    1  6 93
10    2  2 78  1 78    1  9 90    1  0 85    1  1 72    1  8 64    1  6 63    1  3 11    1  7 82    1  5 88    1  4 7
10    1  4 28    2  9 11  8 11    1  7 50    1  6 88    2  0 44  6 44    1  5 31    1  2 27    2  1 66  0 66    1  8 49    1  3 35
10    1  2 14    2  5 39  7 39    1  6 56    1  4 62    1  3 97    1  9 66    1  7 69    2  1 7  9 7    1  8 47    1  0 76
10    1  1 18    1  8 93    2  7 58  2 58    1  6 47    1  3 69    1  9 57    1  2 41    1  5 53    1  4 79    1  0 64

0 13 7 19 16 21 22 15 10 12 26 17 3 7 7
18 0 5 12 3 1 17 3 23 3 25 10 7 25 18
14 4 0 7 17 6 9 21 11 21 22 14 16 16 8
6 16 15 0 2 21 8 1 1 20 9 19 12 22 7
4 12 14 13 0 19 2 9 2 15 2 6 14 24 10
4 8 22 3 26 0 11 22 17 11 22 21 3 8 6
18 17 10 15 9 15 0 16 6 11 25 4 6 1 25
26 7 4 4 18 16 8 0 23 10 2 4 15 12 23
24 9 18 14 25 23 19 11 0 6 14 24 2 9 23
18 7 9 15 13 25 25 25 9 0 19 24 1 1 20
4 14 18 26 2 23 22 12 23 4 0 21 5 4 16
19 19 1 19 15 2 22 16 6 2 18 0 20 4 20
14 20 13 22 1 22 17 9 22 20 22 14 0 6 3
16 17 20 21 14 17 11 15 19 11 18 11 8 0 3
13 3 17 21 13 14 6 20 6 6 18 10 7 3 0

0 12 14 8 18 9 21 17 1 19 15 7 19 15 7
26 0 16 24 6 1 13 16 3 7 4 11 15 6 21
24 4 0 15 15 4 15 8 2 14 9 10 6 15 25
6 9 9 0 20 8 2 4 9 14 11 1 16 4 10
12 2 12 7 0 26 1 10 2 25 15 4 23 22 11
15 12 2 12 11 0 11 5 2 18 7 9 26 2 26
4 2 26 9 2 8 0 11 14 25 13 21 23 8 9
24 9 15 3 23 2 3 0 20 1 15 23 22 7 4
17 9 25 25 26 17 21 16 0 10 2 12 20 21 21
2 20 19 7 7 21 5 8 21 0 21 18 22 7 10
2 10 13 21 22 5 12 13 19 18 0 1 24 22 8
24 11 20 3 12 7 23 1 26 21 7 0 4 26 10
25 24 8 14 3 1 13 5 11 25 15 21 0 5 11
8 18 7 17 17 21 8 14 20 22 16 17 3 0 15
8 12 19 16 3 23 15 8 6 20 21 6 7 2 0

0 14 20 9 9 2 11 16 5 26 5 6 20 19 9
4 0 21 7 13 19 7 7 23 25 18 8 20 5 18
20 8 0 10 15 8 20 19 4 24 14 16 23 13 6
16 25 2 0 7 7 7 7 3 18 21 10 16 11 15
14 13 6 3 0 13 5 21 19 22 13 11 1 26 15
10 8 10 15 7 0 13 19 18 3 22 21 2 16 18
18 17 7 24 13 6 0 3 18 18 23 7 20 14 22
24 8 21 7 13 21 14 0 4 20 6 24 17 15 19
22 13 19 16 19 3 17 21 0 10 25 25 3 15 21
3 24 6 9 24 14 5 7 15 0 25 12 21 13 9
17 11 11 18 10 3 1 5 10 11 0 22 6 19 2
6 17 1 8 2 26 16 11 18 13 19 0 8 10 2
9 12 3 19 14 11 5 23 11 16 4 14 0 16 21
13 1 24 20 15 3 16 22 22 10 20 17 16 0 7
4 5 25 25 5 1 9 13 5 18 8 15 19 8 0

0 12 4 25 24 5 22 4 17 17 5 8 12 18 2
21 0 4 4 5 16 2 25 25 8 25 16 26 26 13
5 23 0 26 10 1 9 25 20 8 15 8 25 12 17
17 3 20 0 1 5 7 21 26 6 15 21 26 2 3
11 6 14 1 0 25 11 25 24 18 4 13 16 26 10
14 13 24 11 1 0 10 21 18 19 8 17 4 21 8
15 23 18 22 11 22 0 15 23 21 3 9 18 21 25
16 20 22 18 4 26 16 0 14 7 15 1 26 15 1
13 26 23 21 7 8 24 21 0 5 9 13 25 8 14
20 3 24 14 17 25 18 26 7 0 22 21 26 23 1
5 18 21 10 11 17 4 17 4 8 0 6 19 2 23
18 9 6 16 17 8 19 26 25 10 20 0 22 22 26
17 11 16 23 15 6 18 6 8 18 19 6 0 17 4
19 21 24 15 3 18 10 8 20 5 9 5 14 0 26
4 21 22 23 12 18 16 18 3 10 12 3 20 1 0

0 4 2 19 1 11 25 5 13 1 8 23 17 13 5
20 0 16 23 26 16 15 11 19 22 16 21 5 3 21
20 5 0 13 21 8 20 15 20 26 11 22 9 17 21
11 22 20 0 2 25 20 1 11 25 24 11 22 8 14
26 18 7 16 0 8 3 22 20 3 20 22 7 25 11
12 16 18 1 26 0 9 17 2 1 15 6 1 16 25
6 13 24 16 14 10 0 16 15 3 14 21 2 20 19
21 11 23 10 13 21 24 0 12 6 15 15 26 24 21
6 23 25 3 14 16 23 9 0 1 15 18 12 15 5
18 13 11 17 22 14 23 10 23 0 14 6 4 12 5
24 4 11 20 17 4 8 7 17 10 0 12 2 21 16
4 23 6 4 19 7 2 25 5 25 18 0 26 15 6
17 8 17 1 7 20 21 13 14 17 18 1 0 8 4
3 12 2 7 22 25 15 25 19 12 2 25 23 0 22
17 4 23 3 19 12 18 14 3 2 9 25 23 13 0

0 9 8 26 17 11 13 6 14 6 23 15 6 4 15
21 0 15 25 21 23 25 2 4 2 21 8 23 6 14
19 17 0 2 12 25 19 14 21 26 26 22 2 24 21
25 4 23 0 26 11 18 15 12 24 2 20 6 9 21
3 18 12 16 0 12 3 6 2 8 26 10 2 5 18
1 10 16 15 22 0 15 9 18 20 1 12 18 15 15
3 6 21 6 6 25 0 10 13 22 6 20 22 20 18
13 21 1 3 9 14 23 0 25 1 23 20 23 23 21
26 24 5 21 20 12 9 26 0 5 26 11 2 18 21
20 25 13 22 11 10 9 23 15 0 1 18 5 18 22
11 10 15 1 16 2 5 18 14 17 0 15 21 21 6
5 24 12 13 15 25 11 8 17 15 18 0 22 4 12
17 7 9 10 15 23 23 6 7 18 24 3 0 2 11
18 11 2 19 7 22 20 20 26 4 16 26 3 0 9
2 5 11 10 4 16 9 14 24 11 12 25 26 26 0

0 24 10 19 23 7 24 2 4 1 3 17 16 11 7
10 0 5 11 1 3 12 12 21 10 9 14 2 24 1
15 1 0 20 23 24 21 17 7 6 24 4 20 11 18
10 22 6 0 17 3 23 10 20 26 20 15 4 5 2
3 7 24 22 0 13 19 25 21 13 23 26 25 11 16
17 22 5 25 24 0 18 18 19 7 4 5 22 17 24
2 24 4 13 4 10 0 24 1 8 5 12 4 10 19
24 7 17 1 8 20 13 0 2 11 9 9 19 15 26
25 14 6 1 21 10 20 2 0 21 19 14 5 18 4
3 22 2 8 14 20 21 25 14 0 5 21 26 1 4
14 2 10 15 13 8 13 5 22 23 0 1 23 2 3
19 26 24 6 13 24 7 9 19 5 8 0 12 13 6
23 5 25 10 24 24 20 9 21 2 11 24 0 16 18
6 4 1 26 10 17 7 17 7 20 24 11 5 0 11
18 22 12 20 23 23 7 26 15 5 19 4 23 2 0

0 22 19 15 6 19 8 17 1 14 2 14 14 15 16
24 0 13 18 8 10 3 20 20 13 10 1 5 25 8
18 23 0 14 25 19 24 13 2 7 20 5 6 16 2
19 9 4 0 3 12 9 9 25 17 20 13 10 2 19
15 25 13 17 0 19 24 16 22 15 14 6 7 8 21
15 26 1 11 1 0 12 24 16 11 17 25 11 15 11
9 7 20 11 12 11 0 9 16 18 20 1 8 18 4
19 16 18 24 21 22 24 0 3 17 3 15 14 7 26
23 3 14 24 6 6 13 1 0 17 2 1 11 23 21
23 12 25 15 9 19 1 15 8 0 9 7 4 22 2
3 14 20 23 18 11 12 21 9 22 0 19 15 26 23
21 11 13 5 10 11 13 24 19 18 9 0 23 12 16
8 25 25 17 23 8 4 7 9 17 21 2 0 5 20
3 8 7 10 6 14 3 18 2 19 4 12 6 0 9
21 3 11 21 15 23 13 7 2 16 11 9 5 26 0

0 25 2 9 9 26 9 19 17 24 18 20 13 17 17
21 0 19 26 1 12 7 22 13 23 23 8 7 26 21
8 25 0 23 24 17 3 11 9 11 24 18 20 26 20
18 25 18 0 25 8 5 15 22 3 23 10 24 12 17
24 25 9 18 0 16 24 15 13 15 19 7 11 5 26
9 11 7 9 19 0 11 22 22 18 21 23 20 5 21
24 10 23 22 3 13 0 26 23 18 10 3 6 19 7
1 8 8 20 4 24 18 0 25 18 23 19 10 22 13
12 18 24 11 19 12 20 24 0 7 26 15 9 5 8
9 26 11 5 7 14 22 5 22 0 20 14 7 18 3
2 17 14 5 7 25 25 8 11 12 0 17 25 12 2
3 9 8 26 11 11 24 24 13 15 5 0 8 25 7
21 11 22 15 18 3 3 20 10 17 23 16 0 12 11
14 3 25 26 7 5 24 6 10 25 13 23 1 0 2
26 22 2 22 19 18 2 4 1 24 23 12 16 15 0

0 26 19 25 25 22 20 23 1 21 8 20 18 26 4
3 0 11 11 19 22 7 24 8 2 24 4 10 5 17
15 7 0 7 3 22 5 17 14 11 13 15 12 25 10
19 25 10 0 4 5 7 15 5 18 4 5 25 11 15
14 15 11 16 0 14 8 10 13 13 16 1 6 21 26
22 16 9 24 3 0 5 12 9 19 1 19 24 23 7
6 18 26 17 3 7 0 3 8 11 9 20 26 10 25
24 24 20 6 10 12 10 0 10 4 16 23 21 24 11
4 9 9 19 12 13 9 4 0 19 14 20 22 21 4
17 12 5 17 17 5 6 5 17 0 15 1 15 11 14
6 7 24 17 9 1 4 25 7 4 0 22 14 12 16
19 7 16 9 26 10 21 16 14 17 8 0 8 20 19
23 22 20 13 19 5 6 2 13 1 21 23 0 18 3
24 24 11 24 13 11 22 25 7 21 7 12 2 0 10
26 11 19 17 8 4 18 18 20 26 11 21 1 5 0
