10 5 3
5    1  1 72    1  0 87    2  4 95  2 95    2  2 66  0 66    1  3 60
5    2  4 5  2 5    2  3 35  2 35    3  0 48  4 48  1 48    3  2 39  3 39  4 39    2  1 54  0 54
5    3  1 46  2 46  4 46    2  3 20  4 20    2  2 21  1 21    2  0 97  3 97    2  4 55  0 55
5    1  0 59    2  3 19  1 19    1  4 46    3  1 34  3 34  0 34    2  2 37  3 37
5    3  4 23  3 23  2 23    3  2 73  3 73  4 73    1  3 25    2  1 24  0 24    1  0 28
5    1  3 28    3  0 45  2 45  1 45    1  4 5    2  1 78  4 78    3  2 83  1 83  4 83
5    1  0 53    3  3 71  4 71  1 71    1  1 37    3  4 29  1 29  2 29    2  2 12  4 12
5    3  4 12  1 12  3 12    3  2 87  4 87  1 87    1  3 33    2  1 55  0 55    2  0 38  2 38
5    3  2 49  1 49  0 49    2  3 83  2 83    2  1 40  3 40    1  0 48    2  4 7  1 7
5    2  2 65  4 65    3  3 17  2 17  0 17    2  0 90  1 90    3  4 27  3 27  0 27    3  1 23  4 23  2 23

0 22 19 20 8 8 18 15 19 15
10 0 5 8 14 18 6 8 2 13
10 9 0 15 5 5 20 23 2 9
7 4 3 0 3 6 18 5 11 19
10 21 15 2 0 10 5 16 8 1
1 23 8 15 17 0 17 14 11 14
8 12 9 7 8 6 0 4 21 18
22 15 15 22 15 2 9 0 19 14
7 7 7 9 3 4 18 13 0 4
13 12 11 8 23 5 3 4 23 0

0 17 10 6 5 10 22 9 14 8
2 0 21 12 8 5 3 22 9 21
23 12 0 12 11 12 19 9 8 4
17 13 15 0 17 1 22 13 9 22
16 20 4 17 0 22 8 17 8 9
22 3 8 4 21 0 20 3 12 20
10 6 14 2 5 3 0 6 5 7
6 7 1 8 20 2 8 0 19 12
23 23 17 13 12 3 10 13 0 13
14 1 1 4 12 13 18 5 21 0

0 5 16 1 14 12 1 18 6 15
23 0 4 12 3 19 3 9 18 2
3 10 0 9 5 10 2 2 21 15
19 9 9 0 3 19 22 8 23 8
13 16 2 1 0 8 11 5 15 18
6 3 4 14 5 0 20 6 18 1
14 19 13 4 11 23 0 8 23 13
21 7 1 5 6 13 14 0 18 22
9 7 22 15 5 20 10 4 0 4
15 13 12 1 17 11 22 9 16 0

0 8 13 12 15 12 19 6 20 18
9 0 9 6 12 13 19 3 18 2
22 21 0 9 11 14 9 21 16 20
23 16 6 0 14 5 9 23 8 3
7 11 5 17 0 7 15 19 20 8
8 20 10 14 9 0 4 16 14 15
3 16 12 22 20 20 0 6 4 19
13 10 14 5 21 21 7 0 18 20
12 4 1 9 9 23 14 22 0 21
7 2 20 15 21 18 20 23 7 0

0 10 9 9 16 16 13 1 19 17
12 0 6 17 10 19 8 8 1 20
3 7 0 12 9 19 11 20 7 16
4 10 19 0 14 23 2 22 3 16
6 12 14 20 0 14 23 3 10 9
17 15 21 8 12 0 23 10 6 6
8 22 6 8 14 18 0 11 15 20
6 15 7 7 2 8 21 0 7 6
17 21 10 18 13 7 13 6 0 3
3 20 23 12 1 21 18 12 23 0
