10 5 3
5    1  1 21    1  0 53    2  4 95  2 95    2  3 55  0 55    1  2 34
5    2  0 21  2 21    2  3 52  2 52    3  4 16  1 16  3 16    2  2 26  0 26    3  1 71  2 71  4 71
5    2  3 39  4 39    2  4 98  1 98    2  1 42  0 42    3  2 31  3 31  0 31    1  0 12
5    2  1 77  3 77    1  0 55    1  4 79    3  2 66  3 66  0 66    2  3 77  4 77
5    1  0 83    3  3 34  2 34  4 34    1  2 64    2  1 19  0 19    1  4 37
5    1  1 54    3  2 43  1 43  4 43    3  4 79  1 79  3 79    3  0 92  4 92  1 92    1  3 62
5    3  3 69  1 69  2 69    2  4 77  2 77    1  1 87    3  2 87  1 87  3 87    3  0 93  4 93  2 93
5    1  2 38    1  0 60    2  1 41  0 41    2  3 24  0 24    2  4 83  1 83
5    1  3 17    2  1 49  3 49    2  4 25  0 25    1  0 44    1  2 98
5    2  4 77  1 77    2  3 79  4 79    3  2 43  0 43  1 43    2  1 75  4 75    3  0 96  3 96  4 96

0 12 11 20 15 19 15 18 14 10
27 0 21 21 15 29 24 27 19 28
16 29 0 16 25 28 11 4 20 14
7 3 20 0 23 25 2 21 25 20
19 21 15 7 0 1 5 29 21 1
21 22 16 14 12 0 17 2 27 23
24 18 8 6 2 6 0 12 14 26
11 23 4 27 29 7 3 0 15 9
15 20 10 28 13 29 8 6 0 19
10 5 16 7 27 12 16 28 19 0

0 11 15 13 28 10 21 10 12 14
11 0 10 3 7 15 22 19 3 2
1 7 0 18 12 2 8 5 28 19
21 12 29 0 17 21 1 25 26 3
5 3 24 18 0 20 3 20 13 13
18 12 13 26 10 0 10 7 29 5
27 18 7 8 4 9 0 14 23 12
6 6 21 17 18 1 23 0 1 17
20 26 28 9 2 28 16 28 0 16
23 23 19 19 25 21 7 5 27 0

0 6 21 26 3 24 4 26 14 24
13 0 23 3 16 7 18 2 12 1
19 6 0 7 20 24 23 24 24 23
19 25 7 0 17 28 8 15 25 23
2 25 5 4 0 23 28 3 16 19
16 14 1 13 2 0 13 18 23 8
3 9 19 19 11 6 0 5 3 5
16 1 3 8 26 26 25 0 25 27
6 18 2 26 22 29 17 18 0 19
21 29 13 14 16 14 8 18 9 0

0 14 5 10 25 8 16 21 7 19
10 0 9 19 17 27 25 18 11 11
19 15 0 16 28 8 18 11 26 2
1 20 5 0 10 24 9 28 24 25
28 29 9 16 0 16 6 2 15 29
7 25 7 20 6 0 11 25 6 28
4 8 6 17 11 1 0 28 9 16
20 6 20 19 13 29 25 0 3 13
16 29 4 24 20 6 23 26 0 15
12 1 2 21 14 2 13 2 19 0

0 13 26 28 18 28 14 26 9 11
22 0 25 14 28 24 11 7 7 14
3 17 0 25 2 17 11 22 6 29
12 9 6 0 1 11 18 24 15 14
7 18 28 2 0 13 25 13 29 18
2 19 21 18 1 0 13 11 26 25
19 7 13 4 4 11 0 24 1 23
9 26 3 25 14 12 16 0 7 13
3 10 28 21 20 19 23 22 0 2
29 15 15 15 1 25 16 13 3 0
