20 5 3
5    1  1 23    1  0 82    2  4 84  2 84    2  2 45  0 45    1  3 38
5    2  3 50  2 50    2  4 41  2 41    3  1 29  4 29  3 29    2  0 18  1 18    3  2 21  4 21  0 21
5    2  4 16  3 16    3  3 54  0 54  2 54    2  1 52  4 52    3  2 38  3 38  0 38    2  0 52  3 52
5    3  1 62  3 62  4 62    1  3 57    3  4 37  3 37  2 37    2  2 74  0 74    1  0 54
5    1  3 68    3  1 61  2 61  4 61    3  2 30  1 30  4 30    1  0 81    3  4 57  1 57  0 57
5    3  1 89  2 89  4 89    2  2 89  4 89    3  3 11  1 11  2 11    2  0 79  2 79    1  4 81
5    1  1 66    2  0 91  3 91    2  3 33  2 33    3  4 20  1 20  0 20    2  2 20  3 20
5    2  3 8  0 8    1  4 24    1  2 55    2  0 32  1 32    2  1 84  4 84
5    3  0 7  2 7  1 7    2  2 64  4 64    3  1 39  0 39  3 39    2  4 56  2 56    2  3 54  1 54
5    1  0 19    1  4 40    1  3 7    2  2 8  4 8    1  1 83
5    2  0 63  4 63    2  2 64  4 64    1  3 91    2  4 40  2 40    3  1 6  2 6  0 6
5    2  1 42  2 42    2  3 61  1 61    3  4 15  1 15  3 15    2  2 98  0 98    1  0 74
5    1  1 80    3  0 26  2 26  4 26    2  3 75  0 75    1  4 6    2  2 87  1 87
5    3  2 39  0 39  4 39    2  4 22  1 22    2  0 75  2 75    1  3 24    1  1 44
5    3  1 15  4 15  0 15    1  3 79    1  4 8    3  0 12  1 12  3 12    1  2 20
5    3  3 26  4 26  2 26    3  2 43  4 43  0 43    1  0 80    2  4 22  3 22    3  1 61  2 61  4 61
5    1  2 62    3  1 36  0 36  2 36    3  0 63  4 63  1 63    1  3 96    3  4 40  2 40  0 40
5    1  1 33    1  3 18    1  0 22    3  4 5  3 5  1 5    3  2 10  3 10  1 10
5    3  2 64  0 64  1 64    1  4 64    2  0 89  1 89    1  1 96    1  3 95
5    2  2 18  4 18    2  4 23  1 23    3  3 15  2 15  4 15    3  1 38  0 38  4 38    3  0 8  3 8  1 8

0 20 1 2 16 2 21 4 1 12 10 6 17 11 20 17 16 5 6 15
20 0 13 10 4 13 16 3 8 14 15 5 8 9 6 21 7 11 7 2
1 12 0 15 12 22 10 5 9 14 15 15 8 11 13 1 13 20 20 21
22 3 2 0 11 18 6 21 16 8 2 7 19 12 1 4 20 3 18 9
17 20 5 15 0 18 22 18 7 9 6 9 21 11 14 12 17 5 14 9
3 15 7 8 14 0 11 5 16 3 17 13 1 21 7 13 18 11 21 2
10 7 15 13 11 3 0 6 21 12 8 18 20 10 7 3 10 4 2 8
11 6 18 10 6 7 20 0 20 1 22 6 11 10 21 15 8 12 14 21
8 14 14 20 12 18 19 1 0 11 10 4 3 7 12 14 16 22 7 11
11 3 6 1 6 7 3 21 17 0 16 20 21 8 4 6 14 10 3 2
8 9 18 4 6 5 15 21 1 19 0 11 19 7 11 13 22 7 3 21
19 14 4 8 10 6 5 11 5 16 13 0 11 3 1 22 10 5 3 16
9 15 9 8 12 7 15 2 11 16 21 14 0 1 8 12 2 20 16 7
7 19 5 12 10 21 13 4 10 21 18 12 14 0 14 13 16 3 1 22
17 12 11 3 15 21 20 6 18 1 21 16 11 11 0 3 15 7 15 8
2 12 5 9 19 7 15 6 3 2 12 19 6 7 19 0 22 13 20 5
4 10 19 16 9 8 1 4 21 3 21 11 19 14 18 10 0 10 16 11
18 22 18 4 15 7 8 18 11 6 7 16 6 12 20 2 21 0 21 2
8 3 1 13 12 10 17 21 10 3 10 15 7 10 10 9 19 3 0 16
5 1 17 13 20 10 2 16 13 13 4 2 9 10 17 13 8 10 17 0

0 6 10 15 3 18 9 4 12 1 21 13 3 13 5 11 7 22 5 4
20 0 11 8 4 22 14 5 1 12 5 8 6 11 22 4 1 5 20 21
11 4 0 19 17 12 5 6 13 6 11 6 8 2 6 4 3 6 18 16
2 13 20 0 22 18 16 15 11 15 13 12 3 2 5 8 22 1 14 4
21 5 19 11 0 4 5 15 7 16 20 21 8 11 18 3 9 9 15 7
1 8 13 7 7 0 11 2 7 6 1 20 3 2 17 12 1 4 10 2
16 1 17 19 11 15 0 8 16 17 15 14 10 22 14 7 1 20 4 3
11 3 9 15 10 18 11 0 19 4 21 20 9 4 2 18 18 17 7 11
21 9 21 15 13 8 20 20 0 13 21 19 6 10 13 4 12 13 12 10
18 1 17 14 16 13 5 4 3 0 13 22 4 14 6 21 1 9 1 9
11 13 5 18 18 6 7 7 19 16 0 15 12 12 22 4 16 13 13 10
9 18 17 2 7 4 18 6 18 4 10 0 17 12 1 5 16 12 9 7
4 22 17 18 16 13 8 22 7 3 3 2 0 5 11 16 22 12 18 10
13 5 10 16 21 17 14 17 17 2 8 22 21 0 11 21 5 21 12 13
18 5 11 20 2 18 17 17 10 21 20 20 22 4 0 12 6 14 13 11
6 3 16 19 8 6 7 4 5 18 11 19 9 14 22 0 21 22 11 18
17 19 19 14 17 17 9 16 14 7 11 2 19 19 5 13 0 10 14 13
18 21 2 13 20 11 1 21 12 14 9 18 17 19 4 18 8 0 7 13
20 18 11 3 19 2 6 5 9 13 10 18 15 15 21 15 2 18 0 13
4 7 14 18 16 13 16 1 22 22 19 14 18 16 9 19 12 8 15 0

0 6 17 5 5 22 22 19 14 1 14 11 2 6 13 10 10 13 16 2
1 0 11 2 13 7 16 19 16 11 9 5 20 17 11 17 21 8 14 1
21 3 0 16 3 6 21 20 7 14 11 12 1 20 6 5 2 3 14 16
1 17 1 0 11 3 4 3 15 1 21 5 13 6 7 12 18 3 8 3
21 21 6 5 0 7 13 4 20 22 17 13 17 4 10 16 9 19 18 4
6 21 16 18 1 0 20 15 10 6 20 4 16 5 1 18 20 5 18 21
18 18 21 14 19 7 0 3 5 11 15 9 1 15 15 15 7 21 10 18
11 13 12 19 10 13 7 0 20 11 2 21 1 5 2 1 14 17 21 5
8 22 7 1 15 20 22 9 0 13 4 2 10 16 9 1 13 16 14 21
12 5 14 21 10 11 16 17 8 0 6 17 21 5 10 9 11 20 1 11
8 13 12 22 17 5 19 1 2 3 0 14 7 12 14 9 16 2 4 4
19 14 4 6 9 18 7 1 3 7 19 0 11 18 20 12 21 8 5 4
15 6 13 4 15 1 13 2 18 14 1 10 0 15 5 21 21 22 4 9
17 22 14 2 7 2 11 4 3 22 16 17 15 0 3 17 9 7 3 5
12 3 11 15 9 13 9 14 8 5 10 10 7 18 0 12 2 17 8 8
3 1 5 21 5 22 21 1 2 8 13 7 22 17 9 0 12 6 7 3
10 9 8 16 14 16 13 14 2 2 8 16 14 9 10 12 0 20 19 12
10 17 16 2 13 14 15 7 7 4 8 19 13 13 16 11 8 0 2 15
2 17 18 6 6 18 14 8 3 17 14 6 7 2 13 13 17 1 0 15
4 4 3 21 5 20 17 1 18 6 20 19 15 20 6 21 13 13 21 0

0 16 1 3 8 1 3 15 7 7 19 9 2 5 4 9 22 11 4 7
22 0 17 9 9 16 21 10 11 12 13 3 19 7 10 4 22 2 9 6
10 21 0 4 6 19 13 8 17 12 14 7 17 12 9 3 5 11 4 3
7 5 9 0 13 10 8 9 15 14 19 13 12 1 17 3 20 1 16 5
14 18 18 13 0 6 4 13 9 16 8 6 5 9 7 8 9 14 18 9
8 4 21 5 14 0 1 9 22 12 15 9 14 10 8 19 9 16 1 15
3 22 6 12 10 8 0 3 19 3 7 19 21 2 5 22 2 14 19 4
20 14 20 5 1 2 3 0 19 13 19 20 22 17 22 7 11 17 4 16
22 7 12 5 21 2 19 11 0 4 9 15 3 12 11 21 19 2 16 18
15 13 2 17 15 1 6 15 6 0 13 17 15 1 14 13 20 15 10 7
11 4 18 7 1 3 8 19 6 5 0 5 9 20 11 21 17 9 7 16
7 12 15 15 10 21 12 14 13 8 4 0 12 16 11 22 9 21 7 21
9 22 8 19 3 11 4 2 9 1 16 21 0 9 14 5 1 21 8 12
14 7 19 3 17 19 19 6 17 15 20 3 9 0 19 9 7 7 6 9
7 2 10 21 21 4 3 6 15 17 7 7 10 3 0 2 16 14 16 7
20 6 10 9 4 6 17 5 21 7 19 20 19 17 22 0 2 13 16 1
2 15 5 20 12 11 5 11 12 11 16 9 10 12 18 20 0 1 11 14
17 13 11 4 14 6 16 18 10 20 19 20 15 22 12 16 5 0 18 1
1 2 18 8 15 20 6 16 1 21 13 17 5 8 10 10 12 2 0 16
17 2 7 12 7 2 22 8 15 8 7 20 2 4 1 11 15 20 17 0

0 18 22 3 9 10 4 22 6 12 15 3 14 9 4 1 1 15 8 18
6 0 19 5 9 18 8 14 5 17 20 6 5 3 6 16 17 6 17 8
11 3 0 3 16 5 12 19 6 17 2 22 2 8 3 5 3 15 18 3
18 22 6 0 22 13 6 16 15 17 21 7 8 9 12 17 13 20 1 19
19 13 14 22 0 4 17 6 10 7 11 15 3 19 2 15 9 9 9 15
19 20 9 17 2 0 3 10 15 4 22 19 22 15 8 11 6 6 10 22
20 7 16 2 10 15 0 1 4 2 18 9 16 2 11 3 4 15 16 15
18 16 14 8 3 12 7 0 17 8 11 13 8 18 10 20 4 6 17 14
11 7 17 21 17 21 16 13 0 6 21 22 4 5 9 7 20 18 15 17
20 13 17 5 10 6 21 11 4 0 22 5 5 20 14 11 9 9 22 4
16 1 3 2 1 2 7 13 11 16 0 11 6 22 10 6 20 13 12 17
22 20 9 2 18 15 12 4 8 9 13 0 20 18 12 14 20 22 16 18
18 10 17 5 18 7 12 22 22 6 18 12 0 5 10 3 20 17 16 14
2 4 3 6 3 7 2 2 11 4 5 17 20 0 12 3 16 14 11 7
9 16 4 10 11 10 9 22 10 4 3 1 1 7 0 2 1 11 5 4
20 16 17 8 7 3 21 17 21 1 15 12 17 13 10 0 13 6 14 9
8 1 12 22 19 2 13 21 10 16 2 15 6 3 1 6 0 17 12 14
22 9 7 4 3 13 3 13 3 6 21 20 21 18 9 16 4 0 7 15
1 10 2 8 1 22 3 16 6 22 10 22 1 4 20 17 3 2 0 3
2 1 22 4 4 2 3 10 19 22 10 11 18 11 18 2 6 22 19 0
