15 15 11
15    7  1 51  3 51  4 51  6 51  10 51  13 51  14 51    7  1 43  3 43  5 43  7 43  9 43  13 43  14 43    8  0 80  4 80  7 80  9 80  10 80  12 80  13 80  14 80    7  0 18  1 18  4 18  5 18  6 18  7 18  9 18    5  6 38  7 38  8 38  9 38  10 38    7  1 24  3 24  4 24  7 24  8 24  10 24  12 24    7  0 67  2 67  6 67  7 67  9 67  11 67  13 67    7  0 15  4 15  6 15  11 15  12 15  13 15  14 15    8  0 24  1 24  2 24  3 24  7 24  8 24  11 24  13 24    5  4 72  10 72  11 72  13 72  14 72    8  0 45  3 45  6 45  8 45  10 45  11 45  12 45  13 45    8  0 80  1 80  2 80  3 80  5 80  8 80  13 80  14 80    6  4 64  6 64  8 64  9 64  10 64  14 64    7  0 44  1 44  2 44  5 44  6 44  11 44  13 44    6  0 88  1 88  4 88  7 88  12 88  14 88
15    5  0 40  1 40  6 40  9 40  11 40    4  3 88  8 88  9 88  13 88    4  9 77  10 77  11 77  13 77    7  0 59  3 59  5 59  6 59  7 59  11 59  13 59    10  0 20  1 20  2 20  3 20  6 20  7 20  11 20  12 20  13 20  14 20    7  0 52  3 52  4 52  5 52  6 52  10 52  11 52    7  0 70  1 70  4 70  8 70  9 70  10 70  14 70    6  0 40  2 40  3 40  5 40  9 40  11 40    8  0 32  3 32  4 32  5 32  6 32  7 32  9 32  11 32    7  0 76  1 76  3 76  5 76  7 76  13 76  14 76    8  0 43  2 43  3 43  7 43  8 43  10 43  12 43  13 43    5  0 31  7 31  9 31  11 31  14 31    4  2 21  4 21  10 21  11 21    11  1 5  2 5  4 5  6 5  7 5  8 5  9 5  10 5  11 5  12 5  14 5    7  1 47  5 47  7 47  8 47  10 47  13 47  14 47
15    6  0 32  6 32  8 32  11 32  12 32  13 32    7  0 49  1 49  2 49  3 49  6 49  8 49  13 49    5  3 5  5 5  6 5  10 5  14 5    8  0 64  3 64  4 64  5 64  6 64  10 64  13 64  14 64    5  2 58  3 58  4 58  7 58  11 58    7  2 80  3 80  4 80  8 80  10 80  11 80  13 80    4  0 94  1 94  2 94  6 94    6  3 11  4 11  7 11  11 11  12 11  14 11    8  1 26  2 26  3 26  6 26  7 26  9 26  10 26  14 26    10  2 26  3 26  4 26  5 26  6 26  7 26  8 26  10 26  11 26  13 26    7  0 59  2 59  3 59  6 59  8 59  9 59  14 59    11  0 85  1 85  2 85  3 85  4 85  6 85  7 85  9 85  10 85  13 85  14 85    8  0 47  1 47  3 47  4 47  8 47  9 47  10 47  11 47    7  2 96  4 96  6 96  8 96  10 96  12 96  13 96    3  1 14  2 14  14 14
15    11  0 23  2 23  3 23  5 23  6 23  7 23  9 23  10 23  11 23  12 23  14 23    9  0 9  1 9  3 9  6 9  7 9  8 9  10 9  11 9  13 9    6  0 75  1 75  5 75  6 75  9 75  10 75    5  0 37  3 37  6 37  8 37  12 37    9  0 43  1 43  3 43  4 43  6 43  8 43  9 43  11 43  14 43    4  2 79  4 79  7 79  11 79    7  0 75  3 75  4 75  5 75  9 75  11 75  13 75    4  0 34  3 34  6 34  12 34    8  0 20  3 20  6 20  7 20  8 20  12 20  13 20  14 20    4  0 10  1 10  12 10  13 10    9  0 83  1 83  3 83  4 83  8 83  9 83  10 83  12 83  14 83    7  0 68  6 68  7 68  10 68  11 68  12 68  13 68    6  0 52  1 52  5 52  9 52  11 52  13 52    10  0 66  1 66  2 66  3 66  4 66  7 66  8 66  9 66  13 66  14 66    8  0 9  1 9  3 9  6 9  7 9  9 9  12 9  13 9
15    11  1 69  2 69  3 69  4 69  5 69  6 69  8 69  9 69  10 69  11 69  12 69    9  0 59  1 59  4 59  5 59  9 59  11 59  12 59  13 59  14 59    5  1 28  2 28  3 28  6 28  12 28    6  0 62  1 62  2 62  4 62  7 62  14 62    3  3 36  4 36  13 36    6  1 26  4 26  7 26  8 26  9 26  12 26    5  0 84  6 84  8 84  10 84  12 84    5  1 16  4 16  8 16  10 16  11 16    7  2 54  5 54  6 54  7 54  8 54  10 54  11 54    10  0 42  1 42  2 42  4 42  5 42  7 42  8 42  10 42  12 42  14 42    4  2 54  4 54  11 54  13 54    8  0 6  2 6  3 6  4 6  6 6  7 6  10 6  13 6    6  1 40  6 40  9 40  10 40  11 40  12 40    5  2 88  5 88  6 88  7 88  10 88    8  2 79  3 79  4 79  5 79  6 79  7 79  12 79  14 79
15    8  2 78  5 78  7 78  10 78  11 78  12 78  13 78  14 78    7  0 53  1 53  3 53  6 53  8 53  9 53  12 53    3  0 17  5 17  11 17    8  5 29  6 29  7 29  8 29  10 29  11 29  13 29  14 29    8  0 82  1 82  3 82  4 82  9 82  10 82  13 82  14 82    6  0 23  2 23  3 23  9 23  11 23  12 23    5  4 12  9 12  10 12  11 12  14 12    3  2 64  8 64  13 64    9  0 86  1 86  2 86  3 86  4 86  5 86  6 86  11 86  14 86    5  0 59  3 59  6 59  7 59  8 59    7  1 5  5 5  6 5  8 5  9 5  11 5  14 5    5  3 68  4 68  7 68  8 68  10 68    5  2 59  9 59  12 59  13 59  14 59    9  1 13  4 13  5 13  6 13  8 13  9 13  10 13  12 13  13 13    8  0 56  1 56  3 56  6 56  7 56  9 56  10 56  14 56
15    7  1 83  2 83  5 83  8 83  9 83  10 83  13 83    7  1 46  2 46  6 46  9 46  12 46  13 46  14 46    7  0 7  2 7  4 7  7 7  9 7  10 7  13 7    6  1 65  3 65  9 65  10 65  12 65  13 65    9  0 69  2 69  3 69  4 69  9 69  10 69  11 69  12 69  14 69    6  2 62  4 62  5 62  6 62  10 62  13 62    6  0 16  1 16  3 16  4 16  7 16  12 16    6  2 58  3 58  5 58  8 58  10 58  11 58    6  3 66  4 66  5 66  7 66  8 66  13 66    6  0 83  3 83  5 83  6 83  12 83  13 83    3  1 90  7 90  10 90    9  0 42  1 42  2 42  4 42  5 42  10 42  12 42  13 42  14 42    7  0 81  1 81  4 81  6 81  9 81  10 81  11 81    7  0 69  3 69  4 69  5 69  10 69  11 69  12 69    7  1 85  3 85  4 85  5 85  8 85  11 85  14 85
15    6  5 73  7 73  8 73  10 73  12 73  14 73    4  2 71  8 71  10 71  12 71    7  1 64  2 64  5 64  8 64  9 64  13 64  14 64    7  0 10  6 10  7 10  9 10  10 10  11 10  12 10    3  1 20  6 20  9 20    5  1 99  8 99  11 99  13 99  14 99    9  0 24  1 24  4 24  7 24  9 24  10 24  11 24  13 24  14 24    8  0 65  2 65  8 65  9 65  10 65  11 65  13 65  14 65    10  1 82  2 82  3 82  4 82  5 82  7 82  9 82  11 82  13 82  14 82    8  2 72  3 72  4 72  7 72  9 72  10 72  12 72  14 72    8  2 43  3 43  4 43  7 43  10 43  11 43  12 43  13 43    7  1 82  4 82  7 82  9 82  10 82  11 82  12 82    7  5 27  6 27  8 27  9 27  10 27  12 27  13 27    6  0 24  2 24  4 24  5 24  8 24  13 24    5  0 33  2 33  7 33  9 33  14 33
15    6  4 82  6 82  10 82  12 82  13 82  14 82    2  1 34  8 34    4  3 92  6 92  10 92  14 92    11  0 8  1 8  2 8  3 8  4 8  5 8  6 8  7 8  12 8  13 8  14 8    7  0 38  1 38  3 38  5 38  6 38  8 38  10 38    7  0 45  1 45  2 45  7 45  8 45  9 45  11 45    6  1 21  4 21  6 21  7 21  9 21  10 21    7  2 35  3 35  4 35  5 35  10 35  12 35  13 35    7  1 52  4 52  5 52  7 52  8 52  9 52  12 52    4  4 35  7 35  9 35  11 35    7  0 15  2 15  3 15  5 15  6 15  7 15  11 15    10  1 23  2 23  3 23  4 23  6 23  7 23  9 23  10 23  12 23  14 23    7  5 6  6 6  7 6  9 6  10 6  13 6  14 6    6  1 83  7 83  9 83  10 83  11 83  13 83    6  3 30  7 30  8 30  9 30  11 30  12 30
15    9  0 84  1 84  2 84  4 84  5 84  8 84  10 84  12 84  13 84    6  5 7  9 7  10 7  11 7  12 7  13 7    11  0 66  1 66  2 66  3 66  5 66  6 66  8 66  9 66  10 66  12 66  13 66    6  3 6  8 6  10 6  11 6  12 6  13 6    7  1 28  3 28  4 28  8 28  10 28  12 28  14 28    6  0 27  4 27  8 27  12 27  13 27  14 27    8  2 79  3 79  6 79  7 79  9 79  10 79  11 79  12 79    6  6 70  7 70  10 70  11 70  13 70  14 70    5  0 85  3 85  4 85  7 85  11 85    7  0 94  1 94  4 94  5 94  7 94  13 94  14 94    8  0 60  1 60  3 60  4 60  5 60  7 60  11 60  14 60    5  1 80  3 80  10 80  13 80  14 80    8  1 39  2 39  3 39  6 39  7 39  11 39  12 39  14 39    7  0 66  1 66  2 66  4 66  5 66  8 66  11 66    4  2 29  6 29  7 29  11 29
15    8  1 44  2 44  3 44  5 44  7 44  8 44  12 44  13 44    7  1 58  2 58  6 58  7 58  8 58  9 58  10 58    2  5 14  13 14    9  0 65  2 65  3 65  5 65  6 65  7 65  8 65  12 65  14 65    6  1 72  2 72  5 72  7 72  12 72  13 72    7  0 14  1 14  3 14  5 14  7 14  9 14  13 14    5  2 52  9 52  10 52  12 52  13 52    6  1 21  2 21  4 21  6 21  8 21  9 21    9  0 25  1 25  3 25  5 25  6 25  9 25  10 25  12 25  14 25    10  0 5  3 5  5 5  6 5  7 5  9 5  10 5  12 5  13 5  14 5    9  0 51  1 51  3 51  6 51  7 51  9 51  10 51  11 51  12 51    7  0 61  5 61  6 61  7 61  9 61  10 61  14 61    7  0 55  4 55  5 55  6 55  10 55  13 55  14 55    9  0 42  1 42  2 42  3 42  4 42  6 42  7 42  10 42  13 42    7  2 36  3 36  4 36  5 36  12 36  13 36  14 36
15    4  3 43  8 43  12 43  14 43    6  0 72  4 72  7 72  8 72  10 72  13 72    7  4 78  5 78  6 78  8 78  9 78  11 78  14 78    3  0 12  5 12  11 12    6  4 17  6 17  7 17  11 17  12 17  14 17    9  0 46  2 46  5 46  6 46  7 46  8 46  10 46  11 46  12 46    4  8 27  9 27  10 27  13 27    7  1 51  3 51  4 51  6 51  8 51  10 51  11 51    6  0 63  2 63  5 63  6 63  7 63  11 63    4  1 79  6 79  7 79  13 79    6  0 79  5 79  8 79  11 79  12 79  13 79    4  5 91  7 91  9 91  12 91    8  1 49  4 49  5 49  8 49  9 49  10 49  12 49  13 49    6  0 26  1 26  6 26  8 26  9 26  13 26    5  1 93  3 93  7 93  10 93  14 93
15    6  1 49  3 49  4 49  7 49  12 49  13 49    8  0 49  2 49  7 49  10 49  11 49  12 49  13 49  14 49    7  3 71  4 71  8 71  9 71  12 71  13 71  14 71    8  0 78  1 78  2 78  3 78  5 78  8 78  12 78  13 78    5  0 44  6 44  9 44  10 44  13 44    5  3 41  9 41  10 41  11 41  13 41    6  3 91  6 91  8 91  11 91  12 91  13 91    6  2 84  4 84  7 84  12 84  13 84  14 84    7  0 91  1 91  2 91  6 91  8 91  9 91  13 91    7  1 21  2 21  5 21  6 21  10 21  11 21  12 21    5  5 47  8 47  10 47  11 47  12 47    6  0 28  3 28  5 28  9 28  10 28  14 28    4  1 61  3 61  4 61  11 61    7  0 70  1 70  2 70  3 70  6 70  7 70  12 70    6  0 93  1 93  5 93  6 93  7 93  8 93
15    4  3 25  6 25  13 25  14 25    6  4 85  5 85  7 85  8 85  10 85  13 85    4  0 66  1 66  3 66  12 66    3  2 45  9 45  11 45    6  0 95  3 95  6 95  10 95  12 95  13 95    10  0 21  2 21  3 21  4 21  5 21  7 21  8 21  10 21  11 21  12 21    7  0 84  1 84  2 84  5 84  8 84  9 84  14 84    4  3 24  4 24  5 24  10 24    8  1 53  2 53  3 53  4 53  9 53  11 53  13 53  14 53    5  2 67  5 67  7 67  10 67  11 67    10  1 91  2 91  4 91  5 91  6 91  7 91  8 91  9 91  11 91  14 91    4  7 11  10 11  11 11  13 11    5  3 32  6 32  11 32  13 32  14 32    6  1 30  3 30  4 30  5 30  7 30  14 30    6  2 89  5 89  6 89  7 89  12 89  14 89
15    5  2 92  3 92  9 92  10 92  12 92    3  7 93  9 93  10 93    8  0 99  1 99  2 99  4 99  6 99  10 99  11 99  13 99    6  1 40  3 40  4 40  8 40  10 40  14 40    9  1 37  2 37  3 37  4 37  7 37  9 37  10 37  13 37  14 37    3  4 69  12 69  13 69    8  1 66  2 66  5 66  7 66  9 66  11 66  12 66  14 66    7  1 57  2 57  3 57  4 57  6 57  7 57  13 57    4  2 22  8 22  13 22  14 22    11  0 44  1 44  3 44  4 44  5 44  7 44  8 44  9 44  11 44  12 44  14 44    5  1 73  2 73  8 73  11 73  13 73    5  0 97  1 97  3 97  5 97  13 97    6  0 18  3 18  6 18  11 18  12 18  14 18    5  1 69  2 69  4 69  8 69  12 69    6  2 41  4 41  5 41  6 41  7 41  14 41

0 20 21 21 9 24 12 5 4 7 14 15 9 7 12
13 0 12 20 22 5 9 20 11 23 15 2 21 21 11
2 9 0 24 11 19 25 6 4 12 14 22 20 9 4
16 17 26 0 6 2 20 23 12 7 20 21 6 25 7
21 20 19 8 0 24 8 23 25 7 14 8 12 25 17
20 23 26 6 11 0 24 26 14 9 15 10 1 21 19
23 3 9 10 5 25 0 18 18 4 18 23 23 17 18
1 2 21 24 7 13 3 0 25 25 17 24 17 18 9
17 16 1 7 3 4 25 6 0 16 25 22 15 18 15
25 4 10 20 24 21 16 24 9 0 24 4 5 11 15
26 25 20 24 17 18 26 1 25 12 0 7 2 16 17
5 2 4 12 15 20 14 12 1 17 15 0 4 25 10
14 22 13 24 17 13 11 10 21 11 26 15 0 9 3
20 11 21 6 14 7 12 1 10 3 6 4 6 0 24
3 7 23 6 21 13 19 13 12 25 9 13 24 20 0

0 15 19 2 13 3 14 16 8 1 19 8 6 9 8
1 0 4 26 8 15 20 17 12 14 9 6 25 5 4
25 10 0 14 13 17 5 17 23 6 23 3 2 19 8
16 3 1 0 26 8 11 15 2 22 24 8 21 12 5
20 1 3 1 0 22 23 4 4 12 17 25 25 18 24
7 15 19 25 5 0 10 23 3 3 7 26 19 16 26
5 5 3 8 15 22 0 21 15 21 14 21 24 22 12
8 17 8 8 23 10 8 0 16 26 19 10 20 1 4
9 8 20 20 16 11 10 22 0 2 9 19 13 22 26
19 9 6 15 2 3 9 1 21 0 17 13 11 4 26
13 1 12 5 13 24 17 16 20 11 0 24 5 20 6
2 23 9 18 3 23 6 23 21 15 14 0 3 22 19
14 12 14 23 10 5 6 23 14 14 16 7 0 12 18
2 22 7 20 15 13 19 21 16 19 17 26 25 0 5
23 15 22 1 3 11 24 1 6 5 20 4 1 4 0

0 2 7 8 14 15 11 21 16 24 20 25 11 5 19
1 0 18 15 25 26 11 12 13 26 5 16 11 5 17
8 13 0 14 10 18 24 21 11 19 23 9 2 26 21
4 19 15 0 8 20 16 21 19 21 22 21 20 24 3
1 3 17 24 0 23 25 12 26 1 26 4 19 10 19
11 12 16 1 22 0 14 25 5 19 22 25 2 26 15
8 6 3 18 20 21 0 25 7 5 12 16 14 18 12
20 1 23 1 22 10 20 0 3 25 14 13 5 18 2
2 6 22 25 23 7 16 9 0 14 15 2 16 25 17
12 25 26 12 4 23 20 1 18 0 5 14 6 15 15
24 17 7 7 5 17 19 25 15 10 0 26 7 21 12
19 23 9 13 5 6 2 10 6 8 7 0 15 16 19
10 9 6 17 13 2 9 14 24 14 21 17 0 12 18
21 8 22 22 8 1 8 11 26 11 7 2 15 0 14
15 22 1 26 14 13 10 10 23 8 11 4 3 25 0

0 8 12 26 11 4 14 9 14 15 7 1 26 7 20
7 0 20 20 11 23 25 2 5 1 23 12 16 8 21
17 15 0 10 7 16 11 2 14 1 2 17 18 25 3
23 5 24 0 23 5 4 14 17 14 25 17 16 6 12
13 5 16 8 0 18 6 5 13 2 9 16 3 7 7
6 8 21 3 24 0 2 11 5 11 12 1 7 3 25
20 12 10 19 4 3 0 17 25 11 7 9 1 7 3
16 7 16 10 21 12 3 0 15 13 15 12 20 23 25
4 5 22 12 2 2 17 11 0 16 14 25 13 17 1
7 16 17 16 14 6 21 19 22 0 9 17 9 11 8
7 6 17 21 24 20 5 23 7 11 0 19 11 14 12
20 7 11 3 16 20 25 12 21 3 19 0 26 3 8
7 25 9 16 10 22 7 5 9 14 3 18 0 23 25
6 19 4 15 11 14 20 8 12 6 25 18 14 0 14
15 5 16 9 25 24 11 23 13 24 12 23 4 14 0

0 19 6 4 1 8 4 5 25 11 6 25 13 18 21
4 0 5 5 19 15 21 24 12 20 25 11 10 12 13
5 15 0 9 14 17 25 17 17 10 7 1 19 4 1
2 24 22 0 24 14 3 5 4 12 5 16 14 3 11
8 10 12 20 0 3 11 8 19 22 4 26 4 14 1
14 20 18 8 22 0 7 22 23 25 12 26 1 23 10
22 23 7 7 11 20 0 1 26 18 13 26 7 3 25
12 26 19 18 21 13 4 0 7 11 7 8 17 15 15
16 7 9 16 12 15 6 23 0 18 8 14 9 21 16
24 15 18 4 9 16 2 21 8 0 25 11 15 2 25
20 1 20 11 1 26 7 5 5 25 0 16 2 8 12
18 21 6 9 2 22 21 19 8 23 21 0 24 25 3
24 7 23 18 14 5 14 9 15 13 24 24 0 25 15
11 26 4 24 18 6 9 4 8 26 8 5 23 0 24
22 22 2 6 3 10 18 7 23 5 18 24 25 24 0

0 18 12 13 19 12 12 6 5 22 19 13 26 5 12
7 0 3 11 14 4 14 11 9 13 1 21 5 10 25
4 24 0 5 10 26 6 5 5 22 21 3 23 20 25
12 10 23 0 20 21 1 18 8 26 17 22 13 16 19
15 26 20 26 0 22 26 9 2 21 13 21 2 13 8
7 12 5 26 8 0 8 2 19 12 4 11 7 12 8
8 25 26 9 16 24 0 5 1 15 3 4 22 8 16
6 21 19 12 7 8 8 0 23 14 16 2 8 14 3
6 9 21 18 15 5 15 5 0 25 9 14 21 5 13
7 24 19 13 14 12 21 15 17 0 6 18 7 21 18
21 15 16 23 24 17 11 23 11 1 0 2 7 6 6
13 22 6 6 15 11 5 23 11 7 3 0 22 10 4
2 2 8 8 16 11 20 24 4 9 5 4 0 21 1
3 1 21 8 2 16 20 6 14 9 1 11 2 0 22
8 17 13 3 14 17 16 26 24 19 25 9 21 13 0

0 1 18 20 17 12 15 18 25 8 3 22 18 7 21
11 0 22 15 9 24 23 8 5 23 17 10 22 20 13
18 12 0 11 16 14 19 23 13 9 3 3 8 26 4
7 7 5 0 22 26 25 19 4 10 8 12 21 25 17
13 26 6 7 0 11 9 20 25 18 8 14 10 2 8
20 3 21 22 6 0 5 23 16 19 7 3 23 23 12
21 1 1 14 14 20 0 2 24 4 15 19 25 15 12
20 13 2 18 7 26 3 0 21 18 4 15 8 6 3
14 9 4 11 8 19 8 25 0 16 15 8 8 5 13
1 19 13 6 14 14 23 2 11 0 5 8 1 8 1
19 17 18 18 18 23 1 20 25 8 0 4 2 6 22
14 1 3 13 6 23 23 11 12 13 7 0 11 10 9
22 14 1 12 1 5 2 5 21 3 24 9 0 6 22
2 8 6 16 3 20 15 26 26 19 14 14 8 0 13
8 23 23 7 6 1 15 19 18 21 13 6 24 20 0

0 10 13 17 21 18 1 24 8 21 14 2 19 4 12
15 0 13 25 15 24 8 6 7 13 17 22 14 2 22
24 18 0 7 16 9 17 19 20 5 8 15 11 16 16
22 4 4 0 15 9 25 6 6 24 13 2 21 11 15
24 25 8 15 0 13 9 9 3 5 23 14 9 18 13
25 16 13 3 5 0 8 24 18 21 3 26 3 16 26
2 1 19 16 12 24 0 9 16 8 10 7 3 13 16
6 6 22 9 4 23 20 0 6 22 21 20 21 13 2
15 4 4 8 2 2 24 5 0 17 8 11 7 10 14
22 16 19 10 22 25 4 23 13 0 24 22 15 1 9
12 22 18 12 5 8 12 1 23 7 0 11 9 12 21
3 18 20 3 3 18 2 4 8 2 11 0 22 12 24
16 5 19 5 23 11 11 13 16 7 23 22 0 24 8
12 11 9 24 26 16 23 25 23 6 14 6 12 0 23
3 24 20 15 1 16 8 21 18 20 10 19 11 9 0

0 6 20 3 2 19 23 11 9 22 4 4 24 22 1
14 0 7 5 8 10 13 12 10 8 3 22 11 8 24
10 26 0 17 25 1 8 17 5 23 20 22 24 26 26
6 24 22 0 10 5 1 20 12 15 11 5 16 19 12
15 5 22 6 0 22 9 2 7 5 2 19 1 21 12
1 9 13 26 19 0 6 11 23 18 2 5 14 14 8
2 26 26 18 21 1 0 12 21 20 6 21 22 17 1
2 6 9 5 9 13 13 0 14 21 17 26 18 5 3
5 14 7 4 12 21 25 13 0 21 10 20 12 9 19
5 20 14 17 5 3 20 8 14 0 13 2 20 16 21
10 6 15 26 20 20 15 10 20 15 0 25 21 6 16
22 17 12 19 26 1 20 20 26 23 22 0 2 22 20
20 18 13 21 6 24 2 14 25 13 9 2 0 2 3
5 1 8 21 17 25 12 3 3 4 13 8 20 0 21
14 10 18 19 19 15 4 14 6 18 16 21 13 2 0

0 25 19 20 12 24 5 20 24 18 6 21 25 14 25
24 0 15 21 14 11 22 3 5 26 19 12 17 1 11
18 23 0 8 15 14 4 13 25 6 5 21 18 22 22
7 21 24 0 20 20 7 2 10 2 18 26 7 23 18
6 10 20 6 0 4 13 22 16 4 9 7 13 6 15
2 13 4 1 21 0 4 6 9 25 6 13 17 15 7
22 16 10 1 24 5 0 23 6 20 4 12 25 22 7
24 22 17 19 23 25 2 0 10 2 13 8 10 12 5
17 20 6 24 13 23 20 19 0 10 2 12 5 17 5
22 17 16 8 14 7 12 2 8 0 20 15 6 13 12
9 6 11 9 8 3 21 1 26 1 0 8 9 16 15
9 6 9 3 23 22 13 22 7 12 26 0 4 5 26
11 3 7 15 17 24 21 23 15 10 22 7 0 14 12
17 12 8 14 1 23 22 12 11 22 24 19 3 0 25
3 16 19 4 14 18 19 16 11 7 7 9 25 15 0

0 20 10 22 14 6 19 21 10 12 15 13 3 13 7
22 0 3 2 11 12 14 3 7 1 6 8 13 24 13
14 22 0 13 22 17 26 20 14 11 1 7 18 12 2
16 16 13 0 20 24 18 18 5 4 25 24 2 19 5
10 16 10 12 0 15 20 16 14 25 25 22 16 24 4
10 7 3 11 12 0 22 14 22 19 20 14 9 5 15
18 6 17 11 5 15 0 13 11 22 8 18 24 11 20
9 21 24 18 16 26 8 0 12 12 9 14 3 10 9
22 25 1 7 7 18 22 20 0 2 15 7 14 1 16
11 8 3 13 22 24 3 9 12 0 24 4 10 8 7
21 7 16 20 25 7 22 8 12 22 0 4 9 12 22
18 1 20 7 26 26 19 6 24 21 20 0 4 20 2
8 11 3 2 22 19 13 26 15 21 7 15 0 6 9
4 4 7 2 24 16 7 3 10 2 18 6 13 0 16
18 14 14 18 23 7 14 15 8 25 16 6 10 4 0

0 9 6 4 19 26 10 21 22 4 6 9 19 16 22
25 0 22 1 13 11 3 14 11 11 22 25 1 22 10
23 2 0 16 3 10 22 6 4 19 16 19 18 22 2
22 15 7 0 9 5 23 13 7 26 25 25 20 15 7
14 13 13 7 0 10 25 16 17 15 16 4 5 10 26
5 13 8 3 3 0 16 20 9 9 5 1 7 6 26
21 7 13 8 5 2 0 8 7 6 23 22 13 21 19
25 3 17 2 16 25 20 0 15 23 11 21 10 24 24
13 22 2 18 23 23 3 2 0 19 2 3 3 19 5
15 15 3 19 12 23 10 5 18 0 22 10 12 14 14
23 7 22 10 15 19 26 7 3 19 0 22 2 24 5
13 25 15 17 21 10 10 26 25 3 23 0 11 17 6
2 4 13 24 15 25 2 5 9 13 6 2 0 23 4
15 1 1 15 18 19 7 26 3 15 11 20 20 0 22
11 1 26 16 21 16 25 8 18 7 7 25 26 15 0

0 17 13 5 19 16 17 23 19 2 20 19 18 11 16
26 0 5 8 9 5 8 14 6 15 12 11 16 16 19
15 11 0 13 17 26 9 20 26 9 12 4 12 6 15
23 19 2 0 9 5 6 21 23 5 9 18 8 15 26
22 24 15 23 0 2 17 19 6 23 21 26 23 26 22
17 15 3 24 20 0 25 18 22 23 15 20 6 13 9
1 5 16 26 24 3 0 26 12 15 20 8 14 18 20
9 10 23 18 26 26 26 0 14 18 13 8 5 8 16
1 17 3 4 7 9 5 1 0 20 20 20 10 18 4
7 3 10 14 12 14 19 6 6 0 21 2 23 25 24
20 11 25 2 10 17 12 22 5 6 0 26 22 18 13
4 22 6 19 15 17 4 12 3 10 12 0 1 8 3
12 23 11 18 26 22 16 4 14 2 1 5 0 17 21
7 7 23 6 2 11 7 9 6 2 21 9 11 0 3
1 22 25 5 23 26 7 13 13 17 25 25 11 17 0

0 9 2 7 26 25 23 1 20 8 14 6 25 4 3
13 0 17 4 6 21 24 1 21 26 24 1 12 18 7
15 16 0 23 24 14 20 15 9 26 25 20 11 13 20
26 26 3 0 22 23 8 12 7 14 9 22 15 14 12
24 19 20 12 0 4 19 1 9 8 26 4 21 3 1
19 5 26 21 5 0 7 23 26 11 12 6 17 26 7
26 13 15 25 13 9 0 19 12 5 25 14 14 16 14
17 26 8 17 4 19 26 0 2 22 10 15 4 6 17
6 8 26 3 25 5 9 4 0 16 7 24 15 24 9
5 13 3 9 15 11 12 25 1 0 12 1 4 17 26
17 4 15 26 19 3 25 8 12 15 0 20 6 14 11
4 4 7 25 16 12 2 18 11 10 22 0 4 25 25
21 1 23 19 15 12 23 17 24 7 24 26 0 25 15
13 14 11 7 8 26 17 5 13 15 25 14 12 0 14
24 18 16 8 8 11 3 17 25 3 25 23 17 26 0

0 9 23 3 25 8 1 19 12 13 20 8 7 21 12
21 0 1 26 6 11 2 25 25 12 25 23 10 6 9
26 3 0 3 12 15 22 10 9 4 23 10 18 12 20
14 6 23 0 17 12 19 5 1 20 13 5 17 24 10
5 4 5 6 0 10 18 11 11 17 8 5 18 2 7
8 12 24 2 26 0 15 18 26 8 5 5 18 20 6
25 2 11 16 7 25 0 19 6 2 23 22 22 4 7
16 17 3 9 10 22 1 0 1 14 6 3 20 13 19
21 3 4 14 14 19 16 10 0 11 17 15 3 14 11
18 26 22 3 14 10 19 5 15 0 18 16 7 9 14
2 25 10 24 7 5 21 13 5 22 0 24 12 5 26
5 12 25 13 5 5 9 20 25 10 7 0 23 6 16
12 4 6 23 9 17 10 6 11 10 20 16 0 4 14
4 13 25 23 8 7 1 1 20 17 15 20 23 0 26
20 9 2 12 12 14 5 1 10 13 10 5 1 6 0
