20 10 3
10    1  3 60    1  4 48    2  5 95  2 95    2  0 87  5 87    1  1 72    2  9 5  7 5    2  8 35  7 35    3  7 39  9 39  6 39    3  6 54  3 54  9 54    2  2 66  0 66
10    3  7 37  2 37  9 37    2  6 34  4 34    2  0 97  1 97    2  5 55  8 55    2  2 21  0 21    1  3 20    2  4 59  8 59    1  9 46    1  8 19    3  1 46  8 46  0 46
10    2  4 45  8 45    3  2 73  3 73  9 73    1  1 24    3  8 28  3 28  9 28    1  0 28    2  3 25  5 25    1  5 23    1  7 83    3  9 5  2 5  1 5    1  6 78
10    2  0 53  9 53    3  2 12  1 12  9 12    1  9 12    3  1 37  9 37  0 37    3  8 33  1 33  2 33    2  3 71  2 71    1  6 55    3  5 29  1 29  3 29    3  7 87  4 87  2 87    1  4 38
10    1  4 90    2  2 49  0 49    2  9 27  0 27    2  7 65  9 65    2  5 7  0 7    2  6 23  3 23    2  0 48  8 48    1  3 83    2  8 17  1 17    2  1 40  4 40
10    3  3 85  7 85  5 85    2  4 25  1 25    3  2 84  8 84  5 84    3  6 64  4 64  7 64    2  9 13  6 13    1  1 66    1  7 46    1  8 59    2  0 62  4 62    1  5 19
10    2  5 88  4 88    2  6 67  9 67    1  4 14    2  0 41  2 41    3  1 73  7 73  5 73    2  7 57  1 57    2  2 53  6 53    1  3 80    2  9 47  8 47    3  8 74  1 74  2 74
10    1  1 78    1  5 64    1  4 63    3  6 46  2 46  7 46    1  3 84    2  0 84  6 84    2  8 28  6 28    3  9 52  0 52  2 52    2  7 26  5 26    2  2 41  4 41
10    1  1 11    1  0 64    1  6 97    3  9 38  1 38  4 38    3  2 17  9 17  7 17    3  4 85  1 85  8 85    1  5 73    3  3 10  8 10  9 10    1  8 95    2  7 67  0 67
10    3  3 93  0 93  8 93    2  2 95  8 95    3  7 43  2 43  1 43    1  1 65    1  8 32    3  0 59  7 59  4 59    1  6 85    3  5 46  0 46  9 46    1  9 85    2  4 60  3 60
10    3  2 61  5 61  4 61    1  3 41    1  5 49    3  4 23  3 23  6 23    3  0 66  3 66  6 66    3  7 49  0 49  1 49    1  8 70    2  9 99  1 99    1  1 90    1  6 17
10    2  4 13  7 13    2  7 7  4 7    2  1 98  4 98    3  8 57  1 57  2 57    3  0 73  5 73  9 73    3  3 73  8 73  1 73    3  2 68  4 68  7 68    2  5 40  7 40    3  9 98  0 98  8 98    2  6 9  5 9
10    1  9 86    3  6 76  5 76  3 76    2  4 14  5 14    1  3 41    3  1 85  7 85  8 85    2  0 37  8 37    2  8 19  3 19    1  2 17    1  7 54    2  5 79  2 79
10    1  1 40    1  2 53    1  7 97    3  5 87  2 87  4 87    3  8 96  0 96  4 96    2  4 84  8 84    2  3 16  6 16    1  6 66    2  9 52  1 52    2  0 95  6 95
10    2  6 33  1 33    3  1 33  3 33  4 33    3  3 87  4 87  7 87    3  0 18  7 18  9 18    1  2 55    3  8 13  4 13  9 13    2  4 77  7 77    3  7 60  0 60  9 60    3  9 42  2 42  7 42    2  5 74  0 74
10    3  7 92  1 92  4 92    2  5 91  7 91    3  8 79  0 79  5 79    1  2 54    1  4 69    2  6 79  3 79    3  3 33  8 33  0 33    1  1 61    2  9 39  8 39    3  0 16  8 16  3 16
10    3  6 82  8 82  2 82    3  1 41  2 41  0 41    3  4 28  9 28  2 28    1  5 64    2  2 78  1 78    2  3 76  6 76    1  7 6    1  8 49    3  9 47  8 47  6 47    3  0 58  8 58  4 58
10    3  0 52  8 52  7 52    2  5 42  2 42    1  8 24    1  9 91    3  3 47  6 47  5 47    1  6 88    3  4 91  7 91  0 91    2  7 52  9 52    3  2 28  7 28  8 28    1  1 35
10    1  5 82    1  2 76    3  3 86  4 86  7 86    2  6 93  9 93    2  4 84  3 84    2  7 38  0 38    2  8 95  5 95    1  9 37    2  1 21  4 21    1  0 23
10    2  9 77  1 77    1  4 8    2  6 42  5 42    1  7 64    1  0 70    1  2 45    2  8 45  3 45    2  5 28  6 28    2  3 67  0 67    1  1 86

0 25 4 5 2 25 4 26 17 14 27 2 3 19 24 10 17 26 23 17
4 0 1 26 18 26 1 20 8 25 16 10 13 24 9 20 11 19 7 27
25 21 0 10 14 26 18 18 26 26 25 1 8 5 12 21 26 23 17 7
7 17 23 0 20 8 26 15 4 8 15 16 20 18 14 17 25 4 11 23
8 10 24 9 0 2 8 3 16 8 13 25 14 25 12 3 12 15 26 15
20 9 9 27 5 0 16 19 21 26 21 17 17 26 13 17 2 11 13 14
12 14 17 5 15 10 0 17 2 6 26 20 27 21 14 15 17 14 24 11
19 24 16 5 15 24 11 0 16 19 23 7 10 3 7 26 22 19 24 6
10 16 3 26 22 8 3 17 0 2 3 12 24 18 17 21 5 20 6 5
22 23 9 23 9 5 7 27 10 0 1 11 20 11 19 27 15 18 20 15
21 1 5 13 19 7 7 25 11 15 0 5 9 3 15 6 17 23 12 21
26 20 20 2 23 25 16 14 24 7 23 0 23 13 15 17 11 11 13 16
20 7 24 14 19 3 18 5 9 21 21 8 0 10 13 5 9 26 9 21
23 20 19 25 12 21 14 12 14 6 23 7 18 0 3 10 7 10 1 3
7 1 7 8 4 11 11 22 13 20 12 3 4 6 0 9 27 14 1 4
3 23 3 26 7 13 25 6 19 25 21 23 19 25 22 0 16 25 7 1
12 3 3 20 22 12 17 25 22 23 11 22 16 5 27 12 0 8 5 24
18 25 1 5 11 15 23 5 20 17 14 19 1 7 27 25 23 0 18 2
16 17 15 13 1 26 25 17 15 26 9 20 6 20 20 27 11 21 0 7
22 20 2 12 20 10 22 21 25 10 13 4 18 2 13 26 3 24 12 0

0 1 3 5 13 12 3 22 6 25 1 13 11 9 20 7 11 14 13 2
10 0 12 27 11 19 6 21 18 9 17 11 22 10 10 19 13 17 23 20
16 15 0 10 5 13 27 22 1 24 15 5 4 9 10 5 5 21 7 6
22 7 17 0 17 8 11 2 22 20 27 7 11 13 4 22 25 21 15 4
22 24 24 24 0 15 19 24 16 7 3 21 22 20 1 26 11 16 16 8
24 5 26 24 12 0 9 12 11 1 5 17 2 20 17 8 25 10 15 25
15 24 1 13 26 19 0 1 22 9 5 11 25 6 8 23 11 4 22 1
15 16 13 5 25 20 24 0 2 10 18 2 11 2 4 19 25 16 19 11
16 8 14 15 5 9 3 15 0 1 27 10 13 3 20 15 20 21 4 10
20 22 20 1 15 2 9 12 10 0 26 23 3 20 21 5 26 22 27 26
27 20 8 10 27 1 4 12 25 9 0 17 2 21 18 18 21 7 7 8
4 7 7 27 5 7 11 16 25 23 8 0 18 22 1 11 22 15 26 4
24 25 7 4 17 25 14 9 19 18 17 13 0 20 18 2 20 19 5 1
24 8 19 23 5 21 20 5 11 12 17 13 11 0 5 19 16 22 20 24
21 25 7 18 8 13 15 20 9 20 27 10 16 18 0 24 15 19 11 7
20 27 18 21 19 5 27 27 17 3 9 14 20 9 24 0 18 6 22 24
6 2 1 12 8 13 26 4 25 12 2 19 10 13 23 7 0 16 25 12
1 18 18 21 6 27 20 12 13 7 5 14 1 13 21 22 18 0 19 13
9 5 18 23 8 11 21 20 19 13 24 18 21 24 3 26 2 1 0 2
10 26 8 9 20 13 26 7 27 13 10 19 3 12 20 17 16 10 15 0

0 16 25 23 20 26 13 27 19 1 10 25 4 1 20 21 12 4 20 3
9 0 22 23 21 24 22 2 7 3 3 16 2 15 12 25 15 24 17 20
1 21 0 12 15 24 11 1 27 16 25 20 13 27 21 16 27 11 1 15
25 5 17 0 21 2 24 23 19 19 22 12 17 27 12 10 7 3 21 2
8 4 17 26 0 18 8 23 8 21 8 23 5 2 10 16 27 18 2 8
18 13 3 15 25 0 7 1 18 16 17 22 17 9 13 19 8 1 22 2
13 27 20 26 8 16 0 21 21 1 20 15 12 24 27 18 12 15 21 25
10 9 27 10 16 11 19 0 21 10 8 11 4 18 18 21 16 26 5 18
2 7 15 16 5 15 11 21 0 5 21 26 15 23 5 16 19 6 7 2
8 16 11 12 12 17 11 3 23 0 15 18 6 26 2 27 12 11 11 22
26 14 16 22 8 9 3 16 16 26 0 15 21 7 7 27 14 13 6 4
1 20 8 16 26 10 26 18 14 2 26 0 19 19 2 18 22 12 21 8
19 9 23 4 4 22 2 6 3 24 2 11 0 15 21 6 19 18 1 22
26 16 19 25 26 21 10 11 14 8 24 13 2 0 23 16 1 3 11 14
20 16 7 11 15 11 7 10 5 20 26 20 8 5 0 1 23 27 7 21
9 10 19 10 27 5 17 14 19 26 16 9 5 8 8 0 10 26 6 18
2 9 21 11 10 12 20 16 19 19 12 25 4 2 16 2 0 15 20 1
10 13 15 20 8 17 4 11 15 23 7 26 4 7 22 3 9 0 23 2
11 4 1 27 24 8 4 1 6 22 27 24 27 8 11 14 12 27 0 13
9 20 5 8 11 7 26 12 18 8 15 20 9 21 19 22 1 6 22 0

0 16 8 25 11 6 18 1 25 2 2 18 13 24 25 11 22 14 6 4
27 0 2 1 5 24 2 7 14 3 11 19 10 15 24 2 12 24 12 15
21 11 0 18 2 23 22 14 3 20 9 9 5 21 19 7 11 22 5 23
11 12 7 0 27 7 6 23 4 9 26 6 12 15 11 2 11 2 6 10
3 17 8 4 0 2 5 26 14 7 11 19 7 20 25 15 10 15 18 25
17 10 23 22 21 0 23 10 2 12 12 12 27 3 14 1 18 4 16 13
19 25 10 9 14 7 0 19 17 5 10 22 19 24 16 15 8 3 26 23
19 24 6 22 4 26 9 0 4 1 8 20 13 13 8 2 7 1 26 17
21 23 17 18 23 26 19 21 0 24 8 20 17 18 19 5 25 10 10 9
14 6 8 24 22 27 9 23 19 0 5 21 27 26 24 17 6 16 23 20
12 13 3 12 23 25 27 12 19 3 0 24 4 15 27 4 15 19 25 10
10 9 5 7 4 27 21 14 21 10 25 0 25 22 3 21 22 7 10 10
23 13 5 8 8 23 9 26 14 15 13 25 0 1 23 4 11 6 6 22
22 11 14 26 20 7 16 26 4 27 9 15 1 0 16 13 8 20 11 19
15 8 5 14 26 1 23 3 23 9 21 15 3 21 0 22 17 22 18 4
13 22 18 11 20 10 5 1 12 14 9 3 1 11 4 0 26 15 13 15
7 5 27 7 25 8 19 21 1 12 5 10 27 14 16 14 0 26 9 2
27 19 9 11 20 2 18 4 12 5 9 11 19 8 18 9 14 0 11 21
6 9 1 20 3 25 19 2 11 25 24 5 23 8 27 26 2 18 0 18
2 23 24 13 14 12 17 8 1 1 22 24 6 17 25 2 26 9 16 0

0 11 11 25 8 4 7 11 6 23 26 1 4 2 21 6 4 25 16 15
7 0 6 18 27 5 8 19 15 18 27 25 5 5 17 3 27 5 9 11
14 19 0 22 4 20 3 9 5 17 27 26 7 17 27 4 22 15 11 22
3 16 3 0 8 27 12 19 7 17 13 10 12 1 3 27 4 22 25 12
12 24 20 24 0 15 18 8 16 1 11 7 9 17 1 7 7 22 24 18
27 8 13 7 10 0 15 12 13 26 20 10 15 4 1 5 7 25 23 20
5 23 20 18 11 24 0 19 9 15 20 11 7 9 8 11 24 20 8 6
12 21 7 17 20 27 18 0 5 8 17 1 20 20 27 13 9 3 12 8
3 8 18 26 2 23 19 14 0 16 11 15 3 14 14 14 9 10 15 14
8 23 18 12 16 1 14 19 5 0 5 9 2 9 22 5 4 3 25 7
18 8 4 26 24 1 19 19 8 22 0 21 8 12 5 25 17 23 7 15
27 26 1 14 20 23 8 22 14 5 26 0 15 22 14 13 7 6 14 25
8 24 3 13 19 11 14 6 15 19 17 22 0 25 13 4 11 9 8 19
12 1 24 13 13 8 10 4 8 26 10 20 26 0 7 7 24 22 16 18
21 3 24 8 18 20 26 14 1 18 1 3 27 20 0 25 19 8 15 18
5 8 19 23 21 25 7 18 22 1 15 17 23 27 4 0 10 12 19 20
17 11 19 21 3 25 9 8 9 12 16 18 2 2 4 26 0 21 15 20
25 10 1 18 25 5 18 13 4 4 3 5 10 18 13 1 3 0 15 15
2 20 1 7 22 21 22 3 19 23 7 11 18 3 16 4 7 21 0 22
18 5 6 17 1 14 5 5 26 1 8 11 16 22 25 14 7 25 21 0

0 17 15 25 10 3 8 26 6 20 21 12 3 12 3 18 15 3 19 22
25 0 7 3 12 11 9 11 7 1 20 7 23 3 20 21 12 6 13 3
13 22 0 4 12 26 10 9 6 6 11 25 21 6 17 14 23 26 6 20
20 19 20 0 4 14 26 21 2 20 16 10 11 9 24 22 19 1 17 27
10 21 7 3 0 10 14 8 16 12 24 8 12 2 6 23 3 9 19 15
10 12 17 23 24 0 25 8 3 3 2 12 10 2 15 9 1 25 21 1
21 24 18 1 13 13 0 8 3 4 2 10 6 19 8 12 22 26 21 25
21 13 22 17 23 2 9 0 19 3 6 22 23 10 27 12 4 5 27 8
24 16 22 12 2 15 23 27 0 3 5 8 13 22 21 10 1 24 24 24
9 11 27 26 19 20 25 17 20 0 17 9 1 17 16 14 25 25 27 18
23 3 27 21 8 13 24 11 7 16 0 9 17 27 8 6 15 22 23 17
16 4 5 10 13 24 8 4 9 24 20 0 6 11 19 21 19 18 25 4
23 8 24 23 12 13 5 10 24 7 23 8 0 26 16 11 10 17 23 25
20 18 13 8 7 10 22 25 2 1 16 26 25 0 3 8 3 19 9 21
11 9 20 5 2 5 9 26 7 7 9 7 6 24 0 5 24 21 3 13
12 22 15 15 21 4 3 21 14 8 17 9 2 27 15 0 2 9 10 8
19 3 2 4 3 27 6 25 16 15 27 9 27 8 8 1 0 26 19 20
26 19 17 13 14 11 4 12 14 1 22 20 19 26 24 17 4 0 10 12
4 20 5 14 18 25 16 22 7 13 3 12 20 14 3 8 23 16 0 10
22 1 19 13 4 18 1 12 4 18 10 8 1 5 14 6 2 5 12 0

0 11 25 2 21 1 24 6 18 25 5 5 21 14 16 18 3 1 19 6
1 0 22 18 24 24 6 12 12 11 10 2 10 16 13 18 13 24 7 16
20 16 0 11 5 5 6 16 10 8 13 12 15 24 1 18 21 11 2 12
16 26 3 0 8 16 21 21 12 10 26 23 2 16 3 22 9 21 5 6
22 27 18 18 0 18 12 14 22 20 23 20 6 3 26 23 9 19 10 18
16 21 2 20 9 0 23 11 4 12 23 22 1 23 6 12 12 17 2 18
11 20 9 9 10 1 0 16 3 8 16 4 14 10 25 20 13 7 19 19
6 26 26 16 19 23 12 0 7 5 18 25 16 21 6 10 14 3 20 20
18 15 13 21 2 16 15 19 0 22 14 6 15 10 11 20 12 7 17 2
19 4 10 20 3 25 1 2 9 0 7 15 27 3 12 12 23 7 18 10
7 8 6 18 5 8 2 14 24 16 0 10 2 24 15 2 8 8 19 22
21 14 3 18 16 21 16 4 17 20 27 0 6 10 19 10 7 23 10 13
20 4 11 12 25 13 18 9 2 20 11 9 0 1 16 23 5 14 12 1
19 4 15 21 3 24 2 4 14 10 10 12 24 0 2 16 26 7 7 6
18 24 12 11 25 21 11 3 18 12 13 24 24 23 0 12 14 12 11 26
18 8 1 24 6 3 3 23 22 12 16 12 1 13 25 0 23 23 2 24
26 14 23 6 17 23 14 4 8 4 1 1 16 26 14 3 0 27 12 23
22 15 14 19 17 8 19 6 20 9 6 24 9 15 6 7 20 0 21 9
23 8 18 24 14 13 11 13 15 12 22 20 12 23 5 18 3 1 0 13
19 18 4 23 20 17 11 7 11 7 15 9 24 17 17 22 12 7 24 0

0 16 1 14 18 13 7 26 19 20 6 27 1 21 7 11 7 15 23 5
3 0 17 25 20 17 9 26 3 2 27 4 14 22 1 9 26 23 25 22
18 17 0 13 23 26 24 16 24 21 7 7 25 6 10 4 12 10 27 1
22 9 17 0 25 10 22 12 26 25 17 21 3 18 11 3 6 2 20 25
12 27 20 7 0 14 10 27 25 23 24 11 9 17 17 10 17 3 19 27
9 19 4 20 27 0 23 6 14 19 13 4 15 20 2 20 8 22 13 24
22 17 22 10 11 24 0 23 16 3 10 3 7 7 18 20 5 11 19 6
19 25 17 23 10 1 12 0 17 23 16 8 2 8 19 25 26 16 6 27
10 18 21 22 13 27 13 13 0 6 10 15 16 4 26 5 25 11 17 1
20 18 24 20 22 15 14 3 2 0 11 23 10 6 24 5 19 5 12 12
26 13 15 13 24 7 24 11 9 3 0 26 16 18 23 6 12 1 3 17
26 8 27 6 15 5 5 5 2 12 11 0 16 5 17 9 21 11 25 5
19 15 27 26 24 17 21 13 20 23 6 15 0 23 12 15 9 14 3 27
14 25 23 18 3 3 25 21 16 24 14 18 11 0 8 25 12 21 24 21
6 15 23 15 22 1 6 16 6 6 5 18 16 26 0 6 27 6 4 21
7 27 17 6 6 24 25 25 2 1 10 12 3 8 6 0 8 3 9 18
19 27 7 27 25 16 11 23 15 9 3 8 11 16 24 5 0 20 3 4
21 9 19 4 1 23 6 5 16 10 6 10 5 25 14 22 25 0 27 22
18 25 1 12 1 6 20 22 3 20 24 11 1 8 12 22 11 18 0 20
11 10 24 2 23 6 8 5 4 4 27 18 3 21 9 7 8 19 8 0

0 1 3 11 20 14 27 11 25 4 16 27 7 14 19 11 12 17 16 26
12 0 14 4 20 8 1 14 3 6 5 25 22 3 4 2 9 15 15 11
10 27 0 1 6 1 26 1 21 12 5 25 24 4 26 7 5 14 12 1
14 17 25 0 21 25 20 9 22 27 16 4 16 12 21 21 21 27 27 17
20 26 3 20 0 8 4 6 5 2 14 14 5 4 24 17 24 27 10 1
1 4 26 12 6 0 1 9 7 23 20 24 6 24 22 21 15 23 14 12
23 1 23 18 1 11 0 7 22 10 19 16 6 13 19 9 15 24 4 3
4 8 3 10 20 5 11 0 16 1 18 25 25 19 7 12 21 16 14 15
6 23 9 25 9 11 23 8 0 23 23 9 24 21 5 7 9 3 11 21
25 21 15 14 17 19 3 13 4 0 2 27 25 23 12 18 10 5 7 11
15 26 5 22 26 22 1 15 11 19 0 18 23 5 23 11 6 13 5 27
2 24 15 5 25 22 14 25 9 16 1 0 9 27 21 18 2 20 20 16
15 13 12 8 8 6 25 16 14 13 12 11 0 23 4 2 6 17 12 10
20 17 11 10 19 13 11 1 13 5 8 8 24 0 6 4 8 26 4 18
17 16 10 14 1 9 4 20 27 16 7 24 8 20 0 6 4 11 13 15
14 6 5 20 9 16 11 11 3 18 24 1 10 19 12 0 25 3 7 18
11 22 23 8 8 7 6 2 20 17 14 27 3 15 19 18 0 10 7 14
2 21 21 3 7 26 2 1 12 5 3 8 7 6 6 9 5 0 18 20
8 13 23 27 5 15 6 10 15 25 5 16 8 4 25 5 21 21 0 13
14 16 13 21 7 26 20 17 6 17 23 19 12 12 7 23 11 25 26 0

0 8 22 7 24 8 7 21 21 3 20 27 20 26 4 4 1 11 1 18
11 0 16 1 25 1 22 1 21 13 7 27 17 25 4 26 11 10 12 27
6 2 0 4 9 5 4 15 12 15 24 14 11 10 10 6 27 27 16 26
9 20 9 0 23 3 11 8 2 26 13 4 14 26 20 9 16 12 19 4
20 22 5 22 0 26 17 11 20 23 15 23 8 16 26 7 8 23 18 7
20 5 10 20 15 0 9 13 13 10 4 13 7 5 14 2 4 4 19 11
3 6 14 2 13 9 0 16 14 19 26 22 5 18 11 9 14 3 8 27
3 16 12 4 7 19 10 0 14 15 2 14 24 25 27 18 6 6 20 4
15 24 4 2 26 20 12 14 0 12 4 27 12 7 9 23 2 23 2 15
19 23 20 15 4 11 19 5 16 0 20 2 3 3 7 1 20 15 8 11
21 18 12 15 26 17 13 8 10 21 0 19 22 5 1 7 3 20 15 19
1 25 11 23 13 2 1 26 27 7 3 0 11 1 24 10 9 24 6 27
12 16 17 25 1 13 23 26 26 8 13 3 0 5 16 21 26 13 6 20
7 3 5 4 15 19 15 3 6 21 5 11 14 0 6 10 6 4 11 25
10 3 20 23 9 2 5 7 9 6 4 2 21 7 0 4 19 11 25 14
8 13 11 6 25 1 26 2 1 9 16 10 11 5 12 0 9 15 2 10
2 5 7 12 23 17 24 15 7 6 15 11 6 16 5 1 0 14 10 19
1 6 5 17 1 6 12 1 15 6 9 21 20 7 6 27 3 0 24 11
11 8 12 13 3 26 17 16 1 27 3 4 15 5 8 3 14 7 0 19
16 11 20 19 16 22 14 4 4 9 17 24 9 18 23 3 18 13 26 0
