10 5 2
5    1  1 23    1  2 45    1  0 82    1  4 84    2  3 38  2 38
5    1  2 21    1  1 29    1  0 18    1  4 41    1  3 50
5    1  2 38    1  3 54    2  4 16  0 16    1  0 52    1  1 52
5    1  4 37    2  0 54  3 54    1  2 74    1  1 62    1  3 57
5    1  4 57    2  0 81  2 81    1  1 61    1  3 68    1  2 30
5    1  4 81    1  0 79    2  1 89  4 89    1  2 89    1  3 11
5    2  3 33  1 33    1  2 20    1  0 91    1  4 20    1  1 66
5    1  4 24    1  1 84    1  0 32    1  2 55    1  3 8
5    1  4 56    2  0 7  2 7    1  3 54    1  2 64    2  1 39  4 39
5    1  4 40    1  1 83    1  0 19    2  2 8  3 8    1  3 7

0 6 17 14 1 15 18 20 21 9
7 0 9 13 10 13 16 22 8 4
10 6 0 6 19 1 9 19 12 21
16 9 10 0 2 22 22 14 18 21
5 18 19 15 0 3 18 7 20 9
12 6 21 13 4 0 18 8 10 11
2 3 18 1 10 15 0 18 7 17
23 2 14 13 7 9 3 0 13 12
13 20 22 2 5 12 5 6 0 6
12 10 13 23 18 14 4 2 22 0

0 18 15 4 14 3 6 23 23 22
3 0 8 20 3 5 20 5 19 1
16 20 0 16 3 18 12 21 21 21
9 1 9 0 6 3 9 14 1 3
5 4 12 18 0 2 22 19 1 8
3 22 2 9 13 0 21 17 2 8
4 12 3 13 14 7 0 7 15 18
3 16 5 18 14 19 19 0 4 14
9 2 23 13 1 5 5 17 0 21
13 7 6 6 18 4 22 6 1 0

0 1 5 13 18 17 8 15 5 18
8 0 7 14 11 11 9 5 6 8
20 16 0 11 10 4 4 1 19 10
22 2 21 0 22 2 9 5 23 17
13 1 2 2 0 1 2 19 15 21
13 1 7 6 12 0 19 23 15 15
9 4 6 2 3 20 0 21 22 22
6 19 3 9 4 15 21 0 18 4
9 11 17 19 22 11 3 2 0 23
7 17 7 8 8 1 17 22 12 0

0 6 5 6 18 10 9 16 4 15
16 0 15 10 17 20 17 3 6 12
20 4 0 7 13 9 12 21 20 21
20 6 11 0 16 19 3 22 3 12
19 2 10 15 0 22 1 4 20 18
14 21 12 9 22 0 10 14 1 19
16 17 8 21 20 16 0 21 8 18
11 13 22 16 18 13 10 0 11 23
19 14 23 3 5 12 7 5 0 10
1 5 14 8 10 11 21 4 23 0

0 14 19 7 1 1 11 16 15 3
21 0 16 22 10 2 20 6 23 9
14 9 0 3 19 16 10 3 1 14
17 10 14 0 13 19 3 21 19 5
4 13 23 20 0 2 17 18 3 1
3 19 12 11 2 0 19 5 5 20
11 1 18 2 5 17 0 10 17 10
21 6 23 19 8 17 11 0 8 10
4 17 16 9 10 22 17 6 0 8
21 13 15 9 5 13 19 17 2 0
