10 10 3
10    1  2 44    1  3 5    2  5 58  2 58    2  4 97  5 97    1  0 9    2  7 84  0 84    1  8 77    3  9 96  6 96  3 96    2  1 58  0 58    3  6 89  2 89  9 89
10    2  4 15  5 15    2  7 31  3 31    3  1 87  8 87  3 87    3  8 57  3 57  7 57    2  0 77  6 77    1  3 85    3  2 81  8 81  0 81    2  5 39  8 39    3  9 73  3 73  7 73    3  6 21  3 21  9 21
10    1  9 82    2  6 22  5 22    1  4 10    1  3 70    3  1 49  2 49  6 49    3  0 40  9 40  1 40    2  8 34  3 34    3  2 48  9 48  1 48    1  7 80    3  5 71  1 71  2 71
10    2  1 91  2 91    1  2 17    3  7 62  1 62  3 62    3  5 75  4 75  2 75    1  8 47    1  4 11    2  3 7  0 7    2  6 72  0 72    2  9 35  1 35    1  0 55
10    2  6 71  3 71    2  1 90  0 90    1  3 75    1  0 64    2  2 94  1 94    2  8 15  4 15    3  4 12  7 12  5 12    2  7 67  1 67    3  9 20  8 20  5 20    3  5 50  4 50  7 50
10    2  7 70  6 70    1  5 93    1  8 77    1  2 29    2  4 58  5 58    2  6 93  5 93    3  3 68  6 68  9 68    1  1 57    2  9 7  2 7    3  0 52  7 52  5 52
10    2  6 87  1 87    2  1 63  6 63    1  4 26    2  5 6  8 6    3  2 82  1 82  8 82    2  3 27  0 27    1  7 56    1  8 48    3  9 36  2 36  7 36    1  0 95
10    2  0 36  6 36    2  5 15  6 15    3  8 41  0 41  2 41    2  9 78  5 78    2  3 76  4 76    1  6 84    1  4 30    1  7 76    3  2 36  1 36  4 36    3  1 8  9 8  7 8
10    3  5 88  1 88  8 88    1  2 81    3  3 13  8 13  9 13    1  6 82    2  4 54  0 54    3  7 13  0 13  8 13    2  8 29  5 29    2  9 40  1 40    1  1 78    1  0 75
10    3  9 88  0 88  7 88    3  4 54  0 54  5 54    2  6 64  9 64    1  7 32    2  0 52  3 52    3  2 6  5 6  4 6    1  8 54    1  5 82    3  3 6  6 6  4 6    1  1 26

0 17 19 23 9 9 15 9 16 25
4 0 16 22 25 17 17 15 4 11
19 22 0 2 16 17 15 19 8 25
8 23 9 0 22 1 14 26 14 10
8 19 7 13 0 23 17 20 3 1
8 18 6 22 17 0 9 12 25 11
12 25 9 13 18 7 0 2 13 22
10 4 5 2 17 4 2 0 24 19
21 22 20 2 23 23 23 25 0 15
18 22 19 18 15 1 15 6 25 0

0 12 19 26 11 19 8 25 19 18
16 0 23 6 14 18 1 14 8 6
24 21 0 20 22 12 17 13 12 19
15 20 3 0 5 22 24 2 13 22
15 5 22 16 0 19 14 9 14 14
4 25 10 20 20 0 4 2 12 6
12 3 22 26 5 22 0 20 18 15
11 6 6 11 5 16 5 0 21 1
13 14 4 23 23 18 7 25 0 6
4 25 3 3 6 13 3 9 14 0

0 25 2 18 2 13 9 14 5 8
23 0 26 3 25 22 8 21 14 22
14 25 0 11 25 7 25 18 20 3
2 2 21 0 2 17 7 3 12 15
1 20 3 14 0 1 2 8 16 24
3 2 8 5 17 0 20 20 25 4
21 13 9 25 6 19 0 10 15 16
6 21 4 15 12 26 15 0 22 6
3 1 3 17 25 20 16 17 0 10
8 19 11 2 13 2 4 25 22 0

0 24 7 23 12 15 4 12 1 2
20 0 18 6 19 20 25 12 15 20
19 4 0 5 22 19 23 25 17 17
1 19 20 0 18 19 3 15 1 16
14 9 25 22 0 6 7 10 23 6
9 17 24 23 5 0 1 15 26 4
14 10 23 17 25 16 0 6 10 14
20 6 3 2 13 15 17 0 1 24
8 8 7 17 24 19 15 24 0 11
26 21 25 2 15 14 14 22 17 0

0 26 24 12 20 26 5 24 15 11
2 0 3 10 7 17 17 4 21 19
12 17 0 11 17 20 2 19 15 13
21 19 13 0 14 3 23 15 1 9
21 21 12 8 0 12 7 17 20 10
2 3 25 15 26 0 8 3 2 13
4 4 9 9 13 15 0 22 18 2
12 12 17 2 2 14 10 0 19 1
24 2 13 3 15 23 6 18 0 3
10 14 19 14 4 18 19 6 18 0

0 18 5 13 1 24 6 11 22 26
12 0 18 25 23 25 7 19 4 19
24 18 0 3 17 25 12 5 7 8
18 11 20 0 20 5 15 23 14 18
19 12 12 3 0 9 12 23 11 10
9 8 6 11 23 0 24 14 9 2
16 2 13 21 5 3 0 4 24 23
2 13 19 6 7 11 9 0 7 12
26 11 16 26 16 3 8 7 0 4
18 12 12 4 7 26 17 21 26 0

0 7 18 18 9 24 22 18 24 14
15 0 11 11 14 9 5 6 17 19
8 4 0 17 20 7 25 23 9 3
20 3 16 0 11 23 21 8 14 7
14 20 26 14 0 9 8 19 13 4
20 12 22 12 17 0 4 21 17 7
11 13 13 6 24 11 0 24 25 3
13 7 4 3 2 26 19 0 10 13
15 12 7 11 9 15 9 20 0 14
22 19 12 6 15 21 26 20 15 0

0 3 25 1 24 19 25 20 19 10
3 0 18 4 18 12 13 7 12 11
14 17 0 16 17 22 24 1 20 17
14 19 3 0 5 18 3 8 24 23
13 3 9 8 0 17 24 1 11 11
13 4 19 25 22 0 6 20 20 10
23 5 23 12 17 4 0 19 2 17
12 3 9 22 3 23 8 0 15 6
10 1 26 13 12 15 3 21 0 8
22 12 2 1 16 5 25 10 4 0

0 8 25 5 1 26 22 7 3 26
10 0 13 22 2 13 24 23 12 11
1 23 0 18 25 15 12 8 23 13
3 21 5 0 19 23 18 20 26 10
7 3 25 10 0 9 16 15 21 10
13 11 21 21 12 0 4 4 21 16
5 1 3 21 18 2 0 8 13 24
2 26 15 11 5 4 16 0 1 22
5 20 18 9 11 5 15 24 0 4
20 12 22 8 14 17 1 14 14 0

0 4 9 13 8 11 14 16 26 18
3 0 6 13 11 13 9 24 5 12
15 16 0 3 18 23 18 20 2 23
22 7 22 0 11 13 17 5 7 20
4 19 5 1 0 17 3 17 10 14
26 9 4 22 23 0 7 15 23 15
11 11 4 2 14 24 0 19 15 19
23 23 20 14 6 18 22 0 25 10
8 24 13 19 4 18 2 20 0 24
17 17 14 20 21 21 14 14 14 0
