10 10 3
10    1  0 29    1  1 78    2  2 9  1 9    1  3 36    1  4 49    2  5 11  7 11    2  6 62  7 62    3  7 56  9 56  6 56    3  8 44  3 44  9 44    2  9 21  0 21
10    3  0 43  2 43  9 43    2  2 90  4 90    2  4 75  1 75    2  9 11  5 11    3  3 69  0 69  7 69    2  1 28  6 28    1  6 46    3  5 46  8 46  0 46    2  7 72  8 72    3  8 30  3 30  9 30
10    1  1 91    3  0 85  3 85  9 85    1  3 39    2  2 74  5 74    1  8 90    1  5 10    3  7 12  2 12  1 12    1  6 89    2  9 45  1 45    2  4 33  3 33
10    3  1 81  9 81  0 81    3  2 95  1 95  9 95    2  0 71  4 71    3  4 99  1 99  3 99    3  6 9  4 9  2 9    1  8 52    1  7 85    2  3 98  0 98    2  9 22  0 22    2  5 43  9 43
10    2  2 14  0 14    2  0 6  3 6    2  1 22  0 22    1  5 61    1  3 26    2  4 69  1 69    2  8 21  4 21    3  7 49  5 49  6 49    2  9 72  8 72    1  6 53
10    3  2 84  4 84  7 84    2  1 2  6 2    1  5 52    1  3 95    1  8 48    2  9 72  4 72    1  0 47    2  6 65  5 65    3  4 6  6 6  9 6    1  7 25
10    2  1 46  2 46    3  0 37  7 37  5 37    2  3 61  1 61    2  2 13  6 13    1  6 32    2  5 21  8 21    3  9 32  1 32  8 32    2  8 89  0 89    1  7 30    1  4 55
10    3  2 31  7 31  9 31    2  0 86  6 86    2  1 46  6 46    3  5 74  0 74  2 74    2  4 32  5 32    2  6 88  4 88    1  8 19    1  9 48    1  7 36    3  3 79  1 79  4 79
10    3  0 76  9 76  7 76    3  1 69  8 69  6 69    3  3 76  8 76  9 76    1  5 51    2  2 85  0 85    3  9 11  0 11  8 11    2  6 40  8 40    3  7 89  2 89  1 89    1  4 26    1  8 74
10    3  1 85  0 85  7 85    3  0 13  4 13  5 13    2  2 61  9 61    1  6 7    2  8 64  3 64    3  9 76  2 76  5 76    1  5 47    1  3 52    1  4 90    3  7 45  3 45  6 45

0 25 20 20 11 13 22 1 7 23
15 0 9 25 21 22 21 6 15 5
17 14 0 2 6 10 18 11 8 20
19 9 17 0 11 11 12 22 20 12
8 17 14 20 0 13 9 2 17 3
20 8 6 1 3 0 14 22 17 17
23 9 7 14 24 3 0 23 16 20
1 22 18 12 13 14 1 0 16 22
9 10 6 18 3 5 12 14 0 25
25 17 2 26 17 13 18 12 22 0

0 7 13 17 15 25 19 22 16 19
12 0 21 19 20 11 18 17 5 18
8 2 0 5 26 22 3 4 17 22
23 18 2 0 22 2 12 10 15 20
9 25 7 25 0 5 3 22 15 21
1 19 2 16 12 0 23 22 2 17
23 17 4 22 21 7 0 19 22 6
16 4 25 3 5 8 20 0 1 25
17 7 14 11 7 1 15 2 0 8
2 1 19 7 11 24 14 7 14 0

0 13 2 17 21 8 6 21 13 5
8 0 16 6 26 26 26 26 22 10
12 10 0 12 1 1 16 23 2 25
20 10 25 0 7 25 23 2 6 18
5 19 12 16 0 24 25 18 13 3
14 17 24 4 15 0 5 16 3 24
13 23 2 7 7 21 0 5 18 18
19 16 18 5 1 17 6 0 9 13
19 2 6 18 11 1 13 10 0 25
18 22 13 8 2 26 24 25 5 0

0 23 12 15 20 15 22 11 10 24
5 0 8 16 15 7 7 13 7 1
5 8 0 13 8 15 14 22 25 1
9 22 11 0 19 23 20 21 23 3
2 6 11 5 0 6 21 23 5 25
15 8 24 1 17 0 6 3 10 13
15 22 24 22 3 19 0 25 9 3
9 25 20 21 25 18 2 0 19 3
24 17 14 7 12 13 14 12 0 14
16 18 26 15 3 2 5 13 4 0

0 11 18 3 10 20 26 7 26 25
1 0 9 7 3 14 9 10 14 7
17 24 0 13 4 2 23 14 5 12
2 15 25 0 7 5 10 15 1 25
5 8 5 2 0 4 9 22 23 26
7 18 6 13 1 0 21 9 5 23
8 5 12 11 19 12 0 14 11 6
20 14 22 7 14 4 4 0 9 15
1 15 17 12 6 20 14 22 0 23
25 1 24 14 16 13 22 16 4 0

0 15 23 10 18 6 8 4 25 14
16 0 14 16 24 14 24 16 22 7
24 5 0 22 22 10 4 13 18 4
7 15 17 0 15 13 12 9 18 25
10 9 10 8 0 19 15 7 15 21
22 12 18 21 22 0 12 5 14 18
4 6 26 18 15 10 0 3 15 4
17 22 7 17 23 10 22 0 10 12
22 16 20 14 5 22 17 9 0 10
18 22 22 11 1 13 4 6 6 0

0 26 25 21 7 20 15 26 2 23
6 0 16 14 16 12 15 5 4 3
18 26 0 3 26 4 15 9 2 19
4 25 12 0 10 21 2 12 2 2
2 1 7 15 0 2 1 12 21 2
8 10 1 9 13 0 20 19 21 9
1 9 12 20 6 12 0 24 23 2
4 15 15 11 24 6 12 0 11 24
16 16 15 12 22 19 10 15 0 17
14 8 11 12 18 23 11 8 15 0

0 1 17 13 7 11 17 20 9 10
8 0 7 23 25 5 10 18 13 9
6 22 0 20 11 11 3 5 19 10
23 25 24 0 7 1 13 4 13 24
10 21 25 16 0 16 2 1 23 22
6 22 2 21 23 0 25 2 12 20
25 12 25 24 17 21 0 7 24 9
7 13 25 21 18 9 9 0 26 16
1 1 13 6 16 17 11 17 0 5
21 22 6 16 24 1 14 17 4 0

0 25 22 3 12 12 25 2 24 17
11 0 14 21 2 20 17 1 3 17
18 24 0 25 22 3 21 2 16 17
3 24 23 0 19 4 11 3 10 17
14 20 17 9 0 7 1 9 18 15
22 15 13 6 9 0 2 13 7 17
14 17 20 21 18 12 0 3 16 1
25 2 18 8 2 8 19 0 6 10
17 16 7 19 18 8 15 25 0 9
3 12 25 21 19 23 17 20 15 0

0 19 19 9 4 26 25 21 17 2
21 0 3 19 19 17 16 13 5 20
26 22 0 6 24 16 8 22 21 7
16 23 13 0 3 26 23 8 18 21
11 3 8 3 0 10 2 5 16 19
18 20 9 10 16 0 26 5 23 7
26 13 10 3 26 5 0 12 19 14
10 10 15 15 1 10 9 0 4 20
14 16 10 19 14 7 3 24 0 24
1 26 2 1 19 14 8 2 14 0
