10 10 2
10    1  1 21    1  6 71    1  9 16    1  8 52    2  7 26  9 26    1  2 34    1  0 53    1  4 21    1  3 55    1  5 95
10    1  4 55    1  2 31    2  5 98  8 98    1  9 79    1  0 12    2  7 66  9 66    1  1 42    1  8 77    1  6 77    1  3 39
10    1  3 34    2  2 64  5 64    1  8 62    1  1 19    1  4 92    1  9 79    1  7 43    2  6 54  3 54    1  0 83    1  5 37
10    2  1 87  2 87    1  3 69    1  2 87    1  7 38    1  8 24    1  9 83    1  6 41    1  0 93    1  5 77    1  4 60
10    1  2 98    2  0 44  8 44    1  5 25    2  6 75  4 75    1  7 43    1  1 49    1  4 96    2  9 77  8 77    1  3 17    2  8 79  7 79
10    1  2 35    1  3 76    1  5 28    1  9 10    1  4 61    1  6 9    1  0 95    1  8 35    1  1 7    1  7 95
10    1  3 16    1  2 59    1  0 46    1  1 91    1  9 43    1  8 50    1  6 52    1  5 59    1  4 28    1  7 27
10    2  1 45  2 45    1  0 87    1  3 41    1  4 20    1  6 54    1  9 43    1  8 14    1  5 9    1  2 39    1  7 71
10    2  4 33  7 33    1  2 37    1  8 66    1  5 33    1  3 26    1  7 8    1  1 28    1  6 89    1  9 42    1  0 78
10    2  8 69  9 69    1  9 81    1  2 94    1  4 96    1  3 27    1  0 69    1  7 45    1  6 78    1  1 74    1  5 84

0 24 25 8 22 22 24 4 6 24
1 0 10 7 21 19 10 24 23 1
18 24 0 17 18 26 23 5 9 14
18 23 7 0 11 8 15 7 5 21
2 3 27 25 0 11 11 11 10 9
3 16 22 21 11 0 19 26 12 6
4 23 6 27 22 11 0 20 25 6
18 21 2 27 16 21 13 0 24 11
18 21 24 11 18 24 1 22 0 2
27 11 21 23 3 14 8 4 16 0

0 1 2 21 4 14 13 3 27 6
1 0 7 13 12 26 1 4 17 14
4 23 0 18 13 15 26 6 22 10
19 3 3 0 9 24 10 20 26 18
11 24 16 10 0 27 15 17 26 21
7 25 25 24 23 0 15 26 3 16
14 19 1 9 19 27 0 18 20 2
25 17 21 26 6 4 19 0 15 6
8 23 26 21 10 3 9 26 0 8
14 25 10 16 25 1 8 12 17 0

0 26 1 12 24 8 18 26 17 8
10 0 17 27 7 18 25 16 11 2
19 8 0 6 5 20 14 17 27 18
17 5 11 0 24 27 10 26 23 23
4 18 25 16 0 12 12 22 18 18
17 26 10 19 1 0 16 17 11 14
17 26 25 11 8 11 0 1 17 26
14 24 6 13 27 26 10 0 14 4
2 20 7 21 17 19 8 9 0 18
14 9 4 11 11 9 27 12 8 0

0 25 22 2 2 23 21 19 27 11
25 0 12 19 6 17 24 12 5 4
27 2 0 8 4 17 21 24 11 6
15 13 14 0 22 8 26 20 21 15
13 12 14 3 0 25 14 8 18 14
10 8 25 6 21 0 12 21 2 22
7 15 15 21 6 21 0 8 13 8
27 20 16 1 3 24 3 0 12 14
4 19 15 7 25 3 2 2 0 4
27 25 5 4 14 21 27 20 25 0

0 26 6 3 21 27 6 14 23 7
8 0 6 15 4 10 8 18 17 22
4 5 0 22 17 8 23 2 19 10
6 21 12 0 22 2 2 4 8 19
17 18 6 12 0 8 11 25 13 4
3 13 11 21 23 0 4 4 21 18
20 19 19 16 5 24 0 19 5 9
7 11 16 16 13 21 21 0 9 25
25 5 25 20 11 21 10 22 0 1
27 6 11 13 24 10 5 21 10 0

0 17 18 16 27 3 8 17 5 4
21 0 22 22 27 8 3 12 7 17
1 18 0 21 23 2 1 21 3 15
1 8 23 0 5 27 24 7 24 1
2 23 5 23 0 26 2 27 4 9
21 6 4 17 21 0 3 10 4 5
2 3 27 21 26 3 0 14 11 22
13 24 19 22 26 9 10 0 5 1
3 16 23 10 8 14 13 5 0 3
11 15 15 2 27 20 18 19 8 0

0 2 26 26 5 11 11 1 27 12
24 0 15 10 20 1 22 17 12 20
16 2 0 24 19 8 23 7 26 5
23 24 6 0 17 15 10 20 5 24
4 2 8 24 0 2 12 13 27 18
25 22 19 14 3 0 9 1 24 12
12 21 27 14 25 1 0 8 14 5
18 16 16 23 8 5 23 0 20 21
6 24 10 24 9 8 20 22 0 24
18 23 7 15 27 7 5 4 1 0

0 3 6 6 15 18 14 10 18 13
17 0 7 6 17 22 1 18 7 21
6 23 0 14 7 18 12 18 17 7
26 21 7 0 15 1 24 3 1 13
27 7 13 19 0 19 19 9 23 2
17 3 5 25 11 0 3 26 11 6
9 21 16 17 23 22 0 3 11 21
9 19 16 7 10 25 11 0 13 20
24 6 9 4 19 20 5 17 0 26
27 20 5 10 16 4 24 7 12 0

0 19 13 27 9 21 14 3 25 13
18 0 9 11 13 14 17 5 15 17
22 8 0 1 26 16 16 18 14 10
12 9 19 0 8 11 3 20 22 12
14 4 21 4 0 18 25 13 5 3
5 8 13 25 7 0 2 24 23 15
21 8 12 12 26 21 0 4 16 11
14 21 3 1 7 7 4 0 20 15
6 24 15 6 10 17 16 15 0 19
22 10 22 17 2 7 22 25 17 0

0 11 16 12 15 18 18 11 14 24
3 0 2 8 27 18 18 8 17 3
8 26 0 12 26 11 9 16 21 21
18 27 2 0 9 9 23 11 22 22
7 13 14 24 0 18 23 18 3 24
27 9 22 18 17 0 19 15 19 2
20 15 15 20 5 16 0 9 25 20
8 18 13 7 4 5 3 0 21 13
2 15 3 24 5 25 9 13 0 21
17 9 13 12 14 8 8 19 6 0
