20 5 4
5    2  3 60  4 60    1  0 87    2  1 72  2 72    3  1 95  2 95  4 95    3  0 66  1 66  2 66
5    4  0 54  1 54  2 54  4 54    1  0 48    4  0 39  1 39  2 39  4 39    1  3 35    2  1 5  4 5
5    3  1 20  2 20  3 20    2  0 46  1 46    3  0 97  2 97  4 97    4  1 21  2 21  3 21  4 21    3  1 55  2 55  4 55
5    2  2 37  4 37    2  0 59  4 59    4  1 19  2 19  3 19  4 19    1  1 34    2  1 46  4 46
5    4  0 73  2 73  3 73  4 73    4  0 25  1 25  3 25  4 25    2  1 24  3 24    2  0 28  4 28    3  0 23  2 23  4 23
5    2  0 78  1 78    4  0 28  1 28  2 28  3 28    3  1 83  2 83  3 83    2  0 45  3 45    1  4 5
5    2  0 71  3 71    4  0 37  1 37  2 37  4 37    3  2 12  3 12  4 12    1  4 29    2  0 53  1 53
5    1  4 12    1  3 33    4  0 55  1 55  2 55  4 55    1  2 87    2  0 38  3 38
5    1  0 48    4  0 40  1 40  3 40  4 40    4  0 49  2 49  3 49  4 49    3  0 83  1 83  3 83    3  0 7  3 7  4 7
5    3  0 90  1 90  4 90    3  0 27  2 27  4 27    2  2 65  4 65    4  1 17  2 17  3 17  4 17    2  1 23  3 23
5    3  0 62  1 62  3 62    1  3 85    4  0 66  1 66  2 66  3 66    2  1 84  2 84    2  2 19  4 19
5    4  0 59  1 59  3 59  4 59    2  0 46  2 46    2  3 13  4 13    2  1 64  3 64    1  0 25
5    3  1 53  2 53  4 53    4  1 73  2 73  3 73  4 73    2  1 80  3 80    1  4 88    3  0 41  2 41  3 41
5    2  1 57  2 57    3  2 47  3 47  4 47    1  0 14    3  0 67  1 67  2 67    1  3 74
5    2  1 41  2 41    1  4 64    3  2 84  3 84  4 84    2  1 78  4 78    4  0 84  1 84  3 84  4 84
5    3  0 52  3 52  4 52    1  3 28    2  2 26  3 26    3  0 63  3 63  4 63    2  1 46  4 46
5    3  1 11  2 11  3 11    2  0 64  4 64    2  0 10  3 10    1  4 73    2  2 17  3 17
5    4  0 38  1 38  2 38  4 38    3  0 95  1 95  3 95    2  0 85  2 85    2  1 97  2 97    4  1 67  2 67  3 67  4 67
5    2  3 93  4 93    3  1 65  3 65  4 65    4  1 95  2 95  3 95  4 95    3  0 59  3 59  4 59    4  0 46  2 46  3 46  4 46
5    1  0 60    2  1 85  2 85    1  2 43    3  0 85  2 85  4 85    2  3 32  4 32

0 26 15 19 24 1 14 3 7 2 13 26 25 25 5 16 11 12 15 24
24 0 17 21 15 13 4 10 7 18 2 3 15 10 20 22 22 12 23 23
11 3 0 20 1 4 25 5 18 9 15 23 11 1 12 9 4 13 13 17
16 13 15 0 25 5 16 14 16 21 17 2 14 11 11 13 9 21 24 17
22 10 20 6 0 8 21 10 25 18 2 17 21 15 26 5 24 23 16 17
22 15 24 24 17 0 16 16 25 11 8 26 20 18 17 13 11 15 8 1
7 8 4 12 3 26 0 9 14 25 24 18 13 7 17 3 7 26 6 26
4 7 23 2 24 1 26 0 19 8 12 16 3 24 10 17 13 10 14 3
2 21 5 7 3 5 1 18 0 1 3 19 24 12 22 9 9 2 18 12
12 9 26 5 1 25 8 4 11 0 26 23 23 24 21 11 4 8 19 4
24 4 3 18 12 19 3 6 26 10 0 15 8 6 14 16 2 22 19 2
17 10 6 2 11 4 1 21 15 18 3 0 1 10 9 21 9 16 16 20
8 17 25 19 3 9 13 20 3 18 4 17 0 19 6 7 26 9 25 14
5 7 14 13 3 13 9 17 10 26 2 22 23 0 21 14 2 1 19 24
5 25 19 11 21 9 15 19 14 21 23 12 2 11 0 26 26 18 24 21
5 5 8 19 17 26 25 17 24 16 25 20 4 26 9 0 21 26 25 1
5 2 7 11 8 11 4 23 17 4 16 17 10 23 22 17 0 20 16 14
10 21 5 19 19 15 10 5 14 24 3 9 10 7 2 19 1 0 5 25
18 2 11 23 21 15 7 22 25 15 3 18 9 16 15 22 9 18 0 8
11 5 19 4 5 19 1 24 2 2 9 24 11 17 7 7 12 12 14 0

0 21 23 2 25 15 8 10 26 26 6 20 24 25 18 15 6 13 17 22
9 0 7 11 7 19 12 21 21 8 2 2 25 17 22 13 13 8 3 15
17 26 0 11 11 19 21 17 17 17 24 24 21 15 11 19 6 5 25 13
8 21 11 0 25 23 11 16 14 3 7 4 9 6 15 25 26 21 22 12
1 7 26 6 0 20 9 1 23 13 17 19 18 4 24 11 3 11 24 20
6 20 9 16 9 0 19 14 3 18 8 9 20 26 2 17 7 14 12 5
19 15 18 15 5 5 0 20 9 18 9 9 24 14 12 25 25 14 22 10
2 3 15 18 20 21 18 0 23 24 9 4 22 8 24 21 22 11 15 11
9 20 5 23 19 24 9 19 0 15 15 18 11 6 5 13 19 6 11 9
25 17 19 10 11 2 17 2 25 0 20 18 5 11 26 21 14 16 16 1
5 3 5 5 14 4 16 4 12 8 0 10 10 21 4 3 25 2 12 1
5 5 21 12 26 13 21 8 25 8 7 0 12 9 20 9 17 15 22 19
10 17 12 19 26 14 24 17 13 8 23 26 0 18 10 22 4 8 2 19
4 15 2 18 14 13 19 7 20 24 24 3 2 0 22 11 21 21 26 10
11 16 19 11 26 24 1 17 12 3 24 4 20 2 0 10 17 9 26 15
22 18 26 16 25 9 17 12 22 15 11 9 22 24 9 0 12 14 10 20
14 6 10 26 15 7 1 23 16 8 19 25 22 17 4 3 0 7 8 7
7 24 15 5 2 4 15 8 6 17 24 6 21 9 17 3 22 0 17 21
25 14 6 16 24 8 9 24 19 12 22 19 8 26 24 2 13 16 0 24
10 9 20 19 14 17 26 24 22 13 3 7 4 7 21 6 2 20 23 0

0 5 20 19 8 4 14 3 14 18 6 4 21 14 23 22 19 18 12 24
3 0 11 12 19 24 2 19 2 15 18 25 24 1 11 14 7 26 11 25
7 9 0 11 26 5 6 9 13 1 19 10 5 9 25 13 18 18 3 26
13 8 3 0 15 8 1 9 19 3 12 10 12 26 1 15 21 7 8 2
13 22 19 25 0 26 18 22 12 13 24 26 24 14 22 11 15 26 16 24
3 14 24 19 6 0 20 11 1 24 5 14 3 18 11 12 12 21 9 20
4 14 23 17 20 13 0 14 3 12 18 2 24 18 18 25 22 24 9 9
22 6 12 6 6 5 21 0 25 5 25 26 25 1 21 4 1 5 8 15
9 11 3 9 11 11 16 1 0 8 11 26 7 13 5 21 6 16 4 12
3 7 9 2 23 12 17 20 8 0 20 23 17 22 2 23 10 10 4 11
24 16 3 2 11 18 15 23 24 10 0 14 6 21 18 6 7 11 2 20
14 7 23 22 26 10 25 11 26 23 3 0 21 16 26 17 13 23 24 21
12 6 25 8 18 7 22 8 21 3 24 13 0 20 5 17 2 10 6 6
23 22 13 11 8 6 11 20 21 22 20 26 12 0 1 3 7 2 12 15
7 24 16 14 5 12 2 9 7 13 7 25 11 22 0 14 19 25 7 17
1 20 3 2 2 6 11 3 3 7 14 11 17 4 7 0 22 10 1 9
21 18 5 14 11 16 3 25 25 3 21 9 13 5 4 5 0 2 23 3
4 21 1 20 9 2 3 14 13 10 14 2 24 3 16 9 17 0 13 23
21 10 10 21 18 15 9 17 2 26 2 14 16 18 6 2 9 25 0 6
12 18 7 24 20 10 7 7 8 9 21 22 26 3 13 11 9 4 22 0

0 22 8 23 17 23 12 22 17 20 18 1 11 7 21 6 16 17 20 26
11 0 22 15 22 24 4 18 20 13 12 8 25 26 12 12 25 22 2 15
9 14 0 16 16 10 20 24 1 21 11 13 8 5 14 13 6 3 8 13
6 14 2 0 8 22 14 19 12 20 8 2 9 7 8 20 12 12 19 24
24 6 19 20 0 10 1 6 13 21 25 19 26 13 22 8 3 7 5 7
23 26 16 7 26 0 20 21 18 18 20 21 8 13 9 11 3 22 24 25
2 2 15 2 15 19 0 4 7 6 25 7 17 25 17 14 22 21 17 21
5 7 25 16 23 12 17 0 6 9 10 17 4 15 3 21 21 2 25 9
2 6 3 21 21 14 9 7 0 15 16 1 13 19 2 21 18 17 6 14
17 4 16 1 22 7 14 2 24 0 24 19 10 2 15 25 7 22 11 23
22 5 17 8 20 6 17 17 11 21 0 16 13 3 5 2 2 10 16 24
19 6 13 7 23 17 25 11 22 19 5 0 12 20 11 12 5 21 1 25
16 10 21 8 4 5 23 18 17 26 24 25 0 3 15 13 7 5 21 6
8 22 16 22 8 5 7 8 25 16 5 24 3 0 9 2 8 22 21 9
6 22 2 15 8 23 9 10 25 12 1 11 11 11 0 22 14 24 13 13
8 4 17 9 9 6 14 7 7 24 1 13 10 20 12 0 26 15 12 23
11 24 6 10 8 3 8 8 14 21 25 14 18 8 1 25 0 20 11 7
17 17 11 13 17 10 19 25 15 25 23 14 12 24 14 16 7 0 6 4
8 1 7 2 12 3 17 6 24 2 16 8 26 2 24 8 26 26 0 22
17 1 9 5 3 25 10 3 4 13 26 3 10 8 9 10 10 5 19 0

0 11 18 12 22 14 6 5 5 13 7 8 25 16 8 11 14 15 1 25
25 0 17 25 22 9 19 13 17 11 15 26 19 4 12 17 15 14 20 17
16 15 0 5 26 22 14 11 7 5 15 5 19 26 17 16 25 19 9 14
17 2 23 0 26 5 20 6 24 21 23 3 26 10 18 13 21 7 21 4
24 2 6 8 0 9 9 24 21 24 1 16 19 6 13 18 17 23 21 15
24 24 4 4 6 0 7 26 22 17 26 7 22 17 1 26 22 23 10 3
6 17 3 10 16 8 0 6 2 3 5 14 10 12 7 11 18 15 12 25
13 25 8 23 8 16 15 0 8 13 6 21 21 10 3 6 4 25 15 24
22 21 16 10 25 7 20 18 0 2 7 2 13 13 22 8 2 2 19 15
15 17 14 2 24 9 8 1 26 0 8 5 8 6 8 12 7 7 7 16
15 3 9 19 21 4 8 14 4 11 0 13 24 17 13 9 25 9 10 3
19 7 1 1 3 18 13 24 6 5 16 0 21 16 14 15 22 23 20 16
18 21 15 2 12 5 23 22 12 23 20 11 0 1 20 9 4 22 24 14
25 26 21 3 22 16 19 1 23 11 15 13 6 0 19 18 26 14 12 15
17 5 4 17 15 20 5 6 21 24 17 13 22 1 0 4 18 22 1 26
20 1 7 23 12 17 1 15 18 22 7 13 5 20 18 0 6 25 23 10
10 10 17 20 1 6 21 16 4 4 11 7 7 9 20 4 0 23 8 25
18 10 4 2 15 5 5 12 7 26 19 19 6 15 19 26 11 0 1 23
21 13 2 18 23 3 4 2 18 19 15 17 8 13 5 3 20 21 0 4
12 20 3 15 14 5 12 23 12 13 18 12 12 11 9 5 21 21 15 0
