15 5 5
5    2  1 92  3 92    2  2 94  3 94    2  0 12  2 12    2  2 91  4 91    2  1 7  3 7
5    2  2 21  4 21    2  1 19  4 19    3  0 87  1 87  4 87    3  2 11  3 11  4 11    1  4 66
5    1  1 14    4  0 13  2 13  3 13  4 13    2  0 75  1 75    1  4 16    4  0 20  1 20  2 20  4 20
5    2  2 95  3 95    4  0 66  1 66  2 66  4 66    4  0 7  1 7  2 7  3 7    3  1 77  3 77  4 77    2  2 7  3 7
5    2  1 34  2 34    3  0 89  2 89  4 89    2  2 6  3 6    2  0 45  1 45    2  0 15  3 15
5    3  0 88  3 88  4 88    5  0 77  1 77  2 77  3 77  4 77    4  0 20  2 20  3 20  4 20    2  1 53  2 53    3  0 76  1 76  2 76
5    2  0 9  4 9    4  0 27  1 27  2 27  3 27    1  0 52    1  1 88    4  1 74  2 74  3 74  4 74
5    5  0 69  1 69  2 69  3 69  4 69    2  0 52  2 52    3  0 62  1 62  3 62    2  1 88  3 88    3  1 98  2 98  4 98
5    3  1 90  2 90  3 90    3  0 62  2 62  4 62    4  0 9  1 9  3 9  4 9    2  2 61  3 61    2  1 52  4 52
5    2  3 5  4 5    1  2 54    4  1 59  2 59  3 59  4 59    4  0 88  1 88  2 88  3 88    3  0 15  1 15  4 15
5    3  0 41  2 41  3 41    2  1 50  3 50    2  0 78  4 78    5  0 53  1 53  2 53  3 53  4 53    3  0 23  1 23  2 23
5    2  0 38  4 38    2  1 72  4 72    2  2 91  3 91    3  0 68  2 68  3 68    3  1 71  2 71  3 71
5    3  0 45  3 45  4 45    4  0 95  2 95  3 95  4 95    2  0 52  4 52    3  1 25  2 25  4 25    1  1 6
5    2  3 30  4 30    1  1 66    3  0 23  2 23  3 23    2  2 36  4 36    3  0 17  2 17  4 17
5    2  1 95  2 95    2  0 71  3 71    3  0 76  1 76  3 76    2  0 8  1 8    3  1 88  3 88  4 88

0 26 24 10 13 3 12 10 5 25 14 21 14 4 5
12 0 11 21 20 22 19 9 3 1 15 1 7 6 11
3 20 0 10 23 19 14 13 6 4 4 11 2 21 22
7 16 19 0 1 8 8 10 9 23 23 1 2 16 6
5 18 7 20 0 4 16 4 2 7 17 21 7 23 6
16 13 1 26 17 0 23 18 8 4 17 25 2 14 23
17 12 8 15 22 11 0 21 21 3 9 10 25 23 21
3 13 3 25 8 5 5 0 22 7 13 13 13 25 9
2 18 3 24 25 9 19 13 0 14 8 14 4 21 19
10 17 11 4 6 13 8 13 16 0 26 25 16 9 10
23 4 15 6 18 6 20 16 22 10 0 16 5 14 4
6 8 22 25 3 16 15 7 21 21 25 0 6 9 24
3 1 19 1 3 2 5 13 20 25 26 11 0 20 24
14 2 16 9 4 12 1 3 3 1 1 10 25 0 12
12 11 2 17 9 4 17 16 23 1 21 4 16 20 0

0 10 4 24 20 1 5 23 23 12 9 20 5 25 21
13 0 25 11 25 26 23 10 15 17 16 24 21 22 8
9 17 0 14 21 1 25 7 23 9 4 8 3 9 2
24 7 9 0 18 18 10 24 23 10 7 6 19 16 13
16 9 24 24 0 21 11 17 19 18 10 18 13 10 14
6 14 25 22 2 0 15 4 22 24 13 17 12 19 8
1 11 5 18 17 10 0 2 1 18 11 16 17 20 19
2 17 12 8 17 21 26 0 5 21 20 22 26 6 12
14 8 22 1 26 26 23 11 0 19 6 10 22 8 20
16 3 4 4 14 2 11 24 23 0 23 13 19 4 20
25 13 23 21 25 11 16 11 17 24 0 14 24 16 25
3 8 24 2 8 12 15 7 16 4 13 0 6 13 2
4 19 9 5 13 9 10 4 7 8 13 6 0 11 14
12 22 8 2 18 6 3 21 7 23 23 1 13 0 21
1 8 12 19 18 19 3 8 22 10 14 18 13 12 0

0 1 6 12 8 11 15 19 25 4 9 22 24 8 12
4 0 7 22 3 17 6 12 10 14 14 17 23 3 10
9 2 0 17 4 17 2 15 26 13 23 10 2 26 23
20 24 4 0 20 11 17 16 8 21 16 24 16 9 8
2 13 14 4 0 12 7 16 20 12 20 5 16 11 2
3 5 11 12 16 0 13 18 13 20 7 17 8 12 10
2 24 16 7 11 24 0 9 15 1 16 14 7 19 23
8 25 21 18 21 14 17 0 19 25 18 20 6 14 1
16 20 17 14 21 24 1 23 0 25 20 13 3 2 15
2 20 24 25 3 16 24 26 8 0 20 16 19 17 21
10 1 23 22 6 11 2 21 1 9 0 11 6 7 6
26 26 25 5 20 19 1 17 7 15 25 0 18 2 26
8 17 5 10 17 14 12 15 26 20 15 7 0 21 1
2 6 18 2 18 3 1 26 14 4 16 15 15 0 26
17 18 11 14 18 2 23 15 12 5 16 21 23 8 0

0 19 3 12 26 25 15 24 9 12 16 20 11 15 16
21 0 7 8 25 1 1 14 22 10 7 20 26 25 16
17 25 0 23 1 3 23 13 10 6 22 23 25 2 24
20 13 5 0 16 17 1 23 8 5 20 9 19 7 9
26 18 2 3 0 12 25 16 8 23 11 13 13 9 1
5 1 20 15 16 0 23 3 14 13 16 4 12 13 25
3 14 21 14 26 12 0 22 1 6 24 19 3 26 7
1 20 21 1 7 24 8 0 22 5 17 10 7 2 23
18 2 10 7 6 26 1 19 0 21 14 23 6 16 22
5 15 17 8 8 20 10 4 5 0 22 21 11 12 18
21 11 10 10 9 25 9 1 20 2 0 19 25 25 6
25 11 18 13 4 8 24 16 17 23 20 0 4 5 16
6 25 10 16 5 3 24 3 19 3 3 18 0 18 23
3 18 5 19 14 9 2 10 4 18 1 5 19 0 6
5 25 8 16 2 18 26 6 3 2 12 12 13 4 0

0 7 20 22 17 13 4 22 7 21 21 10 26 15 25
9 0 19 11 19 20 2 7 20 7 8 23 13 1 10
20 10 0 11 17 10 8 15 19 13 24 19 25 4 6
7 16 6 0 22 24 9 26 11 15 25 3 10 18 12
7 3 7 12 0 8 23 10 3 12 9 17 25 7 1
12 12 2 16 18 0 23 14 18 22 10 5 1 11 5
3 25 7 6 6 4 0 1 1 19 15 6 5 2 22
26 16 23 10 3 12 3 0 2 4 9 4 16 25 14
15 26 13 14 1 15 7 13 0 3 24 4 17 15 14
17 16 12 21 24 17 13 25 10 0 16 9 26 15 26
14 5 6 13 24 20 6 20 19 12 0 10 5 12 17
17 20 17 4 7 20 25 4 7 19 4 0 10 20 18
12 4 20 3 22 9 8 23 19 13 21 23 0 8 20
3 7 9 10 2 7 26 16 25 16 14 16 8 0 7
21 3 17 19 11 21 25 16 20 2 3 19 7 15 0
