15 5 3
5    1  0 47    1  4 57    2  1 71  2 71    2  3 96  0 96    1  2 14
5    2  0 75  2 75    2  1 60  2 60    3  4 22  1 22  3 22    2  3 79  0 79    3  2 65  1 65  4 65
5    2  3 32  4 32    2  0 33  1 33    2  2 69  0 69    3  1 31  3 31  0 31    1  4 58
5    2  0 44  3 44    1  1 34    1  4 51    3  3 58  0 58  4 58    3  2 47  4 47  3 47
5    3  3 29  2 29  4 29    1  1 44    2  0 62  1 62    1  2 17    3  4 8  2 8  1 8
5    1  1 15    2  2 40  4 40    3  0 97  1 97  4 97    1  4 38    3  3 66  4 66  1 66
5    1  2 58    3  1 39  2 39  4 39    2  0 57  4 57    3  4 20  1 20  3 20    3  3 50  4 50  2 50
5    1  2 57    1  3 32    2  4 87  0 87    2  0 63  2 63    3  1 21  0 21  3 21
5    3  4 56  2 56  0 56    1  0 84    1  2 90    2  1 85  3 85    2  3 61  2 61
5    2  4 15  0 15    2  0 20  1 20    3  1 67  3 67  0 67    3  3 30  4 30  2 30    2  2 70  1 70
5    1  4 84    1  0 82    1  1 23    2  2 45  4 45    1  3 38
5    2  3 50  0 50    3  2 21  1 21  4 21    1  0 18    2  4 41  2 41    3  1 29  2 29  0 29
5    2  4 16  1 16    2  1 52  3 52    2  0 52  3 52    3  2 38  1 38  3 38    2  3 54  0 54
5    1  4 37    1  0 54    3  3 57  2 57  4 57    2  2 74  0 74    1  1 62
5    2  4 57  1 57    3  1 61  0 61  2 61    2  0 81  1 81    2  2 30  3 30    1  3 68

0 3 1 21 8 9 3 9 16 25 4 22 18 20 13
23 0 4 13 21 22 18 2 25 9 4 25 18 14 16
16 3 0 16 2 21 16 1 2 8 2 10 25 20 24
11 11 1 0 2 16 23 24 11 21 2 18 11 20 5
25 1 25 15 0 15 21 3 7 22 7 14 10 19 21
25 1 23 11 14 0 11 5 23 25 11 3 17 18 23
5 3 20 2 15 21 0 20 11 8 10 5 23 20 12
18 1 15 22 3 23 6 0 22 23 14 14 6 2 14
11 4 16 18 19 16 18 18 0 19 23 22 22 17 9
13 18 12 19 17 15 12 3 10 0 2 6 19 19 15
3 20 11 8 14 5 15 5 1 8 0 6 24 16 11
8 13 17 8 4 14 16 1 5 13 21 0 20 11 5
2 22 15 7 4 18 18 19 11 4 7 16 0 3 7
24 20 10 17 6 10 9 16 3 23 15 20 12 0 5
2 17 9 5 13 23 16 18 23 6 23 4 19 24 0

0 1 2 22 20 22 6 6 21 4 21 20 20 10 15
24 0 2 19 20 14 2 13 18 21 2 18 11 8 3
5 16 0 12 16 13 4 23 19 8 20 7 15 23 3
2 22 20 0 17 22 10 12 15 4 18 12 19 15 22
18 4 19 18 0 16 18 5 2 24 4 25 13 21 6
14 4 6 14 1 0 19 8 25 22 14 23 5 12 16
23 18 15 7 24 21 0 18 9 20 17 8 6 3 6
18 11 1 24 22 5 3 0 14 10 17 21 11 23 4
22 2 22 4 4 10 17 12 0 14 19 3 18 7 11
8 8 24 5 6 2 13 16 21 0 3 18 4 25 17
12 24 7 8 11 8 16 11 18 3 0 23 3 3 11
8 13 10 23 19 10 19 1 23 11 23 0 13 2 22
7 18 17 11 17 24 12 6 20 6 7 2 0 5 2
7 24 4 20 21 9 14 1 2 19 8 17 7 0 23
8 25 12 10 25 3 8 12 24 9 7 9 21 9 0

0 10 12 19 3 4 5 6 14 17 21 12 21 18 23
13 0 23 10 2 16 23 1 19 23 2 19 23 18 24
24 14 0 6 16 15 11 11 5 13 7 12 6 3 10
18 15 19 0 18 12 17 22 12 12 14 13 24 21 11
23 16 15 15 0 4 21 16 7 7 23 19 16 24 4
25 22 20 8 14 0 23 14 17 12 16 3 15 25 18
3 16 24 10 17 25 0 4 13 18 22 19 11 1 21
20 16 18 3 12 2 11 0 19 24 9 10 12 8 5
2 23 6 17 10 8 10 8 0 24 2 24 10 18 24
18 4 15 6 16 10 21 24 10 0 7 4 14 5 16
4 22 1 3 10 8 9 21 10 19 0 21 14 16 8
25 14 6 14 12 4 1 24 6 3 12 0 25 18 14
21 15 13 9 19 9 7 18 19 20 7 17 0 20 1
21 7 9 10 1 23 22 22 8 2 6 12 25 0 18
24 3 6 19 7 8 24 25 4 7 9 20 5 2 0

0 21 19 23 12 14 3 25 21 7 22 12 9 18 8
10 0 25 5 14 22 12 8 13 15 21 21 2 15 3
11 20 0 10 23 11 17 24 20 8 15 18 1 22 24
15 19 21 0 17 25 7 18 9 13 18 7 12 6 11
24 3 7 7 0 14 1 14 22 22 16 18 25 2 6
19 15 16 11 6 0 19 18 4 1 22 2 22 8 20
5 13 9 2 15 11 0 13 22 6 14 3 9 7 16
3 4 23 2 3 9 11 0 20 25 3 11 20 23 25
20 18 16 23 22 5 2 17 0 8 1 3 2 14 12
24 8 5 10 19 19 24 21 4 0 12 24 22 12 14
3 15 12 14 12 9 4 22 24 14 0 1 8 3 17
25 6 20 18 4 8 7 2 16 15 20 0 19 14 21
1 7 21 24 11 21 2 10 7 12 5 7 0 19 2
18 9 5 6 17 5 8 25 9 18 9 15 18 0 19
7 5 15 8 22 19 19 23 4 16 3 6 19 6 0

0 8 13 16 20 8 18 22 7 2 8 13 3 18 25
5 0 10 15 13 18 22 1 6 23 6 11 4 1 22
10 20 0 17 22 15 9 24 10 19 20 3 16 22 7
23 5 1 0 6 9 10 6 24 25 25 4 5 20 6
10 5 1 11 0 8 3 17 1 2 25 13 18 8 3
20 6 11 23 11 0 4 18 11 20 20 22 2 20 9
23 5 9 14 1 23 0 15 13 14 22 4 11 21 6
17 1 6 2 10 2 7 0 5 1 25 13 11 11 14
14 9 1 13 10 8 17 24 0 12 16 11 25 10 8
1 12 9 13 10 20 12 12 14 0 20 18 2 20 13
4 17 5 9 20 17 5 11 16 18 0 5 22 14 22
10 12 13 19 3 12 20 19 24 25 3 0 6 2 2
15 20 15 15 2 23 5 19 23 9 12 18 0 25 25
13 1 23 22 21 5 21 9 6 8 23 2 3 0 10
10 8 14 5 4 5 2 17 18 17 6 24 21 22 0
