10 10 3
10    1  6 54    1  0 87    2  4 48  2 48    2  3 60  5 60    1  7 39    2  8 35  7 35    2  1 72  7 72    3  5 95  9 95  6 95    3  2 66  3 66  9 66    2  9 5  0 5
10    3  3 20  2 20  9 20    2  9 46  4 46    2  6 34  1 34    2  5 55  8 55    2  0 97  3 97    2  8 19  6 19    1  4 59    3  2 21  8 21  0 21    2  7 37  8 37    3  1 46  3 46  9 46
10    1  4 45    3  1 24  3 24  9 24    1  8 28    2  0 28  5 28    1  7 83    1  6 78    3  5 23  2 23  1 23    1  3 25    2  9 5  1 5    2  2 73  3 73
10    3  9 12  1 12  0 12    3  1 37  2 37  9 37    2  4 38  1 38    2  3 71  7 71    2  8 33  2 33    1  2 12    1  6 55    2  0 53  8 53    2  7 87  2 87    3  5 29  1 29  0 29
10    2  3 83  2 83    2  2 49  8 49    1  6 23    2  9 27  1 27    2  7 65  4 65    3  0 48  7 48  5 48    2  4 90  1 90    3  5 7  8 7  4 7    2  1 40  2 40    3  8 17  7 17  2 17
10    1  1 66    2  4 25  5 25    2  0 62  5 62    3  2 84  6 84  9 84    1  9 13    2  6 64  2 64    3  7 46  5 46  1 46    2  8 59  2 59    2  5 19  8 19    2  3 85  8 85
10    3  1 73  8 73  2 73    1  3 80    1  0 41    1  2 53    3  9 47  2 47  7 47    1  7 57    2  8 74  0 74    1  4 14    2  6 67  7 67    3  5 88  2 88  9 88
10    2  5 64  1 64    2  3 84  7 84    1  6 46    1  1 78    3  0 84  1 84  4 84    3  7 26  9 26  4 26    2  8 28  6 28    3  9 52  8 52  4 52    2  2 41  0 41    3  4 63  0 63  8 63
10    2  1 11  8 11    3  0 64  2 64  1 64    1  7 67    1  4 85    3  3 10  0 10  7 10    3  5 73  0 73  4 73    1  9 38    3  8 95  0 95  9 95    1  6 97    2  2 17  3 17
10    3  4 60  2 60  5 60    1  8 32    1  2 95    1  3 93    3  1 65  3 65  6 65    3  6 85  3 85  2 85    1  7 43    3  9 85  5 85  6 85    1  5 46    1  0 59

0 22 10 21 13 25 10 21 16 9
3 0 7 3 14 9 14 25 24 10
18 21 0 9 3 19 25 13 8 2
20 19 26 0 9 14 3 13 25 20
9 25 18 13 0 23 10 18 8 9
17 4 14 17 2 0 20 10 1 24
6 22 1 22 12 14 0 12 9 4
13 26 17 6 15 7 17 0 6 25
8 2 21 25 11 10 3 12 0 23
14 12 20 12 12 2 22 24 26 0

0 20 14 9 19 26 4 24 19 9
12 0 4 10 7 22 19 18 20 26
23 1 0 21 7 21 13 25 22 16
14 11 11 0 8 3 8 11 20 13
18 13 15 14 0 8 13 15 9 24
24 25 22 25 20 0 3 13 6 7
10 3 20 22 15 15 0 21 18 14
4 17 19 26 1 10 6 0 21 24
15 5 13 24 18 2 7 24 0 16
24 4 5 20 15 3 18 10 7 0

0 6 4 22 5 16 10 23 7 20
5 0 11 13 7 12 10 19 4 13
13 7 0 16 2 22 23 8 18 13
24 14 26 0 20 22 5 1 25 11
15 5 22 11 0 10 26 1 18 22
5 1 4 3 26 0 21 6 11 9
23 7 3 1 9 21 0 9 25 19
8 21 9 15 5 26 17 0 1 2
25 7 24 5 14 18 17 13 0 14
19 17 4 23 23 7 12 22 26 0

0 1 14 13 19 24 5 22 2 15
11 0 20 19 9 1 17 7 21 1
18 24 0 8 2 1 3 24 4 13
25 4 10 0 1 18 14 3 9 24
16 5 10 7 0 1 19 2 11 20
12 18 19 5 10 0 16 1 3 13
10 11 16 19 14 15 0 26 21 9
3 22 16 13 3 2 5 0 15 1
22 7 10 23 21 15 21 15 0 8
17 17 8 9 9 16 5 1 24 0

0 7 25 11 3 26 18 14 21 18
5 0 14 18 3 19 9 4 18 23
26 5 0 25 18 26 21 25 13 4
11 1 2 0 13 8 16 10 3 8
24 2 21 4 0 15 3 14 10 5
8 19 23 11 21 0 14 26 22 18
15 7 12 11 11 10 0 18 14 7
14 3 2 24 19 13 10 0 7 24
15 15 11 26 1 24 6 1 0 20
17 3 19 16 5 25 18 9 16 0

0 20 10 9 2 17 11 25 13 21
3 0 2 26 8 5 16 20 22 13
2 6 0 17 18 13 3 5 11 21
25 8 3 0 10 12 8 24 3 23
15 24 10 9 0 1 2 13 1 3
25 11 23 24 19 0 17 7 4 19
5 3 12 12 17 21 0 20 8 3
13 4 1 6 6 2 11 0 19 9
6 1 5 18 26 19 20 2 0 6
6 15 4 17 14 2 12 7 1 0

0 4 26 5 12 1 18 10 12 26
24 0 21 13 1 21 3 23 12 11
10 21 0 10 25 5 13 5 22 8
13 8 16 0 11 18 10 10 7 16
3 19 26 11 0 15 13 24 1 23
11 19 26 13 16 0 25 6 22 26
20 24 12 6 24 16 0 4 11 13
19 24 18 26 4 20 23 0 5 19
22 7 17 21 4 22 24 14 0 3
26 13 1 17 6 4 18 21 8 0

0 15 26 21 7 2 23 15 23 7
20 0 23 22 15 3 7 4 19 8
22 17 0 23 14 7 21 1 26 25
5 26 6 0 10 8 14 3 11 7
25 8 4 14 0 5 9 26 5 26
15 3 4 15 19 0 24 12 20 23
26 20 24 16 4 21 0 2 8 14
2 17 20 12 9 21 2 0 19 17
10 1 23 13 2 21 9 15 0 8
13 23 14 18 16 25 8 4 6 0

0 23 18 4 11 14 5 21 6 21
5 0 1 26 17 20 8 20 21 5
10 8 0 3 18 20 12 14 26 23
6 25 26 0 3 11 14 3 3 25
13 24 14 9 0 1 24 17 2 21
4 17 9 14 15 0 25 9 16 21
10 9 23 23 8 19 0 22 6 21
9 18 21 17 1 23 7 0 26 10
21 26 6 6 15 23 14 24 0 15
4 9 25 12 8 13 8 21 24 0

0 14 17 17 12 5 1 18 7 21
23 0 23 17 14 8 5 11 22 18
21 4 0 2 6 20 5 19 12 7
2 5 8 0 18 2 7 21 25 10
11 15 21 25 0 21 7 1 6 26
17 10 1 3 14 0 3 10 6 6
17 26 6 10 15 9 0 6 5 20
10 12 19 21 5 12 20 0 18 18
21 25 9 26 22 3 4 21 0 20
1 13 23 17 3 13 13 14 24 0
