10 5 5
5    5  0 72  1 72  2 72  3 72  4 72    1  0 87    2  1 95  4 95    4  0 66  1 66  2 66  4 66    3  0 60  3 60  4 60
5    3  0 5  3 5  4 5    3  0 35  1 35  3 35    3  0 48  1 48  4 48    2  2 39  3 39    4  0 54  1 54  3 54  4 54
5    4  0 46  1 46  2 46  3 46    2  1 20  3 20    2  0 21  2 21    4  0 97  2 97  3 97  4 97    2  3 55  4 55
5    4  0 59  2 59  3 59  4 59    1  3 19    2  3 46  4 46    2  1 34  4 34    1  2 37
5    1  4 23    4  1 73  2 73  3 73  4 73    1  3 25    2  1 24  4 24    2  0 28  4 28
5    1  3 28    2  0 45  4 45    1  4 5    1  1 78    3  1 83  2 83  4 83
5    2  0 53  4 53    2  0 71  3 71    2  0 37  1 37    3  0 29  2 29  4 29    1  2 12
5    1  4 12    4  0 87  1 87  2 87  3 87    4  0 33  1 33  3 33  4 33    4  0 55  1 55  3 55  4 55    2  0 38  3 38
5    4  0 49  2 49  3 49  4 49    3  1 83  3 83  4 83    2  1 40  2 40    1  0 48    1  4 7
5    1  2 65    3  0 17  1 17  3 17    2  0 90  2 90    3  0 27  2 27  4 27    2  1 23  3 23

0 13 15 25 24 1 1 12 17 20
13 0 1 18 21 5 9 18 9 6
5 3 0 17 13 20 22 8 12 4
7 9 18 0 16 22 23 21 9 1
12 13 23 19 0 25 21 9 12 22
8 16 24 17 10 0 8 9 21 25
10 22 15 9 19 18 0 7 17 5
19 24 7 22 22 19 20 0 8 19
14 25 12 18 12 2 24 25 0 11
8 11 24 1 8 4 11 5 13 0

0 21 1 7 11 10 19 14 23 10
12 0 1 6 13 21 9 20 1 13
2 13 0 18 6 2 13 22 12 15
7 5 16 0 8 4 15 6 14 20
24 24 1 2 0 3 13 20 14 24
9 14 20 24 11 0 17 23 1 11
5 9 20 17 5 14 0 20 12 2
7 3 19 25 7 25 14 0 3 6
21 24 10 16 1 15 10 16 0 15
7 19 10 17 6 11 23 11 24 0

0 17 9 13 2 8 25 8 23 19
8 0 3 12 4 1 9 5 14 18
23 2 0 16 22 13 25 19 14 23
14 15 5 0 21 15 14 13 8 4
16 18 3 20 0 11 8 22 14 18
8 19 21 18 16 0 15 21 6 6
16 21 22 6 7 5 0 4 15 18
3 2 3 2 19 9 22 0 4 1
12 24 18 2 5 13 21 7 0 23
18 22 12 6 23 7 8 5 6 0

0 20 4 22 22 22 2 21 24 7
22 0 6 8 4 19 8 10 5 23
20 24 0 14 25 20 23 21 11 9
12 22 24 0 21 4 4 20 18 17
25 16 8 11 0 15 13 7 24 21
10 3 19 1 14 0 25 19 25 18
3 1 8 2 13 17 0 19 21 12
10 23 17 16 13 15 13 0 24 18
14 11 5 4 21 19 8 24 0 2
8 9 10 13 24 1 13 20 11 0

0 3 3 6 18 10 6 12 8 11
10 0 19 20 19 6 11 7 19 1
10 2 0 10 5 23 3 15 3 24
8 9 16 0 4 20 11 21 1 6
12 13 7 14 0 19 9 4 24 13
4 19 6 25 21 0 20 11 25 13
4 24 1 9 12 13 0 12 18 4
16 10 14 1 9 15 22 0 2 25
24 21 15 18 25 18 9 2 0 14
2 19 13 10 18 20 16 18 23 0
