20 5 2
5    1  2 34    1  1 21    1  0 53    1  3 55    2  4 95  2 95
5    1  0 21    1  3 52    1  1 71    1  4 16    1  2 26
5    1  0 12    1  1 42    2  2 31  0 31    1  4 98    1  3 39
5    1  2 66    2  3 77  0 77    1  4 79    1  0 55    1  1 77
5    1  0 83    2  4 37  2 37    1  3 34    1  1 19    1  2 64
5    1  4 79    1  2 43    2  0 92  4 92    1  3 62    1  1 54
5    2  0 93  1 93    1  4 77    1  2 87    1  1 87    1  3 69
5    1  4 83    1  3 24    1  1 41    1  2 38    1  0 60
5    1  4 25    2  1 49  2 49    1  0 44    1  2 98    2  3 17  4 17
5    1  0 96    1  1 75    1  2 43    2  4 77  3 77    1  3 79
5    2  0 95  2 95    1  3 76    1  1 7    1  4 28    1  2 35
5    1  4 10    1  2 95    1  0 61    1  1 9    1  3 35
5    1  1 91    1  2 59    1  4 59    1  0 46    1  3 16
5    1  2 27    1  1 52    1  4 43    1  0 28    1  3 50
5    1  4 9    2  0 87  2 87    1  3 41    1  2 39    1  1 45
5    1  1 54    1  0 20    1  4 43    1  3 14    1  2 71
5    1  4 33    2  1 28  4 28    1  3 26    1  0 78    1  2 37
5    1  1 89    1  0 33    1  2 8    1  3 66    1  4 42
5    1  4 84    1  0 69    2  2 94  4 94    1  1 74    1  3 27
5    1  4 81    1  2 45    1  1 78    1  3 69    1  0 96

0 6 8 26 24 28 21 17 21 24 3 1 12 13 25 1 7 23 17 19
7 0 20 7 24 24 25 21 5 1 6 4 16 8 21 3 5 1 21 19
8 23 0 4 6 10 22 26 23 17 23 20 18 18 5 22 12 17 19 13
27 28 26 0 17 27 22 4 14 24 28 12 8 7 24 17 20 15 2 16
22 2 14 2 0 1 14 10 16 15 3 6 6 4 19 27 9 28 7 3
16 13 23 27 18 0 17 8 14 25 28 15 26 9 13 28 18 22 7 27
28 18 2 8 5 26 0 4 1 15 20 10 2 27 1 13 20 24 28 2
17 13 4 26 5 17 2 0 11 1 12 6 6 10 3 21 24 9 3 1
9 12 15 21 16 28 19 4 0 15 8 8 10 1 27 17 17 22 18 21
22 23 10 25 12 8 26 10 27 0 7 23 28 23 15 14 26 13 25 28
4 4 16 12 11 1 6 24 8 3 0 19 7 12 3 21 20 13 1 1
10 21 27 23 13 12 19 22 15 10 26 0 10 25 17 8 8 5 3 13
17 7 24 10 19 10 15 28 8 3 8 15 0 27 24 7 14 7 20 1
15 18 19 28 18 12 8 25 14 21 24 25 4 0 8 20 22 24 16 25
23 5 1 16 22 27 15 21 19 19 11 20 26 11 0 16 28 28 14 6
1 1 1 17 22 13 21 25 1 17 2 14 4 7 21 0 18 28 4 15
19 10 3 19 10 11 15 28 21 4 19 27 19 19 27 16 0 28 25 5
28 25 8 6 4 9 4 3 25 18 10 1 11 1 11 26 14 0 16 20
9 10 25 7 22 25 10 21 25 8 3 28 1 16 12 18 7 12 0 3
10 14 27 23 25 23 22 11 6 9 13 24 21 19 16 5 20 21 2 0

0 21 21 19 7 26 7 26 10 21 10 18 28 24 15 20 9 23 22 13
1 0 11 22 28 12 15 6 19 4 12 26 2 28 5 18 15 5 12 25
28 22 0 17 28 22 28 9 12 5 26 8 7 5 5 16 8 21 4 6
24 15 26 0 19 5 2 15 4 9 21 6 6 17 27 14 14 5 26 1
5 11 16 28 0 3 15 12 26 22 16 11 14 12 23 7 13 1 6 6
7 21 21 25 24 0 1 24 13 5 20 27 18 4 18 22 2 8 2 27
28 23 11 2 13 11 0 24 15 21 19 25 13 25 3 4 9 17 27 11
5 12 23 4 21 16 19 0 8 1 4 2 28 9 11 25 17 23 18 12
27 24 19 7 2 22 19 17 0 11 24 5 9 15 8 3 9 24 22 14
1 27 15 13 20 6 18 16 16 0 28 12 27 5 4 1 28 2 17 6
18 7 2 7 18 7 17 16 1 8 0 27 1 17 25 15 28 21 1 25
7 26 21 21 21 14 15 19 21 15 7 0 7 12 17 19 8 19 2 23
7 13 28 16 20 27 20 6 24 18 1 8 0 14 3 12 9 8 12 21
25 9 25 9 25 6 5 8 18 23 12 26 3 0 7 1 18 9 26 25
11 1 5 23 12 28 3 2 3 15 22 3 8 1 0 22 19 25 13 27
3 14 19 8 1 4 13 2 13 2 22 8 20 3 26 0 6 28 4 22
6 14 8 11 27 7 14 26 3 17 21 9 25 10 15 18 0 5 9 11
9 13 23 3 16 25 22 5 25 16 16 3 15 19 21 27 25 0 7 6
8 17 9 4 3 17 20 11 15 10 10 23 24 7 14 13 23 25 0 6
25 10 23 22 11 12 1 1 12 21 12 18 12 19 4 12 28 2 26 0

0 12 22 27 14 14 15 6 3 16 9 8 14 25 2 19 19 3 24 22
21 0 27 22 22 6 26 5 27 15 27 5 10 19 19 5 9 2 25 23
15 20 0 1 1 15 20 12 2 1 17 20 8 2 1 26 21 12 4 12
11 5 3 0 18 1 3 17 2 10 10 23 1 1 28 16 5 19 3 7
3 13 4 27 0 9 27 2 8 28 13 16 14 16 10 17 4 9 1 26
27 19 20 5 9 0 1 15 17 13 26 25 6 17 28 20 11 25 18 6
5 1 19 26 27 19 0 8 3 3 4 15 2 8 12 18 17 7 28 28
15 19 28 16 27 21 3 0 20 7 26 4 23 11 22 23 4 18 27 3
28 3 4 24 15 10 6 22 0 20 15 11 2 17 23 5 16 23 17 13
5 4 18 4 23 26 20 1 26 0 8 15 11 13 11 15 2 27 14 2
18 23 1 9 7 12 4 1 2 4 0 7 8 17 16 15 7 16 22 22
9 26 16 6 17 6 16 18 2 20 22 0 5 24 13 27 15 20 26 28
25 1 5 4 25 13 1 26 12 1 2 9 0 5 3 2 23 13 11 1
7 27 28 15 2 24 3 10 14 20 10 14 22 0 6 22 6 2 22 7
5 22 19 24 9 4 2 2 28 18 17 16 20 28 0 3 8 25 9 1
1 19 7 3 27 15 18 8 13 15 15 2 4 6 13 0 13 26 4 5
10 12 12 6 10 22 27 4 20 10 27 10 11 24 22 20 0 5 7 16
25 21 3 12 8 19 23 15 4 10 12 20 3 28 20 28 3 0 22 8
6 7 20 3 11 13 2 23 14 2 5 9 24 20 13 19 24 16 0 23
14 20 8 20 18 16 8 14 14 5 19 19 23 7 2 4 4 1 4 0

0 4 20 18 6 6 4 24 28 14 2 14 15 28 23 25 24 9 19 2
10 0 1 25 14 28 22 28 19 1 20 14 22 8 10 22 13 8 27 10
28 10 0 17 14 18 14 9 24 21 6 15 19 3 26 7 5 8 2 15
19 1 23 0 1 8 12 8 10 23 25 9 17 19 14 26 14 19 5 24
27 16 22 4 0 27 25 18 18 10 12 17 5 14 15 5 7 8 2 14
14 10 14 21 17 0 6 8 26 4 5 14 6 8 27 20 15 12 1 27
3 10 23 26 12 17 0 5 1 23 16 11 14 20 14 14 6 27 20 26
13 27 25 13 15 9 25 0 2 25 4 7 10 24 24 27 2 16 20 22
23 23 28 12 1 1 13 25 0 15 4 15 22 23 8 8 10 13 26 24
3 26 21 13 5 25 12 8 28 0 6 27 7 10 26 3 14 1 9 1
7 17 20 28 12 15 11 4 25 26 0 13 2 17 14 4 19 15 3 1
19 9 21 21 12 2 24 22 9 20 21 0 22 14 25 10 18 11 26 7
18 24 3 16 23 11 22 9 3 12 12 9 0 21 23 7 26 18 2 27
25 5 26 9 19 7 1 5 13 11 18 11 21 0 26 26 20 9 24 17
8 24 7 8 27 26 24 9 22 17 14 27 26 26 0 1 15 10 28 18
9 15 15 13 11 5 5 13 17 16 12 11 10 16 27 0 9 8 24 6
20 27 26 20 17 4 2 25 11 23 23 2 22 2 7 13 0 6 28 9
27 8 21 19 3 14 5 5 3 10 2 18 15 8 14 21 11 0 16 10
17 21 19 23 12 22 9 2 27 7 28 27 9 21 12 3 4 10 0 19
15 23 15 6 28 13 24 6 13 27 4 15 27 4 23 15 9 19 16 0

0 28 15 17 3 19 6 13 16 27 18 8 28 25 25 11 10 28 16 11
23 0 14 25 18 18 11 24 28 14 28 18 2 7 24 16 20 27 20 8
2 9 0 22 19 9 9 20 3 19 10 20 24 3 13 16 26 23 1 9
1 5 14 0 10 7 23 20 3 5 1 27 13 3 6 15 6 15 18 23
15 13 6 15 0 18 17 8 8 16 27 6 27 5 1 4 17 22 6 15
17 28 7 2 9 0 24 20 10 13 1 18 13 25 26 8 27 27 5 24
14 11 16 8 9 27 0 8 14 20 10 1 21 22 7 26 25 10 4 21
25 22 9 8 15 19 2 0 17 5 19 20 11 11 28 6 25 8 28 14
12 1 25 3 5 1 18 26 0 26 26 11 25 23 3 11 19 15 28 28
23 28 12 6 27 2 28 20 7 0 9 10 21 25 7 2 13 15 3 13
6 20 23 8 2 15 14 26 27 6 0 13 1 15 14 16 6 16 24 27
25 16 23 19 27 6 11 5 22 21 4 0 11 17 19 19 8 28 4 28
20 15 23 25 26 28 16 25 23 27 3 20 0 13 25 9 3 2 8 6
26 8 6 23 22 8 14 11 28 10 13 26 23 0 1 8 7 4 3 20
13 22 2 2 24 5 21 13 10 9 15 27 2 24 0 24 4 24 16 15
16 28 24 15 9 12 18 3 14 22 16 25 19 3 22 0 13 12 6 9
4 14 19 10 4 20 14 9 11 23 10 9 11 6 16 20 0 20 11 16
4 8 21 17 16 25 13 10 8 24 27 9 13 17 15 7 6 0 20 23
23 7 15 6 17 5 19 23 16 8 5 23 21 18 24 13 7 26 0 8
21 9 22 11 18 28 20 28 13 15 10 8 15 14 10 16 7 18 6 0
