15 5 2
5    1  1 58    1  2 44    1  3 5    1  0 9    2  4 58  2 58
5    1  1 89    1  0 97    1  4 96    1  3 77    1  2 84
5    1  0 77    1  1 87    2  2 81  0 81    1  4 39    1  3 85
5    1  3 57    2  1 21  0 21    1  2 31    1  0 15    1  4 73
5    1  2 48    2  0 40  4 40    1  1 49    1  3 70    1  4 71
5    1  3 34    1  4 82    1  2 80    2  0 10  3 10    1  1 22
5    1  1 91    2  4 75  2 75    1  0 55    1  2 17    1  3 7
5    1  2 62    1  3 47    1  1 72    1  4 35    1  0 11
5    1  0 64    1  3 75    2  4 50  0 50    1  1 90    1  2 94
5    2  2 67  0 67    1  4 20    2  3 15  0 15    2  0 12  2 12    2  1 71  2 71
5    1  0 52    1  4 93    1  3 68    1  2 29    1  1 57
5    1  2 70    1  0 58    1  1 93    1  4 7    1  3 77
5    1  3 27    1  2 82    1  1 63    1  4 6    1  0 95
5    1  1 87    1  2 56    1  4 36    1  0 26    1  3 48
5    2  3 76  2 76    1  2 36    1  0 36    1  4 15    1  1 8

0 9 22 11 8 20 15 20 6 23 8 7 20 14 3
10 0 13 21 13 3 11 15 6 16 19 3 6 16 20
12 10 0 21 1 24 24 5 13 23 15 1 8 21 21
15 25 25 0 22 17 19 16 20 5 15 11 6 17 4
12 11 23 13 0 4 2 23 22 2 10 11 3 23 5
3 15 21 2 5 0 15 25 12 5 18 6 4 12 12
20 20 11 6 21 21 0 10 16 25 8 13 5 1 11
12 12 16 19 9 14 16 0 25 26 7 9 7 13 11
18 7 6 16 25 6 26 17 0 19 20 23 16 15 3
3 20 8 23 24 20 3 19 11 0 1 19 25 8 20
3 12 15 22 15 25 8 21 6 26 0 19 8 23 7
19 25 19 18 13 23 7 8 9 5 3 0 8 9 25
13 13 21 23 2 17 18 26 11 19 14 23 0 15 20
9 26 13 5 13 19 16 7 8 21 21 6 10 0 9
13 1 1 11 10 18 25 20 12 3 17 20 20 9 0

0 5 1 2 8 22 25 3 18 11 6 19 5 13 14
10 0 12 1 4 8 5 17 4 5 9 20 11 20 6
7 2 0 6 11 10 21 2 22 7 11 24 14 17 21
11 26 7 0 14 9 17 24 17 1 11 17 5 16 25
13 22 4 12 0 22 1 11 17 12 8 9 10 8 24
6 14 1 1 10 0 4 26 6 3 7 25 26 16 5
25 24 21 24 14 1 0 3 13 15 10 4 17 25 20
14 2 26 2 15 5 23 0 10 8 22 5 24 6 7
26 1 13 14 22 19 23 15 0 19 23 22 26 23 5
17 15 12 25 7 24 23 24 2 0 10 16 3 10 14
24 18 8 20 24 26 11 5 23 5 0 8 12 3 25
13 23 17 13 1 9 4 2 24 4 5 0 19 5 25
19 21 12 19 13 14 12 6 4 18 7 25 0 7 19
12 10 2 12 25 10 3 11 19 17 14 4 13 0 10
16 9 15 8 7 5 6 20 12 25 3 2 12 13 0

0 18 23 11 8 12 8 24 12 12 19 8 1 23 1
25 0 8 6 9 21 6 5 26 25 15 14 17 16 15
5 10 0 23 15 25 10 1 13 19 15 25 1 25 7
9 18 23 0 10 7 3 17 24 11 15 13 9 10 9
5 24 25 12 0 21 7 4 21 25 6 4 18 19 3
25 12 25 14 5 0 7 13 6 2 2 4 19 5 23
25 13 14 14 26 24 0 19 9 23 20 22 1 16 7
1 19 20 21 17 3 13 0 18 22 16 24 6 13 21
12 16 15 7 22 21 6 8 0 19 24 21 4 19 7
10 23 22 1 2 9 20 16 8 0 16 16 8 13 13
22 23 24 20 16 25 15 16 15 21 0 3 11 20 7
1 13 15 3 14 22 15 19 9 24 9 0 8 22 14
17 17 4 7 4 17 11 15 25 25 5 6 0 20 14
11 22 18 10 14 10 13 18 16 18 10 19 19 0 15
7 21 4 26 4 26 26 11 25 4 14 1 8 6 0

0 4 24 2 12 26 5 14 24 23 11 12 6 26 21
17 0 21 18 9 19 24 21 23 24 8 24 13 4 18
11 1 0 13 15 25 19 11 1 20 11 12 5 1 20
12 6 7 0 3 22 5 23 6 14 5 11 15 5 17
18 25 11 12 0 18 2 3 15 13 10 25 13 1 13
23 18 18 22 17 0 10 14 4 22 17 22 7 14 12
16 7 2 25 18 18 0 16 10 1 10 7 23 7 3
1 19 17 18 19 16 13 0 11 20 11 7 21 19 13
13 14 17 3 22 3 15 2 0 15 3 1 8 22 5
12 3 6 11 7 4 8 26 6 0 12 19 7 15 21
19 17 18 1 2 18 25 11 18 10 0 21 10 20 26
17 10 5 24 3 24 15 7 12 15 9 0 11 2 26
17 17 20 14 4 11 23 2 2 6 11 9 0 13 4
7 18 6 22 8 23 24 23 26 17 8 16 9 0 17
1 17 3 16 19 11 13 1 13 5 15 20 13 26 0

0 16 21 2 14 19 6 1 7 18 1 3 10 15 14
14 0 6 15 1 6 12 22 13 10 1 17 9 3 23
5 25 0 26 15 3 9 25 9 26 6 17 10 23 1
17 19 1 0 14 13 5 4 7 5 16 12 23 5 19
21 14 24 11 0 2 6 6 24 17 6 3 26 1 5
19 24 2 5 9 0 4 19 26 20 21 4 19 9 5
16 24 5 20 19 5 0 17 8 14 10 5 17 10 22
24 23 17 15 24 24 22 0 6 16 23 3 13 12 17
6 16 4 23 18 12 5 3 0 25 6 2 3 26 13
4 14 2 20 8 1 21 9 19 0 7 22 7 17 25
21 11 4 10 6 5 23 12 3 24 0 2 12 14 13
7 14 16 6 8 2 4 3 22 2 8 0 15 2 12
22 11 26 11 13 7 8 4 5 14 3 18 0 16 4
1 6 23 5 1 26 4 14 19 11 20 12 26 0 11
26 19 8 10 3 19 7 11 18 4 8 22 19 13 0
