15 10 8
10    7  0 8  1 8  3 8  4 8  5 8  7 8  9 8    6  1 75  4 75  5 75  7 75  8 75  9 75    7  0 72  1 72  2 72  4 72  5 72  8 72  9 72    2  6 74  7 74    6  0 30  3 30  4 30  5 30  6 30  7 30    5  3 43  5 43  7 43  8 43  9 43    3  2 38  3 38  6 38    5  0 98  1 98  4 98  5 98  8 98    8  0 26  1 26  2 26  3 26  4 26  6 26  7 26  9 26    2  3 19  8 19
10    5  3 19  4 19  5 19  6 19  7 19    7  1 73  3 73  4 73  5 73  6 73  8 73  9 73    2  3 43  9 43    4  0 23  2 23  4 23  8 23    7  0 85  1 85  3 85  4 85  5 85  6 85  7 85    1  4 39    6  2 13  3 13  4 13  5 13  8 13  9 13    5  1 26  2 26  3 26  8 26  9 26    5  2 67  5 67  6 67  7 67  9 67    4  4 9  6 9  7 9  9 9
10    6  0 50  1 50  5 50  6 50  7 50  8 50    4  0 93  3 93  4 93  8 93    4  3 80  5 80  6 80  9 80    6  0 7  1 7  4 7  6 7  7 7  9 7    6  0 55  2 55  3 55  5 55  6 55  7 55    7  1 61  2 61  5 61  6 61  7 61  8 61  9 61    8  1 57  2 57  3 57  4 57  5 57  6 57  7 57  9 57    2  7 72  8 72    6  1 42  2 42  5 42  7 42  8 42  9 42    6  0 46  4 46  5 46  6 46  7 46  8 46
10    5  1 68  2 68  5 68  6 68  9 68    4  4 43  5 43  6 43  7 43    3  4 99  5 99  6 99    5  1 60  5 60  6 60  7 60  8 60    7  0 68  2 68  3 68  5 68  6 68  8 68  9 68    5  0 91  2 91  3 91  5 91  6 91    7  0 11  2 11  3 11  4 11  5 11  6 11  8 11    4  0 96  3 96  5 96  9 96    5  1 11  2 11  3 11  6 11  9 11    4  1 72  2 72  4 72  5 72
10    4  6 84  7 84  8 84  9 84    5  2 34  3 34  4 34  5 34  7 34    6  0 40  1 40  4 40  6 40  7 40  8 40    6  2 7  5 7  6 7  7 7  8 7  9 7    5  1 70  4 70  7 70  8 70  9 70    6  1 74  4 74  5 74  6 74  7 74  8 74    7  0 12  1 12  2 12  3 12  5 12  6 12  7 12    6  0 43  1 43  3 43  5 43  7 43  8 43    3  1 69  7 69  9 69    4  0 30  4 30  7 30  9 30
10    3  5 60  8 60  9 60    4  0 49  5 49  7 49  9 49    3  3 59  4 59  7 59    5  2 72  3 72  5 72  8 72  9 72    6  0 63  2 63  6 63  7 63  8 63  9 63    5  0 69  1 69  2 69  7 69  8 69    7  0 99  2 99  3 99  5 99  6 99  7 99  8 99    4  1 45  4 45  5 45  6 45    4  1 27  2 27  3 27  4 27    4  0 9  2 9  4 9  5 9
10    7  0 71  2 71  4 71  5 71  6 71  7 71  8 71    6  1 91  2 91  5 91  6 91  8 91  9 91    5  1 65  5 65  6 65  7 65  8 65    5  0 90  1 90  3 90  4 90  9 90    4  2 98  5 98  6 98  9 98    6  1 8  4 8  5 8  6 8  7 8  9 8    5  0 50  4 50  7 50  8 50  9 50    5  0 75  2 75  3 75  6 75  8 75    4  0 37  2 37  5 37  9 37    3  1 17  3 17  6 17
10    3  0 62  7 62  8 62    4  0 90  3 90  7 90  8 90    6  0 98  1 98  5 98  6 98  8 98  9 98    6  2 31  3 31  4 31  5 31  7 31  8 31    7  0 91  1 91  2 91  3 91  5 91  7 91  8 91    4  1 38  4 38  6 38  7 38    2  1 72  9 72    5  0 9  1 9  5 9  6 9  9 9    6  0 72  1 72  2 72  4 72  6 72  8 72    6  0 49  2 49  4 49  6 49  7 49  8 49
10    5  0 35  1 35  4 35  6 35  7 35    5  0 39  1 39  2 39  4 39  5 39    6  1 74  4 74  5 74  6 74  7 74  9 74    3  2 25  5 25  6 25    5  4 47  6 47  7 47  8 47  9 47    3  3 52  4 52  9 52    3  0 63  2 63  4 63    3  2 21  3 21  8 21    3  0 35  1 35  6 35    4  0 80  1 80  8 80  9 80
10    4  0 58  3 58  4 58  9 58    6  0 5  2 5  5 5  6 5  7 5  8 5    4  2 50  3 50  4 50  6 50    3  0 52  4 52  8 52    5  0 88  1 88  7 88  8 88  9 88    4  2 20  4 20  6 20  9 20    3  0 68  2 68  9 68    3  0 24  1 24  5 24    3  0 53  4 53  6 53    2  5 57  7 57
10    5  1 99  2 99  3 99  4 99  7 99    6  0 91  2 91  3 91  5 91  8 91  9 91    5  1 33  2 33  3 33  4 33  5 33    8  0 19  1 19  3 19  5 19  6 19  7 19  8 19  9 19    6  0 18  1 18  2 18  4 18  8 18  9 18    4  0 38  4 38  6 38  9 38    5  0 24  2 24  3 24  7 24  8 24    7  1 35  2 35  4 35  5 35  6 35  7 35  9 35    2  1 49  5 49    4  0 9  7 9  8 9  9 9
10    3  0 68  1 68  7 68    6  0 60  1 60  3 60  4 60  5 60  8 60    5  1 77  2 77  4 77  6 77  9 77    6  0 10  1 10  4 10  6 10  7 10  9 10    5  1 60  3 60  5 60  7 60  8 60    5  0 15  3 15  5 15  8 15  9 15    5  1 72  6 72  7 72  8 72  9 72    5  1 18  2 18  3 18  4 18  8 18    6  1 90  3 90  5 90  6 90  7 90  8 90    5  1 18  2 18  4 18  5 18  7 18
10    5  0 79  1 79  7 79  8 79  9 79    6  1 60  2 60  3 60  5 60  7 60  8 60    7  1 56  2 56  3 56  5 56  7 56  8 56  9 56    2  0 91  6 91    5  1 40  2 40  3 40  6 40  7 40    5  0 86  4 86  7 86  8 86  9 86    5  1 72  4 72  6 72  7 72  8 72    6  0 80  3 80  5 80  6 80  7 80  9 80    6  0 89  2 89  3 89  5 89  8 89  9 89    6  1 51  2 51  4 51  6 51  7 51  8 51
10    4  0 10  2 10  4 10  7 10    5  2 92  4 92  5 92  7 92  9 92    7  0 23  1 23  2 23  5 23  6 23  7 23  8 23    6  1 46  2 46  3 46  5 46  6 46  7 46    6  1 40  3 40  4 40  7 40  8 40  9 40    7  0 72  1 72  3 72  6 72  7 72  8 72  9 72    5  1 6  2 6  3 6  4 6  7 6    3  1 23  5 23  8 23    4  0 95  5 95  6 95  8 95    5  0 34  5 34  6 34  8 34  9 34
10    7  0 24  1 24  2 24  3 24  4 24  5 24  9 24    4  3 29  4 29  5 29  8 29    4  3 49  4 49  6 49  9 49    5  1 55  3 55  6 55  7 55  8 55    4  0 47  1 47  4 47  6 47    6  1 77  2 77  4 77  6 77  8 77  9 77    3  3 77  5 77  7 77    5  0 8  5 8  7 8  8 8  9 8    2  1 28  7 28    5  0 48  1 48  4 48  6 48  8 48

0 15 16 14 9 4 16 9 21 25 11 4 15 2 9
6 0 11 2 21 15 12 17 20 9 3 1 7 2 8
9 8 0 2 12 26 23 10 3 1 25 7 16 8 2
22 24 6 0 21 11 24 19 17 8 26 21 5 9 12
3 16 13 24 0 4 23 19 22 11 10 25 12 5 5
10 14 11 5 5 0 26 4 9 12 11 20 25 22 19
11 24 21 19 2 22 0 12 10 2 8 6 4 7 5
13 17 3 2 10 26 10 0 15 3 24 21 11 10 12
16 4 15 3 3 7 15 2 0 15 19 6 13 9 26
5 25 11 12 15 2 7 22 17 0 19 8 11 2 7
18 11 3 2 22 1 7 17 17 23 0 9 4 8 9
11 17 23 10 24 4 3 25 1 12 16 0 15 25 3
21 5 19 2 2 17 9 20 14 19 22 24 0 7 9
26 4 19 23 1 20 10 13 21 21 14 16 2 0 1
8 15 23 17 13 2 17 22 18 16 17 25 3 11 0

0 6 12 8 16 23 9 26 4 18 1 13 7 1 12
26 0 14 18 7 11 15 25 19 21 12 18 21 21 8
5 7 0 3 2 20 5 20 10 1 15 14 22 8 19
4 5 16 0 24 12 22 14 12 12 6 9 3 26 14
16 18 25 6 0 20 11 22 16 17 13 8 7 17 24
16 12 23 3 4 0 3 24 2 13 22 21 6 4 9
20 6 11 22 5 16 0 14 10 16 14 19 6 20 15
9 13 24 11 3 21 5 0 20 9 16 10 3 20 16
11 4 4 5 3 11 19 9 0 14 18 20 20 3 7
17 10 16 13 14 9 6 9 14 0 19 11 6 7 17
7 26 10 2 25 18 23 11 12 10 0 16 10 9 21
17 20 4 12 21 4 26 15 26 3 18 0 4 21 23
7 6 12 14 15 13 12 18 12 26 5 7 0 12 22
21 24 23 20 7 19 25 24 25 4 6 20 1 0 18
7 19 3 26 17 1 12 20 11 6 18 14 21 20 0

0 18 22 5 20 4 6 22 24 23 13 16 14 15 24
25 0 17 11 4 12 4 5 8 8 5 14 2 5 3
12 2 0 26 12 17 20 26 6 25 25 18 10 22 6
15 17 20 0 11 1 15 9 22 9 7 10 11 17 12
20 15 3 9 0 14 16 11 19 23 6 16 9 22 22
8 2 18 16 22 0 18 21 21 24 2 6 9 17 12
17 17 22 17 13 1 0 8 14 16 10 22 2 26 19
24 7 11 8 4 3 19 0 11 21 9 2 4 22 12
15 12 5 13 4 1 15 2 0 13 3 22 13 11 8
26 4 11 24 12 23 22 8 12 0 22 1 1 16 12
18 23 17 9 6 14 16 12 11 3 0 8 18 8 18
23 24 6 13 25 14 19 10 22 12 18 0 7 23 10
18 24 10 24 24 20 1 26 8 21 23 12 0 3 18
24 14 24 9 15 3 6 16 2 22 2 26 20 0 20
6 13 9 15 22 8 17 4 20 22 15 16 15 4 0

0 18 22 1 9 5 13 2 3 8 6 12 3 10 19
25 0 6 16 7 5 16 24 15 4 3 12 3 1 12
26 9 0 14 22 19 9 2 7 14 13 16 23 25 15
8 15 23 0 5 21 19 6 26 8 17 2 20 26 12
12 8 17 14 0 4 12 15 11 26 21 1 6 15 12
4 17 23 16 3 0 5 3 11 11 19 10 24 16 22
26 24 6 3 3 5 0 3 12 16 15 15 2 26 5
8 18 18 17 14 16 25 0 20 3 25 12 3 19 26
3 13 24 21 10 23 2 22 0 15 25 11 26 3 7
9 15 19 6 11 11 1 18 24 0 16 9 7 18 16
14 9 13 1 9 10 23 22 24 11 0 3 23 20 12
4 21 8 22 3 11 1 23 22 13 15 0 10 20 17
13 15 22 1 13 25 1 1 20 5 18 17 0 3 15
2 13 24 1 16 14 17 1 25 20 21 19 8 0 17
10 26 1 22 20 25 22 5 8 14 21 12 6 22 0

0 26 12 12 5 23 23 5 23 9 13 8 2 26 25
3 0 20 23 14 4 2 4 15 2 4 17 12 11 5
21 6 0 4 15 11 19 20 25 4 22 6 4 15 6
15 20 9 0 5 5 16 20 6 7 18 17 8 5 15
5 13 10 6 0 21 17 9 8 12 22 14 18 7 14
20 23 16 13 11 0 8 23 10 17 26 17 1 14 14
7 17 22 19 9 15 0 15 16 20 13 8 10 16 10
6 17 11 9 25 7 10 0 7 16 18 18 4 12 20
15 16 20 18 21 19 15 16 0 5 23 19 21 19 3
6 20 21 19 9 4 17 9 2 0 7 18 20 2 4
18 11 11 8 22 18 25 23 23 23 0 5 14 23 13
8 13 8 17 23 7 20 9 9 2 13 0 5 7 20
17 23 18 22 25 21 11 14 3 19 16 20 0 1 12
1 1 4 17 6 9 19 8 19 25 11 1 12 0 14
19 16 25 10 18 24 22 23 8 10 19 10 5 26 0

0 3 14 13 20 11 10 13 19 21 6 6 15 12 1
20 0 6 14 26 6 12 4 10 22 15 11 20 24 22
4 22 0 22 18 25 21 21 25 21 20 23 9 13 24
13 15 19 0 26 3 16 14 21 16 17 1 11 11 7
17 7 19 23 0 11 5 25 14 19 20 19 18 3 11
6 8 17 16 7 0 2 25 12 5 10 15 15 9 13
13 13 17 14 3 20 0 14 12 4 17 1 1 23 22
7 4 5 14 13 8 21 0 23 1 19 23 12 18 25
17 9 1 12 10 20 13 17 0 5 9 9 16 6 7
24 5 13 4 18 26 26 12 19 0 8 17 11 17 23
15 3 13 23 11 6 8 8 5 24 0 20 21 23 25
3 16 9 12 7 3 24 15 8 8 19 0 2 2 24
11 19 10 22 25 1 3 20 4 16 6 22 0 24 8
17 23 2 11 11 2 26 15 4 19 5 18 2 0 23
18 21 14 8 15 4 26 11 23 10 23 23 23 7 0

0 12 14 15 18 23 17 6 5 21 5 9 25 23 9
26 0 19 8 25 11 15 9 16 8 13 6 5 11 11
20 16 0 22 22 23 24 22 25 8 17 16 10 5 5
15 25 21 0 19 13 12 2 7 13 19 6 22 21 9
20 2 15 17 0 1 14 24 19 24 23 8 15 16 17
15 1 26 22 11 0 5 5 15 10 15 5 8 20 14
6 1 5 19 24 25 0 11 23 2 12 7 24 9 4
12 11 18 11 1 19 21 0 24 2 19 10 9 18 1
23 3 6 19 24 18 8 7 0 10 10 21 2 8 17
16 14 23 12 14 24 3 7 15 0 14 17 18 2 6
4 18 22 22 23 3 1 23 23 3 0 12 11 6 8
8 2 22 11 19 16 10 5 14 25 22 0 18 17 8
15 14 6 1 20 8 18 1 22 7 22 5 0 18 16
11 24 9 2 14 19 4 3 25 1 17 5 22 0 1
1 6 16 19 15 16 23 11 22 17 24 3 8 8 0

0 16 10 3 18 12 13 1 9 19 22 26 9 21 16
10 0 19 8 4 18 4 2 18 25 23 3 26 24 13
15 1 0 13 10 5 21 17 24 20 14 20 7 24 16
15 6 19 0 1 16 11 23 16 13 7 24 20 12 16
8 16 25 26 0 5 12 8 7 24 21 7 26 26 1
23 20 13 11 21 0 8 19 2 20 21 26 12 6 25
20 25 25 20 2 7 0 1 10 24 21 16 19 11 21
6 11 19 11 18 17 9 0 25 1 12 12 16 12 8
7 11 17 17 1 18 23 15 0 12 3 15 25 10 25
13 11 9 23 10 19 7 21 1 0 17 17 9 4 16
4 15 2 6 16 16 10 20 25 20 0 4 15 4 22
6 19 9 20 1 1 9 14 9 26 19 0 21 6 19
16 20 25 17 15 6 15 25 6 11 2 11 0 20 6
3 1 24 24 5 9 26 20 25 1 13 3 4 0 13
12 8 16 24 24 2 14 16 22 13 23 20 17 7 0

0 6 24 16 12 10 7 14 20 1 11 22 3 19 16
7 0 26 5 1 19 20 7 3 20 22 3 15 26 4
5 18 0 15 23 19 24 10 23 26 23 12 2 20 18
25 2 13 0 9 5 14 10 10 22 21 26 12 12 24
2 11 8 17 0 19 24 8 21 7 8 21 13 8 4
4 3 24 16 25 0 8 5 16 10 9 4 26 5 25
5 23 19 6 23 1 0 19 19 22 5 20 24 5 12
3 7 18 5 12 5 1 0 24 16 5 12 20 6 22
21 9 7 2 12 11 1 4 0 15 1 11 11 20 6
23 16 26 25 21 2 20 4 7 0 11 9 17 15 5
23 20 14 19 8 17 2 16 14 8 0 10 17 1 7
15 21 23 11 16 26 8 7 18 8 8 0 1 3 8
23 2 11 19 21 1 2 21 7 18 26 3 0 11 2
7 19 3 18 20 5 15 20 24 10 24 13 17 0 12
9 22 8 1 24 17 15 2 11 4 24 21 1 14 0

0 24 14 26 1 19 18 14 16 11 10 9 18 8 7
3 0 9 20 13 9 19 25 13 19 13 2 13 2 14
12 4 0 15 4 7 3 18 18 23 2 20 1 24 14
11 13 9 0 21 13 9 22 17 11 18 20 2 12 18
19 9 25 20 0 25 14 13 21 14 18 1 2 14 4
23 2 7 5 18 0 20 3 25 14 12 15 13 22 26
19 6 16 14 10 10 0 15 20 8 6 15 21 12 4
6 4 9 21 6 18 10 0 15 5 2 4 6 5 26
18 25 21 8 23 5 17 3 0 15 15 2 7 23 24
4 21 8 21 12 10 7 8 3 0 4 14 19 19 8
14 3 14 21 6 26 3 14 23 16 0 20 16 9 26
22 26 2 12 12 8 19 6 26 9 17 0 7 14 19
25 14 15 11 22 14 24 13 19 21 14 18 0 6 13
15 5 22 11 20 17 1 22 19 22 24 3 26 0 1
22 15 20 2 18 23 10 20 8 19 12 4 21 4 0
