15 5 2
5    1  1 66    1  3 85    1  2 84    1  0 62    2  4 19  2 19
5    1  3 59    1  1 64    1  2 46    1  4 13    1  0 25
5    1  4 88    1  3 80    2  1 73  0 73    1  2 53    1  0 41
5    1  0 14    2  1 67  0 67    1  2 57    1  3 74    1  4 47
5    1  0 84    2  4 64  2 64    1  2 41    1  3 84    1  1 78
5    1  0 63    1  3 28    2  1 46  4 46    1  2 26    1  4 52
5    2  3 10  1 10    1  2 17    1  4 73    1  1 11    1  0 64
5    1  2 67    1  1 97    1  3 95    1  4 38    1  0 85
5    1  2 95    2  4 46  2 46    1  0 59    1  1 65    2  3 93  4 93
5    1  2 43    1  4 85    1  3 32    2  1 85  3 85    1  0 60
5    2  4 49  2 49    1  3 41    1  2 61    1  0 66    1  1 90
5    1  1 17    1  0 23    1  3 70    1  4 99    1  2 49
5    1  4 40    1  3 73    1  0 73    1  1 98    1  2 68
5    1  3 57    1  1 9    1  2 7    1  0 13    1  4 98
5    1  0 37    2  1 85  2 85    1  2 17    1  4 79    1  3 41

0 7 23 6 20 21 23 3 25 20 4 15 2 7 8
25 0 12 4 16 17 19 1 14 25 13 19 6 4 13
7 6 0 13 4 23 23 22 20 23 20 13 1 25 12
10 12 4 0 13 14 9 17 7 28 14 25 9 1 4
17 28 12 20 0 13 10 10 9 16 6 23 16 18 9
9 26 4 4 24 0 27 28 25 17 24 6 16 20 27
12 20 27 9 21 20 0 7 25 17 6 1 10 11 10
7 26 25 18 12 27 16 0 14 17 27 20 14 24 27
2 28 8 2 6 15 21 26 0 21 10 21 10 15 23
24 23 23 10 6 15 10 13 4 0 5 1 24 2 9
27 7 1 3 14 20 6 15 5 10 0 27 3 19 28
25 16 11 24 2 9 23 11 9 14 9 0 1 3 10
20 13 28 1 7 27 23 20 7 8 12 25 0 17 21
3 6 21 27 22 8 17 23 25 22 23 22 11 0 10
21 9 9 10 2 7 11 2 16 16 26 10 9 18 0

0 2 7 1 10 10 6 1 12 14 9 27 8 22 5
18 0 24 22 20 11 23 14 24 20 2 26 10 1 4
4 10 0 18 22 25 10 4 24 2 15 18 24 6 20
22 25 22 0 27 26 6 2 26 13 24 4 1 11 25
24 26 7 16 0 17 18 25 2 18 24 13 19 8 10
23 28 2 26 14 0 14 4 28 5 26 9 26 24 14
8 19 6 11 2 21 0 3 1 19 10 3 8 2 26
8 11 18 11 13 28 7 0 12 25 11 2 4 4 20
4 21 25 22 13 3 3 9 0 7 1 22 7 8 16
28 24 12 2 18 8 19 19 24 0 9 18 11 3 28
24 26 19 17 24 23 26 2 20 9 0 14 10 4 19
11 23 27 21 8 13 22 10 24 25 25 0 21 6 26
11 1 8 22 4 17 10 10 14 28 3 4 0 28 22
9 7 17 24 24 6 11 27 9 2 1 13 2 0 27
22 6 4 11 24 24 8 15 17 18 18 25 1 20 0

0 15 6 21 27 12 17 17 16 27 24 7 3 12 23
11 0 2 11 10 13 26 19 25 17 25 12 1 17 18
27 9 0 27 23 13 28 25 22 6 20 24 6 4 19
27 26 8 0 10 3 23 25 24 6 7 3 27 24 20
24 3 28 10 0 16 12 10 10 6 16 8 2 18 23
20 15 27 27 17 0 16 9 5 21 15 26 17 2 27
16 12 8 17 5 27 0 15 22 28 23 16 3 18 13
5 14 14 12 22 25 14 0 26 9 3 1 2 8 9
9 12 28 5 28 3 21 10 0 17 9 10 21 22 2
16 7 25 25 3 15 3 20 3 0 4 22 24 6 20
28 15 20 25 20 2 28 4 26 20 0 19 4 3 17
17 15 9 18 7 28 15 11 20 20 8 0 28 10 24
12 2 7 8 3 11 20 3 10 4 20 11 0 13 21
4 7 3 10 25 5 25 11 2 23 19 14 27 0 1
19 5 13 20 15 19 23 1 24 19 10 19 16 2 0

0 25 3 2 6 5 11 19 6 20 25 26 21 7 9
20 0 5 17 5 1 18 9 18 16 9 19 5 16 10
14 24 0 7 27 18 26 5 2 28 28 14 21 13 23
15 15 18 0 11 18 20 4 25 4 16 5 26 28 20
24 3 14 3 0 14 1 12 17 24 22 16 21 1 21
9 16 16 11 10 0 28 3 26 20 11 9 18 6 19
18 28 10 18 24 23 0 25 7 4 24 12 26 26 15
14 16 10 4 20 14 5 0 20 22 17 13 5 25 7
13 23 18 16 19 15 1 1 0 28 10 15 1 4 24
4 22 19 9 10 27 26 21 19 0 9 8 24 7 17
13 12 6 10 27 16 9 10 19 13 0 13 4 9 8
12 8 27 5 23 21 12 8 18 2 4 0 17 20 6
20 19 26 7 14 3 13 1 21 21 2 9 0 17 7
18 26 11 9 13 21 13 26 13 12 2 19 10 0 1
20 18 28 16 14 18 16 7 22 11 27 25 10 25 0

0 12 15 10 16 15 25 24 26 28 7 17 13 5 15
19 0 22 1 18 2 19 18 14 1 17 19 20 27 25
7 4 0 20 6 17 9 6 16 4 19 14 27 16 22
12 28 6 0 21 16 13 28 8 20 4 5 9 23 1
10 21 5 9 0 12 13 23 27 12 22 3 6 5 15
8 12 18 8 5 0 23 3 22 13 8 23 10 13 2
27 22 14 12 24 28 0 1 20 22 23 24 14 8 10
13 22 25 14 6 2 24 0 3 11 8 5 1 3 28
25 8 15 1 13 23 10 4 0 6 5 24 10 1 16
12 27 12 12 2 10 14 19 15 0 1 8 7 26 20
22 14 9 9 4 5 24 2 28 15 0 27 20 9 15
10 12 19 20 21 26 8 13 6 3 6 0 24 19 23
6 12 18 24 1 8 24 7 19 16 11 14 0 9 12
25 11 19 16 19 2 27 7 13 3 2 24 6 0 7
7 22 14 27 5 18 20 17 26 18 22 3 7 9 0
