20 10 3
10    1  3 60    1  4 48    1  5 95    1  0 87    2  1 72  7 72    1  9 5    1  8 35    1  7 39    1  6 54    1  2 66
10    1  7 37    1  6 34    2  0 97  5 97    1  5 55    1  2 21    1  3 20    2  4 59  5 59    1  9 46    1  8 19    1  1 46
10    1  4 45    2  2 73  9 73    1  1 24    1  8 28    1  0 28    1  3 25    1  5 23    1  7 83    2  9 5  3 5    1  6 78
10    1  0 53    2  2 12  9 12    1  9 12    1  1 37    1  8 33    1  3 71    1  6 55    1  5 29    1  7 87    1  4 38
10    1  4 90    2  2 49  0 49    1  9 27    1  7 65    2  5 7  2 7    1  6 23    1  0 48    2  3 83  5 83    2  8 17  7 17    2  1 40  7 40
10    1  3 85    1  4 25    1  2 84    1  6 64    1  9 13    1  1 66    1  7 46    1  8 59    1  0 62    1  5 19
10    1  5 88    1  6 67    1  4 14    1  0 41    1  1 73    1  7 57    1  2 53    1  3 80    1  9 47    1  8 74
10    2  1 78  2 78    1  5 64    1  4 63    1  6 46    1  3 84    1  0 84    1  8 28    1  9 52    1  7 26    1  2 41
10    2  1 11  4 11    1  0 64    1  6 97    1  9 38    1  2 17    1  4 85    1  5 73    1  3 10    1  8 95    1  7 67
10    1  3 93    2  2 95  4 95    1  7 43    1  1 65    1  8 32    1  0 59    1  6 85    1  5 46    1  9 85    1  4 60
10    1  2 61    1  3 41    1  5 49    2  4 23  7 23    1  0 66    1  7 49    1  8 70    1  9 99    1  1 90    2  6 17  8 17
10    1  4 13    1  7 7    1  1 98    1  8 57    1  0 73    1  3 73    1  2 68    1  5 40    1  9 98    1  6 9
10    1  9 86    3  6 76  3 76  8 76    2  4 14  6 14    1  3 41    1  1 85    2  0 37  4 37    1  8 19    1  2 17    2  7 54  1 54    1  5 79
10    1  1 40    1  2 53    1  7 97    1  5 87    1  8 96    2  4 84  0 84    1  3 16    1  6 66    1  9 52    2  0 95  9 95
10    1  6 33    1  1 33    1  3 87    1  0 18    1  2 55    1  8 13    1  4 77    2  7 60  3 60    1  9 42    1  5 74
10    1  7 92    1  5 91    1  8 79    1  2 54    1  4 69    1  6 79    1  3 33    1  1 61    2  9 39  1 39    1  0 16
10    1  6 82    1  1 41    1  4 28    1  5 64    1  2 78    1  3 76    1  7 6    1  8 49    1  9 47    1  0 58
10    1  0 52    1  5 42    1  8 24    1  9 91    1  3 47    2  6 88  3 88    1  4 91    1  7 52    1  2 28    1  1 35
10    2  5 82  4 82    1  2 76    1  3 86    1  6 93    1  4 84    1  7 38    1  8 95    1  9 37    1  1 21    1  0 23
10    1  9 77    1  4 8    1  6 42    1  7 64    1  0 70    1  2 45    1  8 45    1  5 28    1  3 67    1  1 86

0 6 16 22 9 19 24 7 5 18 25 24 18 14 8 20 13 5 2 5
9 0 16 22 18 22 11 5 15 15 9 27 23 5 22 26 10 24 25 11
12 12 0 10 13 4 4 19 25 16 19 6 16 12 26 21 20 23 16 6
22 22 4 0 13 6 9 3 15 20 12 5 11 20 25 7 1 18 16 26
7 27 9 27 0 14 26 26 17 20 8 5 5 14 11 22 10 18 11 23
23 14 27 1 4 0 24 6 8 6 26 6 21 8 9 25 4 23 8 25
21 9 27 22 22 13 0 9 24 16 8 25 21 7 18 5 6 7 18 10
5 14 20 21 18 21 21 0 22 5 13 4 23 14 9 24 27 11 19 12
22 16 2 12 27 19 16 14 0 7 14 14 12 19 20 27 27 7 8 27
6 11 27 13 13 18 14 27 1 0 23 26 19 24 24 16 19 3 24 12
16 22 27 19 2 3 12 3 6 16 0 26 22 10 8 5 7 5 11 18
27 7 20 19 10 26 14 17 23 2 15 0 4 18 11 2 6 18 16 19
25 2 15 14 1 13 5 11 2 15 22 24 0 7 9 25 9 27 17 21
7 9 10 22 16 24 8 9 13 6 19 21 2 0 13 8 21 14 15 2
26 15 23 4 24 6 13 11 23 16 17 15 16 9 0 15 5 1 6 5
6 16 8 12 14 17 23 1 14 22 11 27 25 8 8 0 18 20 21 17
14 6 12 20 25 5 2 12 21 9 16 14 20 26 14 14 0 19 13 7
20 7 25 7 26 23 13 10 16 17 25 10 24 5 2 11 8 0 22 26
25 3 13 10 23 25 21 10 19 7 17 21 20 12 14 8 17 2 0 25
13 10 1 26 25 4 12 19 23 9 25 2 2 11 20 20 20 13 21 0

0 17 9 20 24 24 24 9 6 20 10 5 13 3 23 10 14 24 20 18
3 0 18 5 15 23 16 13 5 1 1 8 19 20 20 24 8 17 22 23
20 22 0 3 24 24 27 13 21 3 9 27 4 26 8 26 1 1 15 26
11 13 26 0 25 6 4 7 25 25 24 4 20 26 27 12 19 10 1 14
25 9 7 21 0 27 16 16 13 22 17 3 19 2 27 27 21 7 6 14
19 20 8 5 10 0 5 22 10 19 14 13 21 23 27 3 11 19 16 20
25 17 8 17 5 7 0 14 11 21 26 1 27 3 17 27 23 7 21 18
7 21 19 4 12 21 24 0 27 14 9 10 5 17 1 8 9 7 6 7
15 8 5 23 2 16 18 5 0 14 8 25 22 20 13 14 5 1 12 3
21 15 12 13 22 15 16 10 25 0 27 11 10 18 24 5 13 17 12 16
19 19 7 15 19 16 5 27 13 27 0 5 21 21 24 27 10 19 21 5
3 27 5 18 16 21 3 6 17 3 27 0 9 16 19 5 10 5 14 14
27 1 9 3 14 27 23 27 18 6 16 23 0 22 15 17 14 24 20 21
14 9 27 16 13 19 22 9 13 12 27 5 24 0 12 23 5 23 21 6
2 27 17 24 13 15 4 7 1 9 4 21 16 18 0 12 13 14 19 3
25 9 19 27 21 8 19 16 16 16 9 6 3 23 18 0 17 22 25 26
8 15 9 9 16 7 12 16 10 16 15 17 22 17 3 25 0 18 18 8
22 9 10 7 10 19 14 2 23 26 3 4 18 1 10 22 5 0 4 7
6 16 7 25 2 25 2 8 3 21 19 25 13 14 2 5 2 16 0 7
15 20 3 2 10 1 6 25 13 16 16 6 14 21 12 18 21 14 10 0

0 25 3 6 25 20 24 12 3 12 15 6 27 20 2 13 12 11 8 24
17 0 20 18 19 12 16 17 22 18 5 1 23 6 19 4 26 19 27 17
20 14 0 25 7 7 27 18 10 12 13 8 21 5 22 25 13 16 27 5
26 25 4 0 24 1 21 12 13 25 25 12 12 20 4 3 23 11 1 4
6 15 13 4 0 25 25 10 21 20 12 20 9 19 11 8 4 18 24 12
25 16 8 15 9 0 21 11 23 5 1 25 8 10 21 17 9 18 21 2
9 17 17 14 22 3 0 11 19 22 1 16 16 22 16 3 2 3 12 23
16 23 9 18 12 6 26 0 6 11 16 3 18 27 7 11 9 6 16 27
24 5 7 9 25 21 22 20 0 17 26 1 15 17 5 23 23 18 15 6
2 15 9 2 23 23 27 10 11 0 1 19 26 23 9 26 11 21 15 18
17 3 19 5 23 18 18 7 18 23 0 19 10 10 8 20 9 22 8 13
21 1 20 26 16 26 19 1 25 11 19 0 27 8 2 20 27 19 13 4
21 20 27 7 1 6 16 27 7 2 17 26 0 24 18 18 17 1 17 3
18 14 1 8 22 18 19 6 9 18 3 18 14 0 4 19 4 16 10 16
2 10 2 20 4 7 23 14 10 20 17 26 17 2 0 10 1 9 1 7
23 3 8 10 3 5 24 16 14 13 3 19 26 20 16 0 24 5 9 7
26 25 3 1 2 23 24 16 2 21 19 11 12 26 22 6 0 10 24 22
27 14 8 18 4 15 8 20 11 14 1 21 12 18 12 2 12 0 19 12
23 5 22 22 26 14 22 10 10 10 17 13 13 23 21 9 5 12 0 1
19 11 8 17 5 14 17 14 11 7 25 27 5 15 23 17 20 6 21 0

0 22 14 10 17 19 23 17 25 1 27 21 12 20 2 20 6 10 8 2
14 0 22 17 16 21 2 23 8 18 26 14 9 11 20 19 5 3 12 6
2 20 0 11 7 1 14 1 20 4 2 26 4 2 14 1 24 9 11 3
11 22 21 0 9 22 1 5 20 19 11 17 11 26 1 20 2 22 23 14
27 1 5 14 0 8 27 8 22 13 20 12 21 12 5 6 11 5 14 11
19 4 24 26 7 0 3 25 8 12 23 12 8 2 17 13 15 3 6 1
11 12 1 15 10 22 0 4 9 23 22 24 6 22 15 2 13 22 6 18
2 13 11 24 13 23 22 0 27 27 27 20 13 25 22 24 23 1 2 22
17 26 24 21 3 20 20 6 0 26 1 9 24 7 27 23 25 22 21 7
21 7 14 10 6 4 19 8 27 0 4 7 19 18 27 17 6 17 7 11
24 20 13 5 23 2 13 12 10 27 0 3 19 14 12 10 25 9 17 1
17 17 26 9 22 18 21 19 19 3 26 0 14 12 13 20 9 19 26 25
3 22 20 23 6 7 14 22 12 23 15 27 0 16 16 13 4 19 18 17
21 26 20 19 26 4 15 15 26 3 4 23 18 0 15 2 26 9 24 19
17 5 14 15 19 21 5 22 5 12 11 21 3 26 0 8 13 25 2 3
20 6 1 4 10 19 22 2 8 9 1 13 6 27 10 0 27 23 19 7
20 22 6 23 4 8 9 4 1 25 5 5 24 12 15 17 0 1 14 18
23 7 21 10 3 11 19 17 8 19 5 15 13 19 6 16 23 0 7 1
17 16 3 9 26 19 18 17 4 1 16 6 19 1 3 9 19 26 0 25
24 21 26 14 3 16 24 17 2 3 6 9 13 21 14 5 8 2 6 0

0 8 25 26 25 3 18 5 14 16 24 14 20 7 20 4 4 22 26 4
25 0 20 13 11 15 7 19 18 20 27 5 9 10 18 27 24 22 12 17
5 7 0 21 23 11 10 24 13 21 13 24 3 9 20 27 22 27 1 27
23 8 9 0 4 10 27 22 12 12 16 4 5 13 16 1 8 12 25 10
6 21 4 25 0 20 24 24 21 6 24 12 9 17 27 24 25 8 3 18
7 25 8 6 7 0 9 8 17 10 20 21 3 5 20 3 2 26 23 1
27 7 14 22 7 18 0 17 23 15 10 10 17 16 13 26 9 2 26 4
25 12 26 10 2 20 1 0 1 23 10 7 24 13 24 20 16 11 9 16
1 6 5 25 27 5 11 3 0 7 4 7 18 11 4 17 9 9 14 17
5 18 15 4 10 27 3 7 23 0 25 2 14 27 25 23 1 8 1 14
15 1 24 25 3 6 1 25 20 20 0 25 16 10 14 13 15 22 25 18
9 19 2 26 10 1 17 6 23 24 2 0 13 26 9 10 22 8 8 13
27 8 20 8 22 3 4 20 26 27 11 7 0 12 1 20 13 1 20 22
8 4 20 6 6 17 5 11 12 27 7 15 15 0 13 7 5 26 10 2
15 4 13 22 27 2 16 19 10 6 4 18 1 11 0 11 19 5 1 21
11 17 11 10 4 25 27 16 12 15 26 1 17 24 23 0 21 14 7 23
24 6 2 1 7 2 7 23 1 13 15 22 26 17 20 9 0 15 6 10
8 6 12 12 18 11 11 26 1 13 18 11 6 20 10 14 18 0 18 12
7 7 11 16 13 9 7 4 13 7 5 27 20 6 12 17 2 1 0 1
23 12 3 21 16 20 21 6 24 24 6 18 1 17 15 11 10 25 3 0

0 23 13 23 5 12 10 21 15 11 10 10 13 24 17 11 20 25 9 7
23 0 23 22 23 4 16 4 23 10 7 3 18 18 2 27 3 23 3 3
13 21 0 16 16 2 23 26 25 21 23 10 7 3 26 16 5 1 4 21
16 15 16 0 23 13 14 21 8 24 26 24 2 20 3 10 24 22 3 8
9 16 2 18 0 13 5 5 4 26 1 13 11 26 1 26 27 5 17 4
27 2 26 11 1 0 5 2 21 19 21 9 16 26 5 15 11 22 6 6
2 25 14 23 21 15 0 16 6 26 6 17 24 15 19 11 11 14 9 11
8 25 17 25 22 25 19 0 27 10 17 24 11 19 11 26 2 5 26 4
16 19 25 5 17 14 26 17 0 18 20 11 26 21 20 23 8 14 25 14
21 27 2 11 17 19 14 23 25 0 11 14 6 17 14 14 25 23 8 11
14 5 11 4 4 25 8 13 10 25 0 20 10 18 8 12 21 18 25 23
3 12 22 26 3 23 21 11 4 23 3 0 21 3 21 6 27 15 1 16
6 27 12 18 12 6 18 6 2 1 16 4 0 19 22 3 16 23 16 18
17 26 17 2 3 24 24 13 9 21 15 20 7 0 17 9 19 25 19 20
24 27 7 12 6 25 21 18 27 4 9 11 12 22 0 2 14 17 16 17
20 25 20 8 10 27 24 1 20 7 17 14 25 3 21 0 10 3 6 11
19 27 2 17 16 22 27 5 26 17 23 3 2 16 24 20 0 8 2 5
18 23 10 24 17 2 2 15 16 7 22 21 14 5 26 13 26 0 8 11
3 22 23 16 4 25 13 20 8 9 6 1 12 8 16 2 23 27 0 26
23 10 23 11 22 21 21 17 4 25 17 10 26 5 21 14 17 9 23 0

0 26 17 22 11 10 26 26 15 11 15 23 18 7 7 26 25 25 5 11
7 0 12 15 17 26 7 26 25 7 24 14 8 20 5 19 2 13 20 23
3 16 0 11 27 14 2 24 14 16 22 17 24 25 9 4 8 20 26 6
27 14 6 0 5 11 6 3 15 7 9 20 8 4 13 24 18 10 23 22
4 8 16 2 0 8 10 2 4 26 2 5 4 1 25 16 12 15 11 13
23 25 21 1 20 0 1 5 4 7 7 24 14 3 11 22 2 18 20 15
22 22 3 27 17 8 0 8 2 6 4 2 17 10 21 21 2 21 18 3
17 18 9 8 16 27 10 0 3 15 1 18 7 6 25 20 18 22 21 12
9 22 10 11 24 21 8 23 0 3 24 1 20 21 19 1 10 7 17 9
23 13 10 1 6 13 4 24 10 0 8 11 20 9 3 7 2 21 3 23
15 12 18 11 5 27 10 22 4 2 0 11 2 15 15 9 6 26 6 27
3 5 1 15 1 9 10 23 6 5 5 0 1 11 19 27 13 23 8 10
5 15 27 17 14 11 21 20 18 27 23 20 0 7 23 22 18 16 24 2
17 12 1 17 11 6 7 7 25 13 26 15 22 0 27 10 3 14 27 20
23 6 11 9 24 20 23 2 23 10 10 19 26 14 0 14 20 13 8 6
2 20 10 14 5 19 2 18 13 19 23 15 4 16 10 0 5 9 12 8
11 17 4 20 27 9 17 23 5 11 25 11 7 11 17 21 0 27 21 17
4 14 27 25 9 6 15 20 21 18 7 27 22 27 25 5 1 0 15 21
11 17 25 19 21 1 18 16 22 17 6 5 4 1 26 6 25 1 0 2
25 2 7 26 21 14 23 6 4 7 22 11 4 4 1 22 23 15 25 0

0 16 9 2 22 22 26 25 8 6 26 17 6 19 13 14 15 17 2 26
22 0 17 23 24 15 13 11 5 23 3 20 27 23 13 6 14 12 13 24
14 1 0 22 15 5 16 7 11 13 9 8 8 1 22 27 16 5 23 20
19 2 15 0 10 23 18 12 13 6 17 4 18 16 14 1 23 26 1 5
18 14 21 4 0 4 19 1 21 17 3 9 4 11 6 13 14 3 25 18
24 22 7 6 6 0 12 26 1 18 4 3 12 14 1 19 25 1 27 6
18 11 19 15 11 3 0 27 25 27 3 24 11 3 3 26 13 7 17 3
14 20 1 9 3 20 4 0 20 27 17 11 9 21 5 21 27 23 4 21
2 20 20 22 24 23 3 7 0 17 20 6 16 1 4 19 17 8 23 9
19 14 11 25 23 26 9 1 6 0 27 12 2 13 26 7 3 15 16 19
8 24 13 7 11 21 7 4 19 24 0 27 12 12 3 23 21 23 16 15
14 23 1 23 9 23 26 25 2 22 24 0 4 17 27 4 1 11 11 22
22 16 23 2 13 3 18 9 21 12 20 22 0 7 24 20 15 25 16 25
15 4 5 19 25 25 14 8 27 5 13 16 3 0 16 25 19 19 3 20
6 27 26 17 6 7 16 6 21 22 7 3 16 5 0 9 6 18 27 20
27 6 7 6 4 4 13 3 7 22 18 21 14 23 8 0 9 1 2 22
9 7 15 10 6 14 20 27 4 12 4 9 18 13 4 26 0 8 7 23
4 16 25 3 4 23 5 21 18 20 18 12 7 7 10 8 22 0 27 11
17 8 17 1 12 16 21 24 27 15 10 12 24 14 16 19 14 14 0 2
4 5 1 22 3 25 15 5 23 16 10 3 6 15 17 9 3 2 15 0

0 13 26 16 26 14 9 18 5 9 27 14 1 9 4 10 25 12 11 3
14 0 5 20 17 24 13 3 23 5 4 5 17 4 5 19 14 19 1 26
17 16 0 1 26 11 6 8 23 8 25 25 4 4 1 1 17 10 2 7
19 18 6 0 10 22 15 9 25 12 18 7 19 17 24 22 3 20 15 24
15 17 3 9 0 20 21 15 6 18 20 24 3 25 2 26 1 22 26 20
9 14 22 11 3 0 4 15 9 11 10 24 16 6 14 16 23 21 25 27
18 1 1 1 14 26 0 27 2 26 5 1 3 11 13 23 25 9 13 7
18 19 12 14 15 22 1 0 1 1 15 26 6 16 23 12 1 4 14 15
11 17 6 17 26 16 1 1 0 21 4 25 15 15 20 27 26 20 9 15
13 3 5 14 10 10 8 13 20 0 11 7 13 24 11 7 13 15 19 25
10 2 1 3 24 10 17 21 17 2 0 2 17 8 24 24 9 24 2 10
12 11 13 14 22 9 6 11 14 27 8 0 18 26 21 12 2 24 16 26
17 14 19 22 2 6 20 13 1 18 2 2 0 4 17 7 12 8 7 11
6 17 26 25 15 21 18 18 7 5 24 4 11 0 26 12 19 7 24 22
1 19 10 21 6 15 21 13 3 2 1 6 17 2 0 16 17 24 24 16
3 21 21 22 13 27 17 13 17 1 11 24 8 16 2 0 26 26 20 10
5 13 15 18 21 21 1 25 19 6 24 22 16 10 26 4 0 6 14 21
9 18 19 13 1 7 14 25 22 16 4 24 7 14 20 8 4 0 19 24
10 15 25 15 12 27 3 21 14 9 10 22 5 5 20 7 19 24 0 4
2 20 5 16 4 18 5 21 26 13 17 23 27 18 16 12 21 25 1 0

0 20 19 8 23 18 25 18 21 23 24 7 16 26 3 6 8 6 16 16
5 0 11 7 14 19 20 11 22 9 11 24 5 27 22 17 16 9 23 22
14 10 0 14 14 16 15 17 22 8 12 10 18 6 22 9 4 17 20 11
9 16 16 0 5 19 10 8 5 27 18 14 8 9 12 7 26 7 8 8
11 14 8 24 0 12 2 1 5 21 20 12 26 24 5 5 8 19 25 16
25 19 11 6 6 0 8 7 9 18 15 15 13 23 9 12 22 2 24 21
17 16 5 26 12 3 0 14 11 22 11 15 1 13 2 16 2 4 1 14
7 2 17 7 2 16 9 0 9 11 24 4 20 26 1 2 26 22 26 5
1 15 23 15 12 19 5 21 0 10 10 4 19 18 20 21 25 22 14 22
25 10 12 19 4 22 27 25 16 0 4 4 4 8 14 2 26 13 16 1
18 8 13 21 15 18 8 14 5 2 0 27 27 21 24 17 19 8 15 26
6 16 7 26 1 20 26 27 14 3 7 0 6 15 14 22 4 22 24 6
6 24 22 6 4 21 15 23 12 2 6 14 0 13 2 2 6 27 26 24
1 8 9 8 21 12 9 12 7 5 12 25 21 0 13 5 13 7 9 16
24 20 6 17 25 21 11 3 25 27 8 1 20 22 0 6 14 20 16 18
9 25 22 6 8 14 23 18 3 18 7 27 23 12 3 0 4 24 14 8
15 4 11 11 19 15 5 3 3 18 12 22 9 15 1 24 0 16 5 20
4 14 9 16 16 15 19 11 19 8 5 22 19 27 23 15 6 0 2 6
20 2 19 16 8 20 22 20 27 15 23 8 25 22 18 25 25 11 0 16
15 8 19 20 19 1 24 19 18 6 7 3 4 6 12 2 27 6 25 0
