10 10 3
10    1  1 21    1  6 71    2  9 16  2 16    2  8 52  5 52    1  7 26    2  2 34  7 34    2  0 53  7 53    3  4 21  9 21  6 21    3  3 55  9 55  0 55    3  5 95  6 95  2 95
10    2  4 55  2 55    2  2 31  5 31    2  5 98  3 98    3  9 79  8 79  3 79    3  0 12  3 12  7 12    2  7 66  6 66    1  1 42    3  8 77  0 77  4 77    3  6 77  9 77  3 77    3  3 39  7 39  2 39
10    2  3 34  9 34    1  2 64    2  8 62  5 62    1  1 19    1  4 92    3  9 79  2 79  1 79    1  7 43    2  6 54  9 54    3  0 83  1 83  9 83    1  5 37
10    3  1 87  9 87  0 87    3  3 69  1 69  2 69    2  2 87  4 87    3  7 38  1 38  3 38    3  8 24  4 24  2 24    1  9 83    1  6 41    2  0 93  8 93    2  5 77  2 77    3  4 60  1 60  0 60
10    2  2 98  3 98    2  0 44  8 44    1  5 25    2  6 75  1 75    2  7 43  4 43    3  1 49  7 49  5 49    2  4 96  1 96    3  9 77  8 77  5 77    3  3 17  4 17  7 17    2  8 79  6 79
10    1  2 35    1  3 76    1  5 28    2  9 10  4 10    1  4 61    2  6 9  5 9    3  0 95  6 95  9 95    1  8 35    2  1 7  2 7    3  7 95  5 95  1 95
10    2  3 16  2 16    2  2 59  8 59    2  0 46  8 46    3  1 91  8 91  2 91    1  9 43    1  8 50    1  6 52    3  5 59  2 59  7 59    1  4 28    2  7 27  0 27
10    1  1 45    2  0 87  6 87    3  3 41  0 41  2 41    2  4 20  5 20    2  6 54  4 54    1  9 43    1  8 14    1  5 9    3  2 39  1 39  4 39    3  7 71  9 71  4 71
10    2  4 33  8 33    1  2 37    3  8 66  9 66  4 66    2  5 33  0 33    3  3 26  0 26  8 26    2  7 8  8 8    3  1 28  2 28  4 28    1  6 89    3  9 42  0 42  7 42    3  0 78  4 78  5 78
10    2  8 69  9 69    1  9 81    2  2 94  3 94    3  4 96  2 96  5 96    1  3 27    1  0 69    1  7 45    3  6 78  3 78  4 78    1  1 74    3  5 84  2 84  0 84

0 17 4 16 5 4 10 27 7 18
16 0 20 19 19 17 23 7 11 27
4 5 0 19 14 27 13 17 3 1
16 11 10 0 8 22 10 6 22 22
10 17 3 14 0 8 19 5 4 1
23 23 20 22 8 0 16 21 8 15
19 3 9 15 4 13 0 1 20 23
13 26 20 27 27 28 11 0 24 28
2 4 1 19 23 15 21 2 0 8
4 20 18 8 2 24 15 19 27 0

0 15 1 1 19 14 22 2 18 11
16 0 24 2 6 7 22 21 7 17
21 21 0 22 22 4 25 18 7 6
26 17 4 0 24 21 5 26 1 16
17 14 24 9 0 3 13 20 23 4
7 28 16 2 18 0 8 27 23 12
14 6 25 28 23 8 0 26 22 4
9 3 26 8 26 18 7 0 28 17
3 20 26 19 20 26 18 4 0 16
21 6 11 15 19 15 2 9 24 0

0 17 27 3 5 21 18 3 8 5
13 0 8 28 23 2 9 27 11 12
16 10 0 13 27 23 1 17 20 19
19 16 9 0 13 11 22 5 15 3
9 14 25 7 0 21 13 8 24 2
23 26 18 18 20 0 2 23 25 24
23 7 26 14 26 8 0 12 26 26
7 15 14 17 12 15 23 0 6 6
16 10 28 8 18 3 7 3 0 10
15 4 25 26 28 27 10 12 11 0

0 10 15 27 12 25 15 28 23 21
26 0 14 22 10 11 5 23 6 17
18 27 0 28 22 13 10 13 15 13
2 1 9 0 11 22 1 8 11 18
27 9 9 22 0 15 5 21 10 3
5 13 21 19 9 0 10 21 26 5
18 22 8 6 12 5 0 3 5 10
14 3 14 11 3 6 26 0 25 11
28 14 27 9 26 2 26 20 0 18
18 3 2 27 9 16 7 19 7 0

0 3 9 7 7 5 17 18 17 2
5 0 15 22 28 21 24 11 8 9
13 3 0 20 1 10 13 15 22 17
10 21 18 0 23 9 16 27 7 27
3 25 9 22 0 5 10 26 18 15
21 19 21 4 7 0 7 19 16 27
17 12 23 14 3 15 0 13 7 27
2 3 19 23 28 7 20 0 17 1
23 12 11 22 2 18 13 22 0 9
6 6 2 13 5 14 8 11 17 0

0 15 5 24 24 14 16 11 4 28
15 0 16 25 4 4 6 27 22 26
7 14 0 28 2 13 27 17 17 15
12 11 8 0 9 12 12 2 20 27
2 28 18 12 0 4 23 11 7 25
11 23 17 20 25 0 14 2 4 9
8 20 12 23 6 6 0 10 18 19
18 7 12 19 7 9 23 0 21 6
11 25 28 26 5 7 25 5 0 19
4 24 28 23 23 14 9 3 9 0

0 24 16 27 12 16 17 18 4 10
15 0 6 11 11 3 23 13 2 16
3 6 0 1 10 2 3 2 8 3
28 24 1 0 23 10 5 17 16 14
21 26 2 22 0 25 3 25 18 24
23 24 9 15 7 0 4 14 27 13
18 9 11 3 14 12 0 10 5 13
3 4 19 26 18 17 15 0 22 27
20 12 18 19 12 11 13 14 0 3
17 7 24 23 1 25 28 4 17 0

0 7 26 17 16 14 23 28 8 6
3 0 18 15 18 13 24 9 8 2
26 27 0 25 2 12 10 19 14 13
4 14 11 0 21 13 17 5 22 7
4 14 26 11 0 11 28 28 12 19
5 2 1 26 18 0 8 23 16 16
27 21 3 8 10 18 0 21 24 15
9 23 12 8 3 5 3 0 6 13
5 4 1 20 26 14 6 28 0 8
21 12 3 6 10 2 12 8 8 0

0 27 15 2 9 3 8 20 6 20
9 0 19 12 25 13 14 13 28 18
16 4 0 5 1 22 6 13 10 26
13 22 21 0 21 18 23 5 13 8
19 27 28 18 0 6 5 11 18 26
2 9 24 10 1 0 15 12 7 13
27 12 7 9 28 18 0 14 16 14
14 17 26 24 19 20 18 0 8 6
25 26 16 18 25 25 21 20 0 13
15 10 13 5 27 6 13 17 6 0

0 24 21 2 21 10 5 25 8 27
13 0 14 23 27 26 28 25 28 28
7 13 0 16 15 11 24 1 25 19
12 5 20 0 14 28 13 9 18 17
6 23 12 16 0 4 2 1 1 21
25 25 9 2 20 0 4 3 23 21
19 25 2 24 3 2 0 21 13 6
3 15 25 18 21 24 25 0 3 22
13 9 3 7 12 24 27 6 0 25
10 8 27 24 23 21 7 23 10 0
