10 10 9
10    4  2 18  4 18  5 18  6 18    6  0 21  4 21  5 21  7 21  8 21  9 21    7  2 41  3 41  4 41  5 41  6 41  7 41  9 41    9  1 45  2 45  3 45  4 45  5 45  6 45  7 45  8 45  9 45    5  0 38  1 38  3 38  4 38  5 38    6  1 50  4 50  5 50  6 50  8 50  9 50    4  2 84  3 84  5 84  7 84    7  0 29  2 29  4 29  5 29  6 29  8 29  9 29    5  0 23  1 23  2 23  8 23  9 23    4  0 82  1 82  2 82  4 82
10    5  1 57  4 57  6 57  7 57  8 57    4  5 16  6 16  7 16  9 16    4  1 52  3 52  4 52  7 52    8  0 74  1 74  3 74  4 74  5 74  6 74  7 74  8 74    3  2 38  4 38  5 38    4  2 54  3 54  6 54  8 54    5  0 62  1 62  3 62  6 62  8 62    7  0 37  1 37  2 37  3 37  6 37  8 37  9 37    3  1 54  4 54  5 54    6  0 52  1 52  2 52  3 52  6 52  9 52
10    5  0 30  1 30  2 30  6 30  9 30    5  0 79  1 79  4 79  6 79  7 79    4  0 68  3 68  4 68  7 68    2  1 61  2 61    4  0 11  2 11  8 11  9 11    6  1 89  2 89  3 89  5 89  6 89  7 89    4  1 89  3 89  4 89  7 89    3  0 81  5 81  9 81    3  4 81  7 81  9 81    6  0 57  2 57  3 57  5 57  8 57  9 57
10    5  0 91  1 91  2 91  6 91  8 91    5  3 8  4 8  5 8  6 8  8 8    5  2 33  3 33  4 33  6 33  7 33    2  7 55  8 55    4  4 20  5 20  7 20  9 20    5  0 20  1 20  2 20  4 20  9 20    4  0 32  2 32  4 32  7 32    5  0 84  3 84  6 84  8 84  9 84    5  1 66  3 66  4 66  7 66  9 66    5  0 24  3 24  5 24  6 24  9 24
10    4  3 40  4 40  6 40  9 40    2  0 7  2 7    2  4 19  6 19    5  0 7  1 7  5 7  8 7  9 7    4  0 83  2 83  5 83  6 83    4  2 64  4 64  5 64  6 64    6  1 56  2 56  4 56  5 56  6 56  8 56    4  0 54  3 54  4 54  9 54    5  0 8  3 8  4 8  5 8  7 8    7  0 39  1 39  3 39  4 39  6 39  7 39  8 39
10    4  0 91  2 91  3 91  5 91    7  1 64  2 64  3 64  5 64  6 64  7 64  9 64    4  4 40  5 40  6 40  8 40    3  0 63  3 63  8 63    3  2 98  6 98  7 98    5  3 74  4 74  5 74  6 74  7 74    3  0 61  1 61  8 61    6  0 6  1 6  2 6  3 6  5 6  7 6    6  2 42  5 42  6 42  7 42  8 42  9 42    5  2 15  3 15  6 15  7 15  9 15
10    8  0 80  1 80  2 80  3 80  4 80  5 80  7 80  8 80    5  2 39  5 39  6 39  7 39  8 39    7  0 24  2 24  4 24  5 24  6 24  7 24  8 24    5  3 75  4 75  5 75  7 75  8 75    5  0 75  1 75  4 75  7 75  9 75    4  0 6  1 6  5 6  7 6    6  0 44  3 44  4 44  5 44  6 44  7 44    3  0 26  1 26  5 26    4  2 87  4 87  5 87  6 87    4  2 22  3 22  7 22  9 22
10    3  1 15  8 15  9 15    4  0 43  2 43  6 43  7 43    3  1 20  2 20  9 20    6  0 12  2 12  3 12  4 12  5 12  7 12    3  5 26  7 26  8 26    4  1 61  2 61  6 61  7 61    5  2 79  3 79  6 79  8 79  9 79    5  2 22  5 22  7 22  8 22  9 22    4  1 8  2 8  5 8  9 8    2  4 80  7 80
10    6  0 62  1 62  2 62  5 62  7 62  9 62    7  1 96  2 96  3 96  4 96  5 96  6 96  8 96    3  4 22  5 22  9 22    4  3 5  5 5  7 5  9 5    5  0 63  2 63  4 63  6 63  9 63    5  0 33  2 33  4 33  6 33  7 33    8  0 10  1 10  3 10  4 10  5 10  6 10  7 10  9 10    4  3 18  5 18  8 18  9 18    8  0 36  1 36  3 36  4 36  5 36  6 36  7 36  8 36    6  0 40  2 40  5 40  7 40  8 40  9 40
10    6  1 96  3 96  4 96  7 96  8 96  9 96    4  0 89  2 89  7 89  9 89    7  0 64  1 64  2 64  3 64  4 64  5 64  8 64    6  0 95  1 95  3 95  4 95  5 95  9 95    5  0 23  4 23  6 23  8 23  9 23    5  1 18  2 18  7 18  8 18  9 18    4  1 15  6 15  7 15  8 15    6  1 64  2 64  4 64  6 64  8 64  9 64    3  5 38  6 38  8 38    5  0 8  1 8  2 8  4 8  8 8

0 11 24 19 21 23 4 9 6 5
9 0 4 23 1 9 1 20 4 24
19 21 0 1 24 2 20 8 14 18
23 5 9 0 15 19 8 4 5 4
17 16 21 10 0 7 9 2 11 14
6 24 1 6 12 0 4 15 10 22
1 2 4 11 20 16 0 21 3 3
6 22 10 12 12 3 2 0 14 23
22 19 5 18 16 23 7 17 0 6
23 22 19 2 12 17 19 4 22 0

0 1 16 24 17 1 13 7 7 2
19 0 20 15 5 3 19 16 6 12
10 12 0 6 3 3 24 12 23 20
4 24 5 0 20 6 3 19 22 19
4 12 14 15 0 14 10 14 13 2
24 18 16 10 11 0 23 15 19 1
15 14 19 2 4 17 0 6 1 12
19 8 24 14 8 13 6 0 6 19
14 18 4 6 23 21 17 17 0 20
23 2 4 21 3 5 19 11 20 0

0 6 20 9 20 6 8 14 5 11
1 0 15 7 15 16 16 22 13 6
5 4 0 12 11 3 8 2 19 9
13 5 19 0 16 11 13 22 1 3
14 1 16 24 0 11 4 8 15 8
10 4 14 2 2 0 18 4 13 10
18 11 1 5 15 7 0 14 21 21
5 8 10 13 2 22 24 0 12 24
9 10 21 22 16 10 16 6 0 9
21 24 3 1 22 16 17 6 3 0

0 17 14 5 15 4 1 16 3 22
19 0 12 16 1 9 5 6 7 4
19 10 0 21 3 18 24 14 2 13
7 6 11 0 16 3 22 10 3 22
10 22 24 13 0 17 14 20 6 4
15 10 24 22 4 0 19 17 6 1
4 2 16 23 16 15 0 13 13 11
12 13 8 23 6 23 4 0 12 24
3 11 5 2 3 4 19 13 0 13
22 8 6 1 14 24 20 5 14 0

0 8 7 12 4 20 12 2 12 5
6 0 14 13 6 1 23 22 2 13
24 5 0 14 11 8 15 12 19 10
14 5 19 0 5 13 19 22 13 4
22 6 5 24 0 19 1 14 20 12
4 12 11 24 19 0 8 5 23 21
19 1 11 6 21 24 0 9 18 16
20 13 7 15 8 23 9 0 7 9
8 24 18 6 20 14 6 18 0 2
19 23 17 1 21 16 19 11 19 0

0 3 17 9 8 3 14 14 5 7
5 0 18 3 2 23 14 2 20 8
4 4 0 24 15 14 11 4 19 21
10 18 6 0 15 6 21 10 8 8
7 12 21 12 0 2 14 17 9 14
23 16 9 9 12 0 15 15 11 18
7 22 20 23 10 20 0 15 16 5
8 8 1 8 4 13 10 0 8 12
18 10 1 7 15 7 18 20 0 9
20 3 7 12 13 1 6 15 22 0

0 17 9 15 6 15 20 11 16 24
6 0 16 24 12 5 21 3 12 1
8 5 0 7 7 4 16 14 16 16
19 19 4 0 1 20 22 3 16 11
14 7 13 20 0 19 23 2 18 1
3 9 1 11 19 0 1 2 21 15
20 5 19 18 9 20 0 3 18 4
17 19 20 23 24 13 18 0 1 13
10 23 16 2 13 21 21 4 0 2
9 18 12 21 17 9 3 2 14 0

0 6 4 18 5 15 6 1 19 22
24 0 2 7 11 4 18 17 16 16
21 1 0 7 13 21 11 4 3 17
15 9 15 0 23 9 24 8 11 6
11 23 20 15 0 24 9 20 24 22
12 16 11 15 15 0 3 15 11 19
21 11 1 18 10 12 0 16 17 20
18 9 1 1 24 13 16 0 16 21
10 18 2 22 17 13 15 7 0 3
18 12 5 7 13 12 12 12 13 0

0 10 10 17 1 17 21 18 12 6
16 0 11 12 6 11 5 8 10 17
19 17 0 17 13 16 12 14 6 20
22 7 7 0 8 13 3 22 3 9
7 2 15 23 0 11 13 5 1 11
15 19 13 13 11 0 24 18 23 21
21 11 10 4 20 10 0 19 4 9
16 10 24 21 15 20 16 0 3 11
16 5 21 16 23 18 2 7 0 15
24 21 20 17 8 4 2 11 8 0

0 14 17 8 16 19 13 15 11 22
20 0 1 18 3 8 10 3 11 16
9 17 0 5 24 15 24 15 14 13
20 14 1 0 5 17 24 23 5 18
8 2 7 24 0 20 17 13 11 13
3 13 12 2 6 0 16 20 5 16
11 5 8 3 17 13 0 6 19 15
9 23 21 24 3 22 5 0 7 4
23 22 22 14 5 11 8 15 0 18
4 20 20 6 2 22 14 10 1 0
