15 5 3
5    1  3 92    1  2 94    2  0 12  2 12    2  4 91  0 91    1  1 7
5    2  2 21  0 21    1  1 19    3  0 87  4 87  1 87    3  3 11  4 11  0 11    3  4 66  1 66  2 66
5    2  1 14  2 14    2  3 13  0 13    2  0 75  3 75    3  4 16  3 16  0 16    1  2 20
5    2  2 95  3 95    1  4 66    1  0 7    3  1 77  3 77  0 77    2  3 7  4 7
5    1  2 34    3  4 89  2 89  3 89    1  3 6    1  1 45    2  0 15  1 15
5    1  4 88    3  3 77  2 77  1 77    1  2 20    2  1 53  4 53    3  0 76  1 76  4 76
5    1  4 9    3  3 27  4 27  1 27    1  0 52    3  1 88  2 88  4 88    2  2 74  4 74
5    3  3 69  1 69  2 69    2  2 52  1 52    1  0 62    2  1 88  0 88    2  4 98  0 98
5    2  3 90  4 90    2  0 62  3 62    3  4 9  2 9  0 9    1  2 61    1  1 52
5    2  4 5  1 5    2  2 54  4 54    3  3 59  2 59  0 59    2  0 88  1 88    3  1 15  3 15  0 15
5    3  0 41  4 41  2 41    2  1 50  2 50    1  4 78    1  3 53    2  2 23  4 23
5    1  0 38    2  4 72  0 72    3  2 91  1 91  4 91    1  3 68    2  1 71  2 71
5    3  0 45  2 45  1 45    2  3 95  2 95    2  4 52  3 52    2  2 25  3 25    3  1 6  3 6  2 6
5    1  3 30    1  1 66    1  0 23    3  4 36  2 36  3 36    3  2 17  1 17  4 17
5    1  2 95    3  0 71  2 71  4 71    2  3 76  1 76    2  1 8  2 8    1  4 88

0 18 1 10 8 20 21 14 2 24 16 26 22 10 10
1 0 8 26 23 23 22 18 19 11 26 22 8 15 18
11 20 0 5 26 5 22 7 4 8 7 24 23 13 11
1 21 11 0 19 6 23 4 4 25 2 8 10 4 23
9 11 18 19 0 14 16 5 11 14 20 24 25 23 17
16 11 15 13 22 0 6 17 4 23 4 8 26 7 20
11 12 4 24 22 26 0 10 16 8 15 23 7 11 3
9 16 12 25 25 9 17 0 26 16 13 24 11 12 9
25 11 4 17 22 7 10 9 0 17 17 14 7 22 2
23 2 21 15 20 18 26 1 5 0 23 26 23 23 16
16 18 3 8 24 25 13 23 14 12 0 3 16 24 1
12 11 6 17 25 17 25 2 6 20 1 0 11 3 10
21 18 7 8 4 22 22 2 2 24 19 10 0 9 7
8 20 21 20 12 13 21 13 9 14 2 11 15 0 21
3 20 18 7 17 12 16 13 20 23 12 4 14 11 0

0 6 1 22 16 24 26 19 13 15 12 24 17 11 14
14 0 24 24 22 3 16 12 5 13 14 7 3 7 18
15 8 0 15 25 24 24 19 9 4 21 23 7 24 19
15 24 18 0 22 18 9 21 13 2 26 7 13 21 8
20 25 22 13 0 18 25 19 14 16 24 18 11 2 25
9 6 15 1 13 0 8 4 3 22 10 8 6 15 12
7 13 6 23 15 2 0 23 21 4 9 24 18 7 10
9 24 10 6 20 12 1 0 6 19 11 20 1 7 15
23 21 20 4 3 4 19 2 0 19 1 4 19 15 7
1 13 5 23 3 18 24 20 11 0 24 6 25 21 21
25 11 10 11 5 17 7 16 11 17 0 9 13 9 25
20 25 7 13 17 6 6 15 3 14 26 0 1 20 4
13 6 17 22 23 11 13 8 13 20 26 6 0 20 21
2 17 20 5 24 17 19 4 6 13 7 5 11 0 19
17 16 8 24 11 23 24 26 12 18 2 2 20 4 0

0 5 7 17 26 5 6 20 18 3 5 11 20 10 1
26 0 19 1 12 12 21 26 18 11 1 4 12 10 13
12 1 0 15 6 24 2 4 7 24 25 19 9 14 13
12 4 6 0 5 17 11 15 26 3 15 16 15 17 25
26 8 12 23 0 14 20 14 5 10 14 24 10 19 2
21 18 3 25 17 0 12 21 25 9 24 21 7 26 21
25 9 10 22 4 3 0 15 4 12 16 14 24 7 21
21 26 24 9 25 12 16 0 1 5 5 4 15 9 24
2 6 1 3 25 8 14 12 0 24 7 10 15 4 21
17 12 16 14 18 8 23 3 3 0 3 15 21 19 10
13 23 22 1 6 12 10 26 25 11 0 19 24 4 18
5 12 19 8 2 12 2 18 9 25 3 0 13 11 15
23 2 1 9 26 26 8 18 16 6 16 16 0 7 16
13 13 22 21 8 24 26 26 12 8 15 24 23 0 10
17 3 20 19 16 13 11 10 21 12 8 18 21 15 0

0 20 12 7 21 8 16 26 26 5 1 24 5 9 17
23 0 7 22 6 17 6 10 15 1 6 7 14 19 20
14 17 0 17 10 15 24 17 16 19 23 20 25 8 14
2 6 14 0 10 21 7 22 20 9 18 14 22 18 6
19 16 12 20 0 16 5 17 21 15 25 15 22 17 16
17 7 25 8 1 0 5 25 19 12 21 9 12 21 19
6 13 4 15 2 16 0 9 12 11 20 24 3 7 9
22 14 21 5 10 23 5 0 20 14 10 10 9 18 23
11 17 16 26 5 22 21 9 0 19 16 15 11 19 23
11 20 11 21 3 12 25 4 19 0 21 26 24 12 9
1 23 2 26 21 16 9 11 11 17 0 7 7 21 22
12 9 21 14 25 15 19 6 9 15 25 0 22 9 5
13 3 4 17 5 21 18 10 15 7 17 8 0 1 12
26 11 24 26 22 13 20 1 23 3 4 11 2 0 5
14 15 9 5 21 5 14 23 10 18 15 11 9 21 0

0 12 2 26 4 10 2 19 9 4 12 19 14 12 25
11 0 7 18 20 16 10 10 15 1 2 13 19 3 24
21 26 0 6 16 22 18 20 10 16 17 10 14 8 20
26 1 13 0 13 5 25 10 17 26 5 16 19 24 6
11 25 9 18 0 14 14 5 24 20 22 18 23 2 26
16 21 11 10 13 0 16 7 5 7 14 14 9 22 5
8 17 10 6 1 19 0 5 9 24 5 4 12 11 3
8 20 19 24 11 16 14 0 8 1 17 3 3 13 25
23 3 26 6 11 18 19 25 0 24 6 25 16 18 24
17 25 6 24 5 5 3 16 15 0 2 15 6 22 15
5 23 9 16 1 22 21 14 4 26 0 8 7 22 17
5 11 21 2 17 10 2 22 20 23 10 0 12 22 12
24 26 25 21 18 21 18 3 25 3 8 5 0 3 12
6 11 16 26 18 11 1 9 18 15 7 23 12 0 12
21 1 23 14 13 25 16 17 20 25 23 20 4 4 0
