15 8 6
15    2  1 24  3 24    4  0 63  1 63  2 63  6 63    2  1 29  2 29    3  0 83  1 83  3 83    1  7 23    3  0 66  3 66  5 66    1  1 29    2  0 11  7 11    5  0 62  1 62  4 62  6 62  7 62    3  1 94  3 94  7 94    5  1 41  2 41  4 41  6 41  7 41    1  4 90    2  5 63  7 63    4  0 45  1 45  3 45  5 45    2  5 91  7 91
20    3  1 73  6 73  7 73    1  1 31    1  7 97    2  0 11  1 11    4  1 20  5 20  6 20  7 20    2  2 90  3 90    3  0 21  2 21  6 21    3  2 78  6 78  7 78    1  3 37    4  1 68  3 68  5 68  6 68    1  4 48    3  0 55  3 55  5 55    3  2 38  4 38  7 38    4  0 49  1 49  4 49  6 49    1  4 69    2  2 73  3 73    2  2 80  4 80    3  0 83  3 83  4 83    4  1 39  4 39  5 39  6 39    4  0 98  1 98  4 98  6 98
23    1  7 71    5  0 24  1 24  4 24  5 24  7 24    3  1 89  4 89  5 89    4  0 73  1 73  5 73  7 73    5  0 44  1 44  2 44  5 44  7 44    2  3 61  7 61    1  1 53    2  1 35  3 35    2  4 95  7 95    5  0 33  2 33  3 33  5 33  6 33    1  4 59    3  1 68  5 68  6 68    1  3 61    2  0 56  5 56    1  3 28    2  0 18  1 18    3  1 35  4 35  6 35    5  1 73  2 73  3 73  4 73  7 73    4  0 78  1 78  4 78  5 78    1  6 70    4  0 65  1 65  3 65  6 65    4  1 44  3 44  4 44  6 44    2  0 56  2 56
18    3  2 60  4 60  7 60    1  3 69    2  0 94  5 94    3  2 28  3 28  4 28    1  6 63    1  4 17    2  0 61  4 61    2  1 34  7 34    1  5 96    3  1 31  2 31  6 31    3  0 82  3 82  4 82    2  2 40  5 40    4  3 63  4 63  5 63  6 63    2  1 95  4 95    1  0 68    2  0 91  2 91    2  0 43  3 43    3  0 32  3 32  4 32
21    3  1 54  2 54  5 54    4  1 92  2 92  3 92  4 92    4  0 40  1 40  3 40  6 40    3  2 84  6 84  7 84    2  2 38  6 38    3  1 94  3 94  6 94    1  0 63    1  1 99    2  5 45  7 45    2  2 28  3 28    4  1 59  2 59  5 59  7 59    3  4 97  6 97  7 97    3  0 69  4 69  6 69    5  2 61  3 61  4 61  5 61  7 61    3  3 98  4 98  6 98    1  4 42    2  1 100  4 100    3  0 68  5 68  6 68    3  4 83  5 83  6 83    4  0 69  4 69  5 69  7 69    3  1 17  4 17  6 17
15    1  4 26    5  0 29  2 29  3 29  4 29  5 29    1  6 20    1  6 100    3  0 87  2 87  7 87    1  7 67    3  0 16  3 16  5 16    4  0 86  1 86  3 86  5 86    1  6 36    2  4 73  7 73    2  0 41  4 41    3  1 100  2 100  3 100    3  0 23  5 23  6 23    3  3 33  6 33  7 33    3  2 92  4 92  7 92
17    4  0 74  4 74  5 74  7 74    2  6 90  7 90    1  1 49    1  6 34    1  1 47    2  2 62  5 62    4  0 59  2 59  3 59  7 59    2  3 98  4 98    2  2 73  7 73    2  0 79  3 79    2  6 10  7 10    1  2 32    1  7 55    3  1 53  3 53  7 53    4  0 19  4 19  5 19  6 19    3  0 55  5 55  6 55    1  7 88
25    4  3 46  4 46  5 46  7 46    4  0 73  2 73  5 73  6 73    3  2 30  5 30  7 30    2  1 48  4 48    2  1 50  3 50    4  3 37  4 37  5 37  6 37    3  1 75  3 75  6 75    1  2 36    1  2 71    1  3 66    2  2 39  7 39    1  6 17    2  2 30  5 30    1  4 42    1  0 94    2  1 59  4 59    1  7 36    5  0 68  1 68  2 68  4 68  7 68    4  2 21  5 21  6 21  7 21    1  1 25    1  3 65    1  0 58    3  0 65  3 65  5 65    1  7 36    2  6 45  7 45
23    2  0 82  6 82    3  0 42  6 42  7 42    1  7 82    1  2 51    3  2 75  4 75  6 75    2  0 35  7 35    6  0 78  1 78  2 78  3 78  4 78  6 78    2  5 43  6 43    1  2 77    2  3 42  7 42    1  6 18    4  0 63  1 63  2 63  5 63    2  2 99  7 99    1  4 16    1  7 34    4  0 99  1 99  3 99  7 99    3  2 87  3 87  4 87    1  5 46    2  5 81  7 81    1  6 41    3  2 58  5 58  7 58    5  0 57  2 57  3 57  4 57  7 57    2  5 30  7 30
19    1  2 60    2  5 52  6 52    1  5 92    4  1 32  3 32  4 32  5 32    3  4 80  6 80  7 80    2  2 42  7 42    3  1 33  2 33  4 33    3  0 40  3 40  6 40    3  2 80  3 80  6 80    1  3 72    1  6 64    4  0 77  1 77  6 77  7 77    4  0 23  2 23  4 23  6 23    2  5 50  6 50    3  0 13  1 13  2 13    2  5 38  6 38    2  0 21  4 21    3  2 77  6 77  7 77    1  5 95
19    2  1 60  4 60    2  3 94  5 94    2  2 53  5 53    2  0 82  3 82    1  6 60    2  2 60  3 60    3  4 93  6 93  7 93    2  1 49  6 49    1  2 82    2  5 68  7 68    3  0 42  3 42  7 42    1  0 96    2  0 90  7 90    1  5 36    1  3 70    1  6 12    4  0 56  1 56  2 56  6 56    3  3 14  4 14  6 14    3  0 60  1 60  5 60
21    1  7 18    2  4 88  7 88    2  1 19  6 19    1  1 87    2  1 50  7 50    2  3 50  7 50    2  0 63  4 63    3  0 16  5 16  7 16    4  2 65  3 65  6 65  7 65    1  6 71    3  1 44  6 44  7 44    2  2 46  4 46    1  3 35    2  0 11  7 11    3  3 83  5 83  7 83    3  5 12  6 12  7 12    1  3 98    1  3 25    4  0 84  3 84  6 84  7 84    2  1 36  5 36    4  2 41  3 41  5 41  6 41
16    4  4 44  5 44  6 44  7 44    4  0 51  3 51  5 51  6 51    2  0 58  2 58    3  1 56  5 56  6 56    4  1 27  4 27  5 27  7 27    3  0 97  1 97  6 97    4  0 93  1 93  2 93  6 93    2  5 41  6 41    1  1 59    1  5 83    1  6 99    4  1 90  2 90  4 90  5 90    3  4 90  6 90  7 90    3  0 58  6 58  7 58    1  7 15    3  0 95  1 95  7 95
16    1  3 65    2  0 73  6 73    5  1 96  2 96  3 96  4 96  6 96    5  0 42  1 42  3 42  5 42  7 42    3  1 53  4 53  6 53    1  7 61    5  0 24  1 24  3 24  4 24  5 24    4  0 90  2 90  4 90  6 90    3  2 11  3 11  5 11    4  1 12  4 12  6 12  7 12    3  1 68  3 68  5 68    2  0 61  7 61    2  0 40  6 40    3  1 70  2 70  6 70    4  2 76  3 76  6 76  7 76    1  4 48
25    1  6 19    2  2 49  3 49    4  0 76  2 76  3 76  4 76    4  0 24  1 24  4 24  6 24    1  4 35    2  0 10  2 10    5  0 46  1 46  4 46  5 46  6 46    3  2 18  3 18  5 18    4  3 72  4 72  5 72  6 72    1  6 32    4  2 92  4 92  5 92  6 92    2  1 14  4 14    2  4 53  7 53    1  0 49    2  1 83  6 83    1  0 81    1  1 76    3  0 88  1 88  5 88    4  0 34  2 34  4 34  5 34    1  0 54    1  5 22    2  0 47  3 47    2  0 31  2 31    3  0 43  3 43  4 43    3  0 29  3 29  5 29

0 28 10 25 14 21 18 22 16 7 26 28 14 17 28
6 0 20 27 19 25 15 19 2 4 14 27 10 28 25
8 22 0 17 12 5 9 2 2 4 23 16 28 16 10
22 10 15 0 7 14 2 22 21 12 10 6 26 2 28
10 10 4 21 0 26 24 12 23 7 28 9 12 17 13
21 19 10 16 14 0 4 27 10 14 7 13 21 10 27
23 5 1 17 7 2 0 18 14 23 24 26 19 3 12
10 8 21 24 23 15 16 0 28 27 6 3 7 14 20
18 18 8 6 19 6 21 8 0 13 16 21 4 7 13
28 13 18 4 23 3 9 22 7 0 8 8 16 5 3
20 20 3 24 5 17 8 11 4 11 0 14 6 26 11
17 3 11 13 4 10 28 17 23 16 2 0 25 13 27
25 11 20 1 4 9 22 22 13 16 10 14 0 24 8
12 3 25 19 12 9 1 22 3 21 8 27 20 0 16
16 9 9 21 3 24 20 9 27 19 23 14 22 11 0

0 14 24 14 4 6 8 4 8 12 10 4 7 3 15
25 0 9 26 4 25 1 7 24 10 24 1 23 9 26
13 4 0 18 15 6 7 14 4 26 5 4 15 4 13
22 20 27 0 14 4 9 26 19 2 23 8 25 1 16
26 28 22 19 0 5 26 25 19 9 21 23 13 4 4
2 23 18 26 12 0 28 10 11 26 27 17 20 4 12
21 28 1 3 8 10 0 24 4 12 23 27 10 18 15
18 5 22 28 3 25 3 0 7 22 26 16 1 15 8
20 27 24 1 9 21 15 4 0 24 16 11 14 15 9
15 19 21 18 12 22 22 24 13 0 23 7 26 7 5
9 16 6 15 11 26 21 4 17 14 0 22 26 20 9
11 25 26 10 25 14 9 9 20 17 26 0 11 17 16
8 2 3 9 12 18 23 15 7 5 23 17 0 16 27
17 17 24 17 3 15 15 9 5 25 17 23 6 0 2
28 24 25 13 9 2 25 3 13 23 7 9 24 24 0

0 5 23 3 8 9 20 26 1 2 20 24 12 3 20
2 0 2 23 24 18 22 13 8 11 17 23 12 9 11
28 3 0 11 16 23 19 9 3 16 11 8 10 21 1
5 6 3 0 7 6 27 28 5 3 9 28 17 21 7
18 26 22 20 0 27 20 12 2 11 5 27 14 8 28
12 2 16 27 16 0 20 10 19 18 3 25 14 5 27
19 28 16 24 28 27 0 27 15 21 23 10 6 15 3
3 17 16 17 28 18 1 0 1 5 24 25 5 8 3
26 24 9 3 13 22 27 11 0 7 6 1 23 10 10
8 9 19 10 2 18 2 3 19 0 17 14 24 6 8
24 14 27 27 26 17 13 19 19 26 0 27 12 17 21
22 27 21 8 21 26 16 25 23 5 20 0 12 5 10
6 20 22 12 14 12 18 11 28 17 2 8 0 1 9
21 26 20 9 8 10 26 4 22 7 26 3 3 0 9
17 26 8 23 2 25 23 4 10 11 10 13 5 8 0

0 4 10 24 1 25 28 28 18 7 26 23 3 22 27
23 0 25 19 27 16 24 17 23 5 22 26 26 26 3
4 2 0 7 3 27 23 3 17 24 17 3 17 12 17
15 19 7 0 10 3 14 17 19 4 28 26 16 13 7
14 18 14 10 0 8 25 17 20 17 13 25 24 19 20
15 19 5 28 28 0 10 16 17 10 4 25 7 28 17
15 24 21 2 1 24 0 19 7 16 17 26 26 18 28
23 24 14 20 16 25 5 0 7 21 23 1 11 5 11
4 3 23 2 20 1 1 12 0 23 19 8 25 27 7
24 15 3 3 4 5 6 16 18 0 23 24 9 12 10
23 28 13 13 8 16 4 15 21 24 0 10 3 1 13
12 25 2 23 3 14 23 27 23 12 23 0 14 24 26
16 1 18 19 18 7 8 6 17 7 27 18 0 28 14
19 10 8 23 9 27 25 9 20 19 8 27 10 0 5
10 11 23 5 17 7 13 15 4 17 13 16 15 10 0

0 20 10 11 19 7 11 24 14 7 5 24 28 28 7
19 0 8 28 17 27 22 19 11 4 23 24 15 24 4
17 28 0 22 2 18 18 22 24 19 10 17 12 17 16
9 3 27 0 22 27 9 25 2 4 11 12 25 28 28
2 24 3 20 0 20 12 17 26 16 5 21 14 25 25
1 2 3 22 3 0 24 18 2 15 4 28 4 28 23
7 9 9 19 25 23 0 15 3 7 2 20 19 9 19
14 17 3 24 19 15 16 0 19 14 25 11 11 19 6
10 14 12 26 11 12 10 27 0 26 14 26 19 24 24
18 6 19 24 27 27 18 6 27 0 28 24 27 23 6
26 26 13 25 27 16 28 11 3 21 0 11 26 1 25
14 16 27 13 28 26 27 18 21 10 6 0 5 26 7
2 16 21 1 3 6 26 17 26 23 7 28 0 13 15
1 24 28 18 8 3 6 11 24 19 22 5 19 0 20
20 19 20 1 15 24 6 22 5 28 20 7 4 24 0

0 10 14 13 24 4 25 2 5 6 9 23 27 7 11
19 0 1 8 22 17 17 4 28 23 8 7 26 28 1
19 5 0 12 4 22 1 10 5 1 2 12 9 4 15
10 16 10 0 25 26 22 19 2 14 10 10 12 19 11
5 1 12 24 0 27 9 18 3 9 20 11 22 4 7
11 11 14 14 3 0 26 2 5 10 19 4 18 18 26
10 24 26 18 4 4 0 9 13 17 11 27 28 8 14
11 26 13 12 24 26 20 0 5 8 10 14 17 1 10
24 17 17 18 8 16 12 22 0 5 3 26 10 20 16
18 22 15 12 26 3 7 21 26 0 2 9 1 4 7
21 11 6 15 7 18 1 12 15 7 0 22 28 13 2
8 1 24 10 7 19 12 13 27 11 16 0 17 28 28
20 10 18 24 24 5 25 26 14 3 5 6 0 24 23
2 13 2 12 2 17 19 16 4 12 6 4 7 0 26
1 16 15 4 13 18 6 21 26 20 24 16 3 11 0

0 16 26 24 5 27 16 22 7 19 12 13 13 18 6
21 0 27 10 25 25 4 1 25 11 20 27 27 13 16
1 24 0 3 10 20 7 17 17 11 13 11 16 4 16
15 26 7 0 12 6 17 4 18 2 24 28 25 25 9
10 3 12 22 0 22 20 2 21 26 28 17 21 22 13
21 19 8 16 15 0 27 2 16 17 26 23 3 7 21
9 22 16 26 20 15 0 10 7 11 26 26 11 28 21
2 9 4 10 19 15 2 0 27 23 26 17 26 17 6
14 12 7 7 8 9 7 24 0 14 6 21 12 6 7
14 24 16 10 16 13 16 7 3 0 22 6 8 22 11
19 24 3 5 18 27 7 26 16 23 0 14 8 25 21
22 25 5 10 21 1 7 12 9 22 21 0 16 20 19
20 24 24 1 21 1 11 1 24 10 28 4 0 1 3
11 13 3 8 10 20 23 28 20 16 2 5 19 0 28
26 6 9 7 22 20 5 16 28 8 23 24 3 13 0

0 24 2 1 20 20 28 27 25 24 6 9 15 18 4
28 0 14 4 19 12 1 18 7 18 7 11 22 24 25
22 7 0 10 19 23 22 9 10 8 1 19 10 10 23
10 18 5 0 27 27 25 21 6 9 8 26 8 17 16
15 5 16 15 0 20 1 13 6 18 10 11 22 17 15
10 6 28 12 7 0 3 17 22 24 11 2 6 27 5
14 14 18 3 12 1 0 8 8 17 9 15 16 15 11
13 24 13 25 19 11 19 0 27 19 18 16 1 5 28
27 17 26 28 25 26 20 11 0 24 7 20 10 20 4
10 20 22 21 5 14 21 9 6 0 12 18 12 15 20
26 10 8 1 8 27 7 17 21 5 0 15 27 13 7
12 19 12 25 8 16 19 24 6 12 17 0 22 3 19
12 1 5 14 20 7 4 20 6 3 26 10 0 10 25
5 25 24 28 7 10 18 11 24 10 3 12 16 0 24
27 25 3 2 26 8 13 7 18 15 21 27 26 26 0
