10 5 4
15    2  0 39  2 39    1  2 61    1  4 28    2  1 20  3 18    3  0 87  2 94  4 93    1  4 29    1  4 62    3  0 32  2 32  4 35    1  1 78    1  2 24    1  4 65    1  1 32    1  4 15    2  1 64  2 59    1  4 90
20    3  2 42  3 39  4 42    2  1 84  3 81    1  0 62    2  2 46  4 48    2  1 87  3 89    2  0 71  2 70    3  2 33  3 28  4 36    1  3 92    2  1 20  2 18    2  3 24  4 21    1  1 86    1  1 24    2  2 79  3 75    2  1 41  3 39    1  2 72    1  4 45    1  3 51    3  0 37  1 43  2 39    3  0 54  2 50  3 49    2  0 69  2 72
23    3  1 75  3 70  4 75    3  1 80  3 77  4 81    1  4 75    1  1 44    2  2 93  4 91    3  0 68  1 69  3 73    1  0 27    1  3 82    2  0 71  2 67    2  2 42  3 42    1  0 55    1  3 54    2  3 41  4 37    1  0 88    1  3 33    3  2 58  3 56  4 61    2  2 67  3 66    1  3 66    2  0 54  4 53    1  3 31    2  2 22  3 22    1  2 37    1  3 74
18    3  0 76  2 78  3 76    1  4 69    1  3 64    2  1 45  3 45    1  3 51    3  0 61  3 59  4 59    2  0 68  3 73    1  0 86    1  1 31    2  2 64  3 62    1  0 24    1  1 61    3  0 36  3 34  4 39    1  4 91    3  2 33  3 33  4 36    2  1 77  2 76    2  0 44  2 44    1  2 62
21    3  0 95  1 87  2 93    3  0 66  1 70  3 66    3  0 87  3 86  4 85    2  2 41  3 44    2  2 36  4 29    3  0 55  1 53  2 54    2  0 88  2 91    1  1 41    2  0 85  2 81    1  0 40    1  1 90    1  0 66    2  2 94  3 96    4  0 51  1 45  3 46  4 43    1  0 26    1  4 64    2  3 94  4 92    1  4 71    1  4 60    1  4 93    1  2 43
15    1  1 99    1  0 67    1  3 76    2  1 68  3 68    4  1 18  2 18  3 21  4 21    3  2 30  3 26  4 30    2  2 32  3 32    1  3 27    3  1 91  3 98  4 99    2  1 84  4 81    2  2 61  4 61    3  0 18  2 23  4 20    1  1 83    1  4 38    2  1 71  4 66
17    1  4 38    1  3 95    1  3 31    2  3 35  4 31    1  0 92    1  2 68    1  4 86    2  0 52  4 49    1  3 37    1  3 52    1  4 62    1  0 58    2  3 93  4 93    1  3 73    3  0 77  3 75  4 78    1  0 11    1  2 34
25    2  3 55  4 58    3  0 57  1 49  4 53    1  2 23    1  3 55    2  3 86  4 84    1  1 43    1  2 71    1  0 32    3  0 44  3 46  4 51    1  4 49    2  0 39  3 39    3  2 77  3 70  4 73    2  0 40  4 36    2  0 69  2 69    2  0 65  4 63    2  3 35  4 45    1  2 23    2  1 33  4 37    2  1 43  4 43    1  1 86    1  1 57    1  4 38    1  1 66    2  1 28  4 21    1  0 29
23    2  1 64  2 61    2  0 53  2 57    2  2 67  4 64    2  0 38  1 38    2  0 41  2 46    4  1 79  2 79  3 83  4 79    1  1 40    3  0 79  1 79  3 78    1  4 55    1  4 73    1  2 41    1  1 74    2  1 43  2 47    2  3 73  4 77    2  0 44  2 44    3  1 19  2 17  4 25    2  1 60  4 63    1  1 94    1  2 18    3  1 37  3 36  4 37    2  0 92  1 94    1  1 87    1  3 49
19    2  1 83  3 78    1  0 43    1  0 60    2  3 56  4 56    2  2 29  4 28    2  2 60  3 60    2  0 53  2 53    1  1 88    1  0 38    2  1 79  4 77    2  0 44  4 45    1  4 35    2  0 42  1 42    1  1 80    2  1 72  2 74    1  2 62    3  0 74  1 79  4 75    2  1 27  4 29    2  0 51  4 53

0 10 22 25 8 25 11 26 19 28
21 0 2 10 9 20 8 4 9 16
24 9 0 24 3 13 14 21 8 21
4 12 22 0 6 15 14 2 1 26
2 14 28 28 0 9 22 18 1 18
11 11 24 18 17 0 19 27 19 23
19 9 14 13 27 9 0 13 24 2
12 19 26 27 26 13 2 0 15 1
20 9 17 21 18 15 5 4 0 19
25 27 1 10 25 10 17 8 22 0

0 24 12 9 24 28 2 25 25 4
22 0 22 23 23 9 12 13 21 18
19 18 0 10 22 26 18 26 4 18
7 11 12 0 8 17 6 11 10 11
2 25 4 8 0 9 7 6 18 4
19 22 10 15 27 0 24 15 23 24
21 22 20 6 21 19 0 25 26 27
20 13 23 5 3 26 5 0 18 24
23 14 2 18 1 8 1 19 0 11
2 1 9 2 9 7 10 19 10 0

0 13 27 28 12 5 20 19 13 12
22 0 9 28 6 18 26 28 16 7
24 13 0 21 27 24 27 12 28 20
24 11 4 0 1 23 22 3 17 10
23 18 7 22 0 12 19 25 4 11
7 14 11 19 26 0 21 6 23 28
19 23 23 3 6 16 0 2 18 17
8 26 5 17 10 25 23 0 26 9
5 16 9 25 19 2 18 14 0 28
15 23 6 1 14 9 21 16 17 0

0 23 8 11 25 23 14 7 5 26
13 0 21 18 9 18 27 2 22 24
8 28 0 19 17 21 20 27 12 22
14 7 17 0 13 22 27 15 9 22
19 26 11 28 0 20 7 11 4 18
27 26 4 18 11 0 6 24 19 20
18 16 5 14 8 11 0 1 11 3
13 26 11 28 6 9 25 0 26 27
24 22 28 27 13 28 15 4 0 8
18 25 28 12 9 27 27 25 13 0

0 17 26 7 7 7 15 8 17 3
16 0 16 6 17 25 26 18 24 18
8 27 0 21 27 4 22 25 24 23
17 24 11 0 17 4 16 8 10 6
19 9 20 10 0 18 9 11 16 25
22 17 23 19 14 0 26 15 22 10
24 20 14 9 19 7 0 15 6 11
26 5 10 20 18 2 2 0 8 10
11 5 4 6 4 27 3 16 0 1
24 28 18 3 11 25 9 9 25 0
