20 10 10
15    7  0 65  3 61  5 65  6 69  7 66  8 63  9 61    4  1 30  5 32  8 33  9 32    8  0 21  1 16  2 16  3 13  4 11  7 15  8 17  9 17    4  0 64  1 63  3 65  7 65    5  0 90  2 90  5 92  6 94  7 93    5  0 40  2 46  5 41  8 39  9 42    8  0 83  1 83  2 85  4 85  5 91  6 86  8 89  9 86    6  0 66  2 63  5 63  6 60  7 63  9 63    4  0 49  4 47  5 45  9 47    4  5 87  7 83  8 90  9 87    4  0 69  5 71  6 71  8 72    5  0 29  3 30  5 33  7 30  9 33    8  0 91  2 92  3 93  5 92  6 91  7 94  8 96  9 94    5  0 16  2 16  4 21  7 16  8 18    5  0 28  4 20  5 27  6 24  7 22
20    4  2 86  4 88  8 86  9 84    7  1 22  2 24  3 28  4 24  6 19  7 28  9 27    7  0 78  1 77  2 76  3 78  4 73  5 71  8 73    5  0 40  4 43  6 39  8 39  9 40    7  0 66  1 67  4 71  5 69  7 70  8 65  9 66    5  2 48  3 53  5 49  6 45  7 53    7  0 53  1 55  3 59  4 55  5 55  6 54  9 55    3  1 40  5 35  9 40    4  1 48  2 53  8 47  9 54    3  0 67  1 68  9 68    7  0 69  1 76  3 71  4 71  6 71  7 66  9 71    3  0 73  2 77  6 74    4  1 83  3 84  5 81  6 78    6  0 42  1 41  4 36  6 40  7 41  9 37    4  0 90  1 94  2 96  9 94    6  1 68  2 70  3 66  4 69  5 71  9 69    5  0 27  2 28  5 29  7 30  9 29    9  0 90  1 89  2 85  3 85  5 85  6 84  7 90  8 82  9 86    2  1 71  2 71    8  0 45  1 45  2 41  3 48  4 45  5 49  6 45  9 45
23    7  2 60  4 60  5 60  6 60  7 62  8 60  9 64    5  0 49  1 52  4 53  7 53  9 53    5  0 42  1 41  4 37  6 37  9 32    6  2 91  3 95  4 90  6 88  8 94  9 89    6  0 36  1 36  2 32  4 36  5 36  6 36    1  1 58    4  3 70  4 63  5 66  7 68    4  1 58  6 61  8 63  9 57    5  2 59  4 58  6 55  7 55  8 56    7  0 27  2 31  3 31  4 33  6 31  7 26  9 30    3  2 26  3 25  9 18    4  1 35  2 37  8 37  9 37    5  0 75  1 74  4 71  6 66  7 73    3  2 79  7 77  9 74    4  0 67  2 69  8 73  9 69    5  1 62  2 67  4 64  6 64  9 66    7  0 49  2 42  4 49  5 45  6 48  8 45  9 45    6  0 56  3 56  4 56  5 55  6 60  8 57    5  0 57  1 62  3 59  6 59  9 59    6  0 69  1 68  3 70  4 68  5 70  8 68    3  2 93  5 90  7 93    3  0 36  2 31  6 35    2  1 65  9 63
18    5  0 19  3 26  5 20  8 25  9 22    4  1 61  5 61  6 65  9 58    5  1 39  3 34  6 36  8 36  9 37    4  0 87  1 93  4 92  6 88    7  0 33  1 31  2 33  3 32  5 32  7 34  9 35    3  0 79  2 79  8 76    6  1 42  3 45  4 47  6 39  8 42  9 42    5  0 60  4 60  5 62  6 58  7 61    6  0 91  2 91  3 92  4 91  6 91  7 95    6  0 65  1 64  3 62  5 70  7 66  8 68    4  0 90  4 87  6 87  8 89    8  0 41  1 44  2 44  3 47  4 39  5 47  7 44  9 44    4  3 31  4 34  7 34  9 34    3  2 56  4 54  6 51    4  0 89  1 84  8 88  9 86    8  0 41  3 41  4 41  5 42  6 37  7 39  8 38  9 41    4  1 80  3 81  5 76  9 80    5  1 42  2 41  4 37  8 40  9 40
21    5  1 91  2 89  4 90  6 95  8 91    8  0 58  1 60  2 61  3 60  4 62  5 62  8 63  9 62    4  3 93  4 94  6 97  9 91    6  2 47  3 42  5 46  6 42  7 46  8 42    6  0 35  1 31  2 30  6 31  7 31  9 26    6  2 57  4 59  6 56  7 59  8 59  9 60    5  4 92  6 93  7 92  8 90  9 91    7  0 67  2 71  5 66  6 67  7 68  8 67  9 68    6  1 60  3 60  4 63  7 65  8 60  9 65    7  0 93  2 89  3 88  5 93  7 93  8 90  9 93    5  1 43  2 43  3 43  6 43  8 42    6  0 92  1 95  3 95  4 95  6 91  7 95    5  1 67  6 63  7 67  8 70  9 66    2  2 83  7 80    6  0 67  1 69  2 68  5 68  7 69  9 68    4  3 23  4 21  8 24  9 21    4  0 30  2 34  7 30  8 26    1  7 37    7  1 26  2 24  3 23  5 22  6 24  7 24  8 28    6  1 95  2 99  3 95  6 99  7 95  9 98    3  1 82  3 79  6 84
15    5  1 69  2 64  3 64  7 63  8 62    7  1 20  2 20  3 20  4 20  7 22  8 17  9 17    3  2 83  3 79  5 79    5  1 40  2 38  4 37  6 42  9 38    3  1 71  5 71  8 71    6  1 43  2 43  3 47  4 46  7 43  9 43    5  2 97  4 99  6 99  8 95  9 98    3  1 29  2 26  8 24    4  3 35  4 35  5 34  8 36    4  0 92  2 82  5 88  8 87    7  0 72  3 71  5 74  6 75  7 69  8 71  9 71    5  0 89  1 89  4 90  6 86  7 86    7  0 49  1 46  2 50  3 48  4 49  5 49  9 49    3  4 40  5 33  7 36    5  1 47  2 48  4 48  7 48  8 48
17    3  1 61  3 63  8 60    2  5 58  8 58    8  1 94  2 95  3 93  5 93  6 96  7 98  8 97  9 93    6  1 67  5 71  6 71  7 71  8 69  9 71    2  6 76  9 76    4  5 14  6 16  7 18  9 19    6  1 34  3 36  4 29  7 34  8 36  9 30    8  0 59  1 55  2 59  3 55  4 56  5 56  7 55  9 52    3  4 55  5 56  9 53    2  6 27  8 22    2  2 51  3 55    6  0 84  2 84  3 84  4 83  6 88  7 89    3  0 46  2 49  7 47    6  0 66  2 71  6 71  7 76  8 71  9 70    7  1 29  2 38  3 34  4 37  5 33  7 29  8 32    7  1 48  2 49  3 52  4 47  5 46  6 48  9 45    7  1 48  2 48  4 51  5 51  6 55  7 54  8 54
25    3  3 44  4 39  5 36    6  0 73  2 77  6 73  7 70  8 74  9 73    7  1 42  2 38  3 38  4 35  5 41  6 36  9 36    4  1 72  3 68  5 71  7 69    5  0 65  5 65  6 64  7 65  9 69    5  1 37  2 42  3 36  5 36  6 41    6  1 24  3 21  4 19  6 21  7 24  8 23    5  1 33  5 29  6 34  7 36  8 38    8  1 46  2 44  4 43  5 42  6 43  7 43  8 39  9 43    5  1 89  5 90  6 90  8 90  9 87    7  1 56  2 58  3 61  5 58  6 59  8 58  9 58    3  0 35  6 37  9 41    5  2 72  4 70  6 70  8 67  9 67    6  1 21  3 24  4 25  5 28  6 29  8 22    5  0 29  1 29  2 29  6 25  9 32    4  0 64  2 62  3 67  4 60    4  2 54  5 59  6 52  8 54    5  2 64  3 65  4 67  6 61  8 67    5  0 33  2 36  3 38  4 38  9 34    2  3 43  6 48    4  1 76  3 78  4 80  5 79    5  0 43  2 43  3 41  6 43  9 40    4  1 79  4 79  6 79  7 79    4  0 50  4 49  5 53  6 52    8  0 71  1 73  2 74  4 73  6 77  7 76  8 73  9 73
23    3  4 37  5 37  8 37    5  0 79  1 80  2 74  5 72  9 80    6  0 43  1 44  2 47  3 44  5 44  9 40    3  4 77  8 73  9 78    5  0 44  2 44  3 44  6 40  9 43    4  0 21  2 22  8 22  9 25    4  0 58  3 62  8 62  9 63    5  1 97  2 98  3 89  7 91  8 98    6  2 22  3 20  4 20  5 15  7 20  8 25    4  2 33  4 34  6 41  9 37    2  0 98  8 90    5  1 83  2 81  3 82  4 83  8 86    5  1 47  3 50  5 47  6 47  9 47    5  1 78  3 77  5 78  8 78  9 78    4  3 48  4 45  7 44  8 40    6  2 59  3 63  5 59  6 60  7 54  9 58    6  0 59  2 56  3 56  6 56  7 56  8 56    6  3 32  4 37  5 33  6 33  7 32  8 35    6  1 55  2 56  3 57  6 60  7 60  8 60    6  1 56  2 55  5 53  6 50  7 55  8 53    4  0 88  4 88  7 87  8 92    4  1 36  3 37  5 32  7 32    8  0 77  1 77  2 75  3 78  4 74  5 77  7 73  8 78
19    6  0 45  1 43  3 44  4 44  5 40  8 44    6  0 40  2 35  3 39  6 39  7 36  9 37    5  0 44  3 38  5 42  8 42  9 41    5  1 82  2 79  5 77  8 76  9 75    6  0 73  1 70  2 72  5 69  7 72  8 74    4  0 63  2 68  4 59  9 65    5  0 70  3 70  4 77  7 76  8 74    7  0 32  1 25  3 30  4 27  5 27  8 32  9 31    6  0 56  1 52  2 47  3 47  4 51  8 51    4  4 13  5 18  6 20  9 20    2  5 36  6 40    4  1 25  2 27  6 26  8 25    5  0 75  3 75  4 75  6 76  7 78    5  4 92  6 90  7 88  8 93  9 94    4  3 64  4 60  5 56  6 58    7  0 86  2 87  3 90  4 87  5 91  6 88  8 90    5  1 54  2 49  3 53  4 53  5 56    6  0 79  1 82  5 79  6 79  8 80  9 79    10  0 60  1 60  2 60  3 60  4 60  5 60  6 60  7 60  8 59  9 57
19    6  0 59  1 60  3 59  5 59  8 59  9 59    3  0 89  6 88  9 90    7  0 54  1 50  3 46  4 54  5 50  6 53  8 54    6  0 82  2 83  4 76  5 81  8 79  9 79    5  1 68  2 63  5 65  6 67  8 72    8  0 44  1 44  3 44  5 43  6 46  7 45  8 44  9 46    3  0 91  7 94  8 91    7  0 89  2 82  4 90  5 86  7 87  8 86  9 86    6  1 37  2 38  4 39  6 38  7 42  8 38    5  0 68  1 63  5 70  6 68  7 68    3  4 17  5 13  6 14    7  0 51  1 54  2 58  4 56  6 56  8 56  9 54    5  0 20  4 14  5 19  8 17  9 15    5  0 58  2 64  4 59  6 60  8 63    4  0 22  2 22  8 18  9 25    6  1 81  2 89  3 87  4 85  8 84  9 80    5  1 27  6 23  7 23  8 22  9 23    3  0 83  1 87  8 86    8  0 50  2 55  4 50  5 49  6 53  7 50  8 50  9 50
21    3  2 50  6 50  9 50    4  0 66  1 66  3 60  5 66    6  0 15  2 25  3 16  4 23  7 20  9 20    3  0 64  1 66  2 67    6  0 69  1 70  5 66  7 70  8 65  9 69    6  0 41  2 46  3 46  5 43  7 46  9 46    5  0 52  3 43  4 48  7 47  8 44    6  0 40  2 37  4 39  6 37  7 37  9 37    5  1 16  2 14  4 11  7 12  9 11    3  5 80  8 80  9 80    7  1 16  2 16  3 16  5 21  6 16  8 16  9 17    2  7 97  8 93    6  4 32  5 29  6 29  7 29  8 33  9 30    7  1 79  3 82  4 84  5 81  6 86  8 83  9 81    4  0 34  5 39  7 41  9 33    5  0 46  5 43  6 38  8 40  9 38    4  2 45  3 45  6 44  8 45    5  0 52  2 51  6 50  7 48  9 48    4  1 58  2 58  5 58  6 62    5  0 56  1 57  4 56  7 56  9 57    4  1 32  5 27  7 30  8 30
16    3  0 92  5 92  7 92    5  0 88  2 89  6 92  8 86  9 89    6  1 44  2 44  3 45  4 38  7 39  9 40    4  3 61  5 58  6 56  9 58    4  3 75  5 82  7 80  8 80    2  7 94  8 94    6  0 86  1 87  4 86  5 86  7 86  8 86    7  0 88  2 84  3 83  4 85  7 81  8 86  9 86    6  0 60  1 58  2 58  3 58  6 58  8 58    7  0 23  3 19  4 23  5 22  6 23  8 20  9 18    5  0 95  1 92  2 91  5 91  7 91    4  1 65  4 64  7 67  8 62    5  0 71  2 71  4 74  6 71  7 67    6  2 89  3 91  4 94  5 91  6 95  8 91    6  1 40  2 44  4 48  6 46  7 44  8 49    3  0 53  7 54  8 57
16    7  1 63  2 60  4 57  5 57  6 60  8 63  9 60    4  3 24  5 23  6 27  9 32    6  0 86  4 82  6 86  7 90  8 86  9 85    5  2 16  5 17  6 17  8 16  9 16    7  0 17  1 22  4 18  6 13  7 19  8 13  9 17    3  0 68  1 66  8 70    5  0 57  6 64  7 60  8 60  9 60    2  2 47  7 42    3  2 69  5 73  6 72    6  0 77  1 73  2 73  3 77  4 73  7 73    4  1 45  3 49  6 54  8 48    8  0 23  1 25  2 23  4 19  5 23  6 20  7 23  9 23    3  4 49  8 55  9 50    3  0 71  3 73  4 73    7  1 23  2 28  3 28  5 28  6 28  8 28  9 32    3  1 36  4 40  7 37
25    4  1 14  2 14  3 15  7 15    6  1 47  4 47  5 47  6 47  7 43  9 48    5  1 17  3 23  4 22  6 23  7 26    4  1 65  3 68  8 66  9 68    6  0 35  1 34  2 35  4 35  5 38  7 31    4  1 83  4 92  6 86  7 88    4  1 19  2 22  7 16  8 19    6  2 54  5 57  6 53  7 53  8 53  9 58    4  2 47  6 49  7 51  9 54    4  0 80  1 80  4 77  5 85    6  0 78  1 75  2 76  4 79  6 74  8 77    5  0 69  4 69  6 69  7 75  9 74    4  2 83  3 85  7 85  9 81    5  0 33  2 34  4 36  5 35  6 38    5  0 57  3 54  5 53  6 57  8 59    5  3 25  4 25  5 30  6 25  8 25    4  1 46  2 48  3 48  4 48    5  0 34  3 35  4 34  6 33  7 36    4  1 46  4 45  7 45  8 47    4  1 36  2 33  4 34  9 34    7  0 59  1 64  2 59  3 59  4 57  6 57  9 57    7  0 32  2 25  3 29  4 28  5 25  7 29  8 29    6  0 56  2 56  5 55  6 54  7 53  8 53    4  0 17  2 16  4 13  7 16    2  3 81  6 86
17    4  0 60  2 53  6 55  9 53    7  0 66  2 75  3 73  5 73  6 73  7 69  8 70    4  2 65  5 63  7 62  9 63    4  1 38  3 35  5 35  6 39    8  0 24  1 25  2 24  3 30  4 29  5 30  7 29  9 29    5  1 38  2 37  5 36  7 32  8 35    4  0 67  3 68  7 64  8 66    8  0 55  1 53  2 52  3 55  4 55  5 59  6 54  9 59    5  1 39  2 39  4 44  6 47  9 43    6  0 38  2 38  3 37  4 38  7 36  8 35    3  0 59  4 63  7 60    5  0 87  2 85  3 86  4 89  7 90    4  0 21  7 17  8 21  9 17    5  1 32  2 29  4 30  5 32  6 33    6  1 83  2 83  6 80  7 82  8 79  9 83    7  0 75  2 71  3 74  5 74  6 74  7 74  9 76    5  0 64  1 64  5 66  6 65  8 71
21    3  0 72  1 70  4 73    5  0 65  4 66  5 64  7 70  8 61    3  2 39  4 34  9 35    5  0 25  2 26  4 25  5 25  9 25    5  1 77  4 79  5 78  7 78  9 74    4  1 25  3 31  5 26  7 23    4  1 58  5 58  8 60  9 65    6  0 76  4 81  6 81  7 81  8 77  9 77    4  0 34  3 35  7 36  9 35    6  0 66  2 64  4 68  5 63  8 72  9 70    2  1 57  7 59    4  2 50  3 46  8 50  9 45    5  0 61  2 61  3 59  6 59  9 55    6  3 52  4 55  5 57  6 50  8 54  9 51    6  1 42  2 36  3 42  4 41  5 41  9 39    4  4 70  5 70  8 74  9 72    3  0 87  3 87  9 86    2  4 25  7 27    4  2 35  5 40  7 39  9 35    7  0 66  1 65  2 65  3 70  7 61  8 65  9 65    4  0 81  1 83  2 77  7 78
17    7  0 19  1 16  2 16  4 17  6 17  7 16  9 11    4  2 35  4 36  5 39  8 43    4  0 16  1 13  3 11  8 16    4  1 78  3 82  5 78  6 77    5  2 52  5 46  6 48  7 48  8 48    7  0 74  1 76  2 70  4 74  6 74  7 74  9 71    1  7 18    4  1 92  2 88  8 95  9 93    7  1 75  2 71  3 71  6 72  7 71  8 71  9 71    6  1 43  2 48  3 44  4 41  7 43  8 44    6  2 80  3 83  6 86  7 77  8 84  9 85    5  3 70  6 72  7 78  8 72  9 73    5  3 95  4 92  5 96  8 92  9 96    4  2 39  3 43  6 41  9 35    6  1 48  3 50  4 47  5 52  7 44  9 48    8  0 97  1 91  2 92  3 96  4 94  5 90  8 94  9 92    7  0 85  1 85  2 87  4 80  5 81  7 88  8 80
23    6  1 67  4 67  5 71  6 63  7 65  9 64    4  1 86  2 84  3 82  6 81    3  0 72  1 75  5 77    6  1 22  2 22  5 22  6 22  8 22  9 22    5  0 22  1 24  2 17  6 23  7 24    7  0 20  1 20  2 18  5 20  7 16  8 21  9 20    6  1 47  2 42  3 47  5 48  7 41  8 48    3  6 68  8 65  9 68    5  0 18  3 21  5 25  8 24  9 27    5  1 65  3 69  4 69  5 68  8 68    5  1 22  2 19  4 23  5 23  8 23    4  1 22  2 29  3 27  4 27    6  0 46  2 46  3 47  7 49  8 47  9 43    5  0 29  1 25  2 26  7 27  8 22    6  1 65  2 67  3 67  5 67  6 71  7 65    5  1 21  2 19  3 23  4 28  8 23    4  0 86  2 85  4 80  9 78    3  2 48  6 49  7 48    2  6 82  9 82    6  1 34  3 31  4 34  6 34  7 29  9 34    6  0 44  4 42  5 42  6 45  7 46  8 47    8  0 16  1 11  2 19  4 16  5 16  7 21  8 16  9 16    8  0 26  1 27  3 27  5 23  6 31  7 27  8 26  9 25
16    7  1 49  2 49  4 49  5 52  7 48  8 50  9 46    5  0 19  2 15  3 21  6 19  7 19    5  0 92  4 94  5 91  7 92  9 92    5  2 29  5 26  7 31  8 24  9 26    5  1 35  2 30  3 34  4 29  6 32    6  0 92  1 95  2 92  6 95  7 92  9 92    6  0 65  1 69  3 65  6 65  7 65  8 66    8  0 43  2 43  4 40  5 42  6 46  7 42  8 44  9 39    5  0 48  2 44  3 41  5 44  8 44    6  0 58  1 58  5 55  6 62  7 58  8 58    6  1 92  2 90  3 87  5 90  8 89  9 85    4  1 76  5 79  7 81  8 76    3  3 77  4 72  6 69    7  0 57  1 61  2 60  3 53  6 53  7 56  8 57    5  0 67  4 65  6 70  7 67  8 70    4  0 82  3 79  8 82  9 82

0 23 3 12 15 25 19 7 16 28 12 13 4 5 27 11 13 25 14 21
1 0 16 9 8 10 16 8 27 16 16 28 12 3 21 1 1 9 3 2
1 23 0 7 6 2 23 26 28 8 19 17 10 8 28 11 16 9 19 12
27 3 19 0 22 4 28 24 20 18 24 20 7 10 27 26 14 4 6 1
11 23 27 28 0 19 23 8 26 11 10 10 14 10 17 19 8 5 12 16
15 16 10 1 8 0 13 21 11 28 10 11 13 23 1 2 27 13 15 20
13 8 7 8 16 9 0 14 26 15 17 17 3 10 16 7 10 2 13 10
9 15 3 27 16 1 11 0 16 10 12 15 14 6 2 6 11 28 24 23
2 5 26 26 24 12 13 10 0 16 5 13 13 2 4 21 16 15 20 19
10 7 1 2 4 20 19 21 7 0 9 28 15 20 12 25 9 19 11 23
28 27 8 23 25 18 12 8 5 15 0 27 14 5 20 22 1 15 21 13
8 5 24 18 20 22 10 3 23 6 3 0 9 17 11 27 11 18 19 16
28 22 1 11 1 26 6 23 15 13 15 16 0 16 27 13 21 27 26 27
5 27 1 21 19 28 24 22 13 14 17 6 14 0 4 27 14 19 10 28
20 14 2 6 20 26 18 14 14 10 20 7 18 20 0 9 16 23 4 23
7 18 2 16 24 20 5 1 12 3 8 25 12 3 2 0 10 2 25 28
16 5 15 13 15 18 20 19 27 27 11 27 9 6 19 12 0 6 22 12
20 6 9 18 25 4 3 6 3 24 14 15 21 25 10 11 3 0 25 28
10 5 28 24 1 23 9 2 18 2 4 11 24 2 10 25 26 21 0 12
4 16 22 8 15 28 3 13 18 16 20 13 22 8 27 10 5 12 25 0

0 2 26 12 8 23 8 28 28 14 20 23 25 22 3 18 6 2 15 4
9 0 18 6 8 23 22 3 7 14 22 26 28 25 8 10 14 4 2 16
28 14 0 16 25 27 10 7 13 6 28 15 15 12 25 4 1 24 15 19
15 5 15 0 5 26 17 26 16 13 3 16 12 8 15 28 15 19 26 27
7 28 8 3 0 14 23 5 6 4 2 22 25 13 2 16 6 3 20 21
5 2 15 9 15 0 19 24 12 6 9 14 28 11 17 17 10 25 4 24
25 18 5 28 8 4 0 21 28 10 2 5 7 24 10 19 15 25 6 15
13 15 25 5 27 14 11 0 28 23 9 7 13 13 2 20 8 7 7 13
6 11 4 23 23 19 15 4 0 9 20 11 22 5 21 25 17 23 26 23
24 16 7 8 11 9 13 10 25 0 2 28 15 22 22 19 9 28 7 6
4 5 18 28 24 6 15 25 22 22 0 2 5 26 10 9 26 3 27 20
13 3 17 15 8 20 4 15 6 15 16 0 23 4 5 13 17 17 7 4
28 17 25 9 27 19 7 4 20 4 16 9 0 17 25 2 8 25 15 2
21 2 5 9 27 25 9 14 14 15 26 19 19 0 15 15 26 10 18 26
15 8 18 13 4 27 21 8 3 7 9 1 7 15 0 5 7 9 14 5
15 22 13 15 3 22 24 2 27 8 7 8 28 15 19 0 17 17 21 11
25 4 9 25 2 22 19 25 3 14 4 24 25 3 27 16 0 17 27 21
26 24 27 28 2 22 19 22 6 23 5 20 25 3 22 14 8 0 5 2
7 7 17 20 28 6 10 4 9 24 5 24 23 18 11 9 13 8 0 17
24 23 26 20 5 10 16 8 17 22 26 3 5 19 17 24 8 14 28 0

0 20 5 28 2 15 24 6 21 5 16 25 21 21 25 11 27 5 5 12
21 0 25 18 27 22 4 8 7 10 13 11 3 10 11 6 2 3 17 7
5 17 0 15 5 11 22 19 20 19 4 1 16 10 28 6 19 24 24 18
1 2 2 0 24 22 22 4 6 9 21 11 23 20 4 24 10 28 1 7
16 24 5 7 0 23 24 27 17 3 10 1 5 22 17 7 9 14 21 4
7 10 14 13 11 0 14 1 2 3 17 14 16 14 28 6 2 16 17 17
2 3 15 18 21 25 0 3 6 27 15 26 5 24 2 9 14 19 16 20
1 26 1 22 21 19 13 0 17 8 1 23 20 3 17 12 15 8 20 5
5 6 13 23 8 11 15 18 0 8 26 10 6 9 17 25 14 22 25 18
6 9 19 12 16 2 15 22 26 0 5 27 9 4 12 23 25 21 20 1
20 24 22 10 16 1 5 21 26 5 0 15 11 17 7 16 28 19 21 27
16 8 10 25 10 5 11 4 7 10 22 0 21 18 18 22 16 1 14 17
23 8 10 6 16 17 28 20 18 22 13 15 0 26 9 20 2 2 15 11
16 1 2 28 20 27 24 11 6 9 11 19 5 0 4 5 9 18 20 28
11 25 16 17 16 3 8 23 23 18 22 28 15 15 0 1 17 27 9 24
15 1 1 16 1 25 14 8 12 14 27 1 23 21 22 0 23 24 9 7
27 28 13 22 21 13 14 12 24 19 6 5 19 17 25 9 0 15 10 14
20 14 1 25 3 20 13 18 10 15 24 12 8 6 22 1 15 0 10 10
17 20 27 13 20 4 2 5 11 8 21 24 17 21 23 21 1 4 0 25
8 15 16 27 3 18 2 8 18 22 4 17 16 20 7 18 28 5 21 0

0 24 8 21 9 18 13 5 2 9 18 14 8 23 8 23 13 28 21 18
28 0 21 7 8 7 1 19 17 23 5 11 18 8 14 13 14 12 24 1
6 18 0 1 24 12 18 25 12 15 28 18 1 26 20 23 25 5 13 9
27 16 8 0 28 22 27 19 12 28 24 15 2 14 17 28 4 20 27 19
16 27 23 7 0 16 11 21 10 7 18 18 19 25 20 9 18 25 2 14
16 16 25 23 17 0 23 4 4 26 28 12 19 21 11 22 11 6 11 13
25 4 9 24 23 11 0 28 18 2 14 1 1 18 11 3 9 9 4 12
14 5 7 7 21 13 21 0 16 27 28 5 23 12 14 14 20 4 15 22
10 11 15 21 16 14 11 24 0 26 16 12 8 7 17 16 3 4 18 12
20 16 27 26 26 24 1 1 25 0 4 24 24 27 23 13 4 1 14 11
24 7 21 24 3 19 24 26 12 22 0 22 4 14 8 17 6 19 16 17
15 27 9 6 16 23 25 21 11 19 21 0 22 11 11 26 27 11 13 7
9 2 19 14 12 16 7 23 17 15 9 28 0 17 17 1 6 3 2 12
13 23 18 16 8 19 26 17 3 26 14 2 18 0 26 28 3 9 4 28
17 14 8 12 9 12 22 25 21 18 16 3 27 13 0 24 12 10 14 23
26 13 3 12 3 18 26 10 14 2 22 2 13 3 23 0 24 13 27 10
3 26 4 23 18 12 13 7 4 4 10 14 8 24 10 10 0 1 11 10
22 2 6 5 25 23 27 17 27 1 4 13 2 25 20 13 24 0 6 18
23 27 7 28 18 19 2 23 14 21 14 7 3 21 7 24 20 13 0 21
22 14 25 15 14 16 15 18 9 17 12 16 18 23 12 21 19 3 21 0

0 24 9 8 21 18 27 28 16 12 16 9 14 28 11 12 16 6 2 10
17 0 26 22 18 28 21 23 14 25 9 4 19 2 18 8 10 11 28 19
13 2 0 7 2 17 8 16 8 18 13 15 17 22 27 28 6 3 1 9
27 21 9 0 17 16 25 11 4 18 22 24 28 28 14 14 24 2 11 4
18 4 1 19 0 15 18 26 3 13 25 23 25 19 21 11 7 17 1 7
27 3 12 27 23 0 18 10 6 16 16 23 26 1 9 8 18 2 15 5
14 5 18 2 14 18 0 14 6 23 11 25 26 22 4 28 15 4 11 23
22 20 21 21 1 12 1 0 7 24 2 4 8 21 4 9 17 10 12 27
12 4 17 8 24 13 18 18 0 2 28 6 8 19 26 13 6 21 14 23
1 11 12 7 25 15 14 15 27 0 15 17 26 5 23 4 26 9 28 23
27 26 6 4 5 11 7 16 16 5 0 16 28 2 16 18 19 14 16 20
11 1 20 1 17 7 22 10 21 26 15 0 27 24 4 6 25 28 28 23
9 13 7 5 27 22 13 14 23 19 20 13 0 13 5 2 22 12 26 18
3 1 3 21 18 7 7 8 17 1 13 18 24 0 16 10 8 8 2 1
19 11 25 14 16 26 16 18 19 16 12 13 16 5 0 16 11 11 24 20
3 2 20 18 21 24 19 12 19 27 2 12 2 3 3 0 27 18 10 2
19 9 18 23 8 1 19 7 16 16 22 18 28 10 17 22 0 9 26 22
20 15 8 14 21 27 5 25 19 21 23 19 19 5 27 22 24 0 3 24
3 1 15 3 11 20 25 18 8 10 7 13 20 15 26 10 5 17 0 15
15 14 14 15 13 20 27 16 7 27 3 21 4 14 19 7 17 25 26 0

0 2 15 10 3 6 14 10 3 17 8 4 10 14 4 16 3 28 26 11
19 0 19 12 22 7 14 19 23 25 7 15 13 28 26 16 8 15 8 10
15 16 0 11 23 20 19 23 25 19 3 24 4 5 4 12 17 23 6 2
21 17 21 0 9 17 21 28 5 4 16 16 27 1 13 28 17 23 6 13
20 5 22 27 0 7 19 20 9 13 13 23 1 19 15 19 26 4 6 11
11 6 27 23 20 0 7 5 25 8 7 17 24 5 24 21 14 19 26 27
12 10 12 2 12 28 0 5 24 16 16 4 18 11 19 13 20 7 6 14
9 17 9 6 16 28 7 0 7 12 5 12 18 24 7 12 5 23 27 19
15 2 5 28 22 5 19 17 0 5 4 27 20 10 17 7 19 10 1 10
18 14 10 22 8 13 5 19 4 0 19 19 9 5 10 26 17 10 4 27
9 13 23 5 22 12 20 20 4 13 0 11 3 6 19 10 6 3 18 15
6 10 17 2 22 22 7 15 23 3 11 0 7 1 23 12 24 3 3 28
27 9 15 4 14 1 1 7 18 26 7 16 0 7 9 20 19 6 7 13
28 13 20 8 11 14 22 15 7 17 19 27 1 0 11 10 2 20 12 6
18 18 8 27 27 13 20 24 21 20 22 13 27 28 0 11 20 11 8 21
2 23 3 20 23 23 8 28 19 23 1 20 25 5 7 0 7 5 11 20
12 23 18 17 3 3 23 12 21 23 27 5 20 10 21 15 0 17 20 15
10 7 21 15 8 18 26 4 7 21 1 16 11 23 23 17 4 0 28 19
14 4 18 12 15 21 18 17 1 2 2 22 23 26 20 18 13 13 0 5
8 13 16 2 28 17 26 25 8 22 26 28 4 22 20 22 5 7 24 0

0 6 25 4 18 26 13 23 9 26 14 6 6 20 10 1 23 23 11 21
26 0 2 24 10 26 11 6 16 16 26 14 6 1 10 6 8 7 17 2
11 19 0 3 23 11 24 6 17 26 21 19 11 9 16 28 24 3 7 19
23 11 23 0 16 7 14 9 7 13 4 10 13 24 7 16 28 16 14 2
4 22 22 21 0 27 6 21 10 1 8 27 5 28 15 21 12 14 12 23
2 2 2 6 18 0 13 26 25 6 19 28 9 7 22 14 7 27 19 14
3 24 12 25 14 11 0 7 13 5 18 22 24 11 12 12 19 16 25 18
6 5 26 8 2 5 21 0 15 6 5 11 5 14 14 24 17 23 17 8
16 9 22 9 10 14 6 19 0 22 5 21 15 4 7 3 2 21 25 15
16 2 6 2 22 14 10 24 18 0 9 10 12 6 26 4 27 17 3 9
15 1 26 2 3 12 28 10 21 19 0 6 27 19 20 11 26 23 14 3
5 24 13 18 28 24 12 10 16 14 7 0 22 19 20 7 26 21 1 17
20 9 24 8 20 20 12 1 11 28 10 14 0 25 9 17 12 27 12 18
11 25 10 14 25 14 11 10 14 21 14 16 4 0 1 10 4 19 2 4
2 20 26 23 20 20 26 26 9 1 21 17 20 24 0 26 21 19 25 15
28 10 19 15 6 12 14 8 15 8 13 18 12 15 11 0 16 2 26 17
26 5 21 11 12 18 3 18 14 4 14 12 20 9 25 8 0 18 15 7
26 20 3 18 4 4 8 9 21 16 26 27 10 20 24 16 1 0 23 23
8 1 11 17 23 6 2 24 27 5 4 4 27 25 19 12 17 1 0 26
15 17 15 5 7 7 28 15 25 1 17 23 2 20 2 16 2 28 16 0

0 12 17 16 19 26 10 7 17 16 11 3 28 2 20 9 14 13 21 8
12 0 18 19 3 9 10 23 28 22 18 12 9 1 16 25 16 12 18 19
13 27 0 6 17 18 4 22 8 23 2 11 17 13 19 25 16 3 15 19
2 13 13 0 20 15 4 25 28 2 8 7 8 9 17 16 26 5 2 5
2 9 16 25 0 24 18 11 12 20 2 14 8 9 7 14 10 25 8 25
2 15 25 13 17 0 5 7 9 26 5 17 12 24 18 19 1 21 11 11
23 11 10 23 2 8 0 20 14 23 21 1 10 27 8 5 7 15 18 3
16 22 22 14 2 25 16 0 3 20 5 13 7 1 1 6 8 9 20 8
17 24 2 22 26 17 6 19 0 27 22 7 19 9 24 24 13 10 26 6
7 17 9 6 13 16 20 3 21 0 22 1 26 6 6 6 23 5 12 9
13 25 8 20 17 20 27 12 16 22 0 9 7 15 24 22 7 6 11 21
15 8 21 1 15 25 11 18 14 9 4 0 16 25 8 14 15 13 12 25
14 27 8 26 8 17 22 15 12 23 15 25 0 27 19 7 20 11 6 18
6 1 2 18 15 3 5 10 10 12 28 9 12 0 24 24 18 11 24 28
19 12 4 5 6 6 17 11 25 12 20 26 4 26 0 6 5 23 11 21
28 9 1 13 2 20 15 21 5 16 3 24 23 16 22 0 20 5 12 13
24 15 19 3 12 17 4 21 12 1 15 25 6 3 8 23 0 4 21 5
24 19 13 13 11 26 2 11 14 15 24 22 8 1 14 20 3 0 1 22
9 27 3 12 20 26 18 6 28 28 3 11 18 14 18 4 8 13 0 15
15 7 13 18 19 22 16 1 14 17 13 4 8 8 21 25 23 25 11 0

0 24 22 2 20 26 12 9 27 11 13 6 23 6 11 14 12 2 16 1
26 0 16 16 4 22 27 17 21 17 7 8 1 22 18 5 27 2 13 5
20 13 0 8 8 16 11 12 24 5 20 15 16 5 7 16 27 22 20 13
2 12 21 0 17 6 25 3 16 25 25 19 3 17 17 17 27 5 6 6
5 24 8 17 0 25 15 5 19 18 9 25 22 20 23 20 3 25 22 10
10 23 13 27 10 0 28 16 5 24 16 15 21 25 15 26 2 13 9 6
13 3 5 13 18 18 0 14 11 18 5 17 10 22 25 9 13 28 22 16
16 18 8 25 19 28 12 0 25 12 23 7 10 21 1 15 16 24 27 27
23 21 27 25 27 8 7 28 0 5 9 17 1 15 10 8 22 21 15 21
26 21 25 19 16 26 1 16 2 0 12 22 13 9 18 18 22 25 21 13
13 4 13 4 25 14 18 5 4 5 0 6 16 14 18 24 11 10 20 14
2 10 20 27 24 7 26 12 24 28 7 0 26 8 9 9 5 12 6 6
12 14 4 22 15 7 28 6 26 9 24 9 0 8 6 2 12 4 23 4
18 26 17 5 2 23 13 19 19 4 5 22 1 0 16 26 6 3 22 3
28 25 2 4 22 21 18 2 13 20 24 20 12 16 0 1 12 7 20 26
2 19 13 8 19 7 15 19 2 27 15 5 7 20 27 0 16 3 8 4
13 22 10 5 18 11 5 24 19 13 1 17 17 28 10 4 0 25 1 2
27 26 8 7 13 16 1 5 7 3 18 4 12 24 11 11 6 0 2 7
20 6 25 8 17 11 8 5 19 4 28 11 27 11 14 24 14 6 0 7
8 6 10 23 14 22 16 28 9 23 21 4 18 19 11 21 18 4 4 0

0 9 4 27 24 24 3 4 17 17 13 3 22 17 6 8 17 24 3 8
4 0 28 10 26 12 2 8 15 17 10 9 1 13 4 3 19 24 27 3
12 13 0 23 26 24 28 17 12 2 28 12 9 5 21 4 15 24 8 20
3 10 11 0 23 6 7 28 7 8 14 4 6 22 5 12 8 6 28 28
14 15 8 5 0 10 16 19 3 13 1 1 20 28 6 19 1 3 9 9
15 16 8 11 2 0 17 26 28 17 28 17 8 1 17 2 17 4 20 25
22 28 4 25 16 8 0 14 15 11 2 7 18 28 4 6 14 26 26 15
5 18 6 19 24 10 7 0 24 5 15 19 9 18 15 12 25 10 27 18
24 5 23 26 24 21 4 21 0 5 2 23 28 12 4 2 12 28 24 13
22 26 10 21 5 12 5 21 15 0 7 24 16 17 22 4 18 25 2 4
11 16 25 14 13 26 12 9 11 10 0 1 21 18 26 2 18 6 23 7
2 1 20 28 3 13 20 27 3 26 4 0 2 17 28 1 15 25 24 28
28 18 10 17 3 24 2 10 9 3 16 14 0 10 20 19 15 18 9 13
19 12 2 16 8 16 6 3 23 9 10 18 22 0 1 3 16 24 28 8
28 2 8 10 22 5 9 24 1 6 14 14 21 1 0 7 20 14 10 20
2 7 3 14 8 27 2 28 1 4 27 17 1 6 16 0 13 18 27 25
18 4 19 20 28 28 2 19 26 9 21 15 27 2 17 9 0 26 21 27
7 26 7 12 15 17 16 22 23 26 22 24 5 13 22 10 6 0 28 16
3 24 25 17 7 26 14 23 20 21 7 17 16 24 2 2 9 2 0 22
4 3 19 3 12 11 16 6 10 8 6 3 24 23 26 6 7 27 20 0
