15 15 3
15    1  10 51    1  14 43    2  7 80  2 80    2  4 18  0 18    1  6 38    2  3 24  7 24    2  2 67  12 67    3  12 15  14 15  6 15    3  11 24  13 24  4 24    2  13 72  5 72    3  8 45  2 45  4 45    2  5 80  4 80    2  9 64  1 64    2  1 44  5 44    3  0 88  13 88  5 88
15    1  6 40    2  9 88  13 88    1  10 77    1  5 59    3  11 20  13 20  10 20    2  3 52  8 52    3  8 70  3 70  14 70    1  0 40    3  4 32  13 32  9 32    1  13 76    2  12 43  5 43    1  7 31    1  2 21    3  14 5  2 5  1 5    1  1 47
15    2  0 32  14 32    3  3 49  6 49  4 49    1  10 5    3  5 64  9 64  1 64    1  7 58    3  8 80  6 80  2 80    2  6 94  7 94    1  11 11    3  1 26  6 26  13 26    3  13 26  4 26  7 26    1  14 59    1  9 85    2  4 47  5 47    2  12 96  10 96    2  2 14  14 14
15    2  5 23  0 23    2  6 9  8 9    2  0 75  10 75    1  12 37    1  11 43    2  2 79  11 79    2  4 75  2 75    2  3 34  0 34    2  7 20  1 20    3  13 10  8 10  0 10    3  14 83  4 83  7 83    2  10 68  11 68    1  9 52    1  8 66    1  1 9
15    2  12 69  4 69    1  9 59    2  3 28  5 28    3  14 62  1 62  4 62    1  13 36    2  1 26  2 26    3  6 84  7 84  0 84    2  11 16  1 16    2  8 54  1 54    1  5 42    2  2 54  8 54    3  0 6  1 6  8 6    2  10 40  0 40    1  7 88    1  4 79
15    3  13 78  12 78  9 78    2  12 53  5 53    1  11 17    2  5 29  6 29    3  4 82  5 82  2 82    2  2 23  10 23    2  9 12  4 12    1  8 64    1  1 86    1  7 59    3  6 5  4 5  5 5    1  3 68    1  14 59    3  10 13  1 13  13 13    1  0 56
15    3  10 83  3 83  4 83    1  13 46    2  9 7  5 7    3  12 65  5 65  3 65    2  11 69  3 69    3  6 62  7 62  9 62    1  0 16    3  2 58  5 58  7 58    3  8 66  0 66  4 66    1  5 83    3  7 90  10 90  9 90    1  14 42    2  4 81  3 81    3  3 69  7 69  0 69    1  1 85
15    1  7 73    1  10 71    3  8 64  1 64  14 64    1  6 10    3  9 20  2 20  0 20    3  11 99  0 99  1 99    1  4 24    1  14 65    1  5 82    2  3 72  2 72    2  12 43  9 43    2  1 82  4 82    3  13 27  11 27  12 27    3  2 24  5 24  14 24    3  0 33  8 33  1 33
15    3  4 82  9 82  2 82    2  1 34  12 34    3  3 92  10 92  13 92    2  2 8  10 8    1  0 38    3  8 45  10 45  13 45    2  6 21  5 21    1  5 35    3  12 52  7 52  8 52    2  9 35  3 35    2  11 15  8 15    1  14 23    1  10 6    2  13 83  2 83    1  7 30
15    1  2 84    1  5 7    3  9 66  7 66  12 66    2  10 6  5 6    2  4 28  14 28    2  13 27  3 27    2  6 79  1 79    1  7 70    2  0 85  6 85    2  1 94  10 94    1  3 60    3  14 80  3 80  9 80    3  12 39  9 39  2 39    3  8 66  12 66  7 66    1  11 29
15    1  3 44    3  6 58  4 58  13 58    3  13 14  8 14  10 14    2  8 65  14 65    1  1 72    2  5 14  7 14    3  12 52  2 52  11 52    2  4 21  10 21    1  9 25    3  0 5  8 5  5 5    2  11 51  9 51    1  7 61    2  14 55  3 55    3  10 42  8 42  9 42    2  2 36  8 36
15    3  14 43  5 43  13 43    3  10 72  5 72  8 72    1  5 78    3  11 12  12 12  10 12    3  12 17  14 17  7 17    1  0 46    2  9 27  11 27    2  6 51  1 51    1  2 63    1  1 79    3  8 79  3 79  11 79    3  7 91  3 91  4 91    3  4 49  13 49  12 49    2  13 26  12 26    1  3 93
15    1  7 49    3  0 49  6 49  9 49    3  4 71  12 71  5 71    2  5 78  14 78    3  9 44  12 44  13 44    1  10 41    1  12 91    1  13 84    3  8 91  9 91  3 91    3  6 21  4 21  14 21    2  11 47  8 47    2  14 28  10 28    2  3 61  0 61    1  2 70    2  1 93  9 93
15    1  3 25    2  4 85  1 85    1  0 66    2  2 45  10 45    1  10 95    1  12 21    1  8 84    2  5 24  3 24    2  9 53  6 53    2  7 67  5 67    1  6 91    1  11 11    3  13 32  4 32  0 32    2  1 30  10 30    3  14 89  4 89  12 89
15    2  3 92  2 92    1  7 93    3  0 99  4 99  14 99    3  1 40  11 40  0 40    2  10 37  12 37    3  12 69  5 69  10 69    1  5 66    2  6 57  5 57    2  14 22  4 22    2  9 44  12 44    3  8 73  11 73  4 73    2  13 97  12 97    1  11 18    1  2 69    1  4 41

0 12 26 20 10 2 26 13 1 13 15 1 3 26 13
15 0 18 4 11 6 4 2 4 18 18 14 9 5 17
17 8 0 10 19 4 10 11 9 13 23 4 1 8 5
5 20 15 0 4 14 20 24 20 25 7 13 19 26 6
20 20 11 5 0 7 23 4 6 17 25 5 24 14 14
20 19 21 13 4 0 13 20 20 4 4 21 5 23 25
5 16 21 6 7 8 0 11 11 21 24 10 4 8 25
23 25 20 12 25 17 13 0 4 15 8 16 2 14 7
21 10 20 14 11 3 16 8 0 25 8 11 1 3 16
24 26 2 22 11 21 18 10 25 0 17 8 22 21 12
4 1 8 23 2 3 15 22 6 15 0 2 22 16 11
24 14 9 8 19 1 3 20 26 24 19 0 4 22 19
1 16 3 22 19 10 3 22 24 14 2 25 0 26 12
1 7 7 23 6 12 26 9 24 10 21 12 12 0 3
15 15 5 16 25 10 7 4 14 8 11 4 22 20 0

0 15 24 23 20 25 11 16 13 24 11 15 19 18 6
18 0 4 13 4 18 14 14 9 9 21 7 4 21 6
20 8 0 12 14 19 4 14 6 1 23 20 1 26 18
18 21 2 0 23 21 1 19 1 7 26 1 13 22 14
20 20 11 17 0 13 25 13 20 14 16 3 17 13 11
6 21 14 23 10 0 24 1 19 11 2 17 5 26 6
11 24 25 20 10 2 0 17 11 8 18 24 26 15 8
9 5 24 6 15 18 13 0 25 18 24 11 8 4 23
15 22 23 1 24 26 18 22 0 12 22 11 25 21 22
2 1 10 5 20 4 17 26 12 0 13 18 25 4 11
23 20 19 18 3 10 9 5 22 16 0 5 13 22 24
23 21 23 3 5 8 25 17 17 24 21 0 8 19 24
19 11 25 16 1 19 14 15 13 4 15 12 0 12 2
6 10 5 15 12 10 26 14 26 1 10 14 7 0 11
22 8 12 21 13 12 9 6 26 16 3 1 4 13 0

0 2 3 19 20 10 19 23 12 23 9 20 7 13 14
9 0 23 8 25 18 13 21 26 22 12 21 3 14 12
26 22 0 18 14 15 13 26 13 16 24 6 1 14 2
22 21 18 0 26 15 20 1 24 21 16 3 18 8 18
13 25 16 26 0 22 21 21 20 5 7 18 1 7 4
13 15 10 5 7 0 5 12 15 21 23 8 7 13 11
10 26 21 24 26 14 0 26 3 6 9 19 2 14 12
13 13 19 9 24 21 7 0 24 8 9 16 7 6 2
23 16 12 4 1 22 3 10 0 19 12 24 26 14 25
8 14 14 26 3 14 26 14 17 0 12 2 7 25 26
15 18 10 12 17 24 18 6 26 20 0 26 18 4 22
16 5 16 11 14 3 22 7 7 23 23 0 17 16 25
1 14 9 21 26 15 1 21 6 19 24 10 0 8 26
12 4 20 15 7 9 21 19 1 3 21 23 5 0 20
17 7 22 18 26 10 26 7 10 9 23 11 17 5 0

0 15 2 20 1 15 21 8 19 20 15 5 23 10 13
3 0 23 21 26 3 21 19 20 2 17 12 16 4 13
19 7 0 24 5 4 24 21 26 1 17 7 3 4 7
13 18 9 0 12 26 10 20 25 17 12 14 8 25 19
24 25 26 15 0 7 16 10 21 11 23 23 2 4 22
10 23 26 14 7 0 23 2 21 1 23 17 12 23 21
24 16 3 24 24 3 0 20 10 21 3 16 4 22 20
16 17 23 10 26 13 9 0 7 4 15 4 21 13 23
6 26 26 25 10 1 6 10 0 21 25 1 4 13 16
23 2 10 17 26 1 17 13 23 0 1 20 3 24 13
22 11 16 7 4 16 10 3 8 12 0 5 7 4 3
1 3 21 14 3 1 3 15 17 22 23 0 22 26 24
17 18 11 5 25 6 17 2 12 13 6 23 0 9 10
6 25 7 21 2 10 13 18 12 8 4 10 10 0 7
19 9 21 23 2 16 7 23 15 25 26 1 3 11 0

0 18 25 26 8 17 22 16 26 8 24 18 7 12 4
2 0 16 9 22 16 6 22 12 4 16 4 26 14 1
12 15 0 18 10 15 9 21 20 20 22 3 24 9 18
17 10 2 0 9 7 20 2 25 8 19 26 7 10 11
19 12 25 15 0 1 9 16 17 16 14 14 17 17 22
11 20 13 9 24 0 1 14 15 10 4 17 24 17 19
20 20 21 25 19 11 0 21 20 23 17 5 17 11 3
9 21 6 12 14 25 6 0 22 14 26 24 8 10 25
4 25 23 15 21 18 25 15 0 14 4 11 21 25 24
8 14 24 8 9 12 4 22 6 0 16 14 7 8 10
25 12 8 6 22 23 24 23 1 13 0 10 16 7 5
9 2 9 3 9 26 1 9 3 20 12 0 14 17 17
2 2 8 7 3 4 11 16 22 13 20 7 0 8 11
18 10 21 21 4 20 10 7 14 4 12 7 10 0 7
25 24 1 20 23 23 1 14 21 13 26 18 16 16 0

0 23 10 2 25 13 20 26 26 24 4 7 18 12 3
24 0 20 20 23 5 10 17 26 19 13 13 12 18 14
2 22 0 2 4 17 1 4 17 23 3 16 11 14 3
13 7 7 0 15 5 19 9 25 1 1 3 17 14 8
8 3 14 21 0 10 26 2 6 16 19 15 5 12 16
25 12 1 22 8 0 18 19 4 2 26 20 10 3 21
14 1 8 23 9 4 0 8 21 21 1 19 22 17 22
5 23 4 18 19 20 20 0 18 20 6 24 10 20 5
15 15 1 21 14 22 18 4 0 15 4 24 2 22 15
8 4 2 17 15 21 19 2 11 0 3 22 3 5 13
15 13 3 14 9 26 20 5 20 8 0 18 14 8 26
16 7 13 2 18 17 6 19 8 25 4 0 4 2 13
18 8 13 26 8 15 14 3 11 4 8 1 0 3 17
14 1 26 21 10 19 19 1 8 11 12 11 15 0 7
5 4 1 17 20 4 3 18 2 23 15 22 22 10 0

0 26 17 2 16 2 25 8 11 22 7 13 19 17 6
19 0 23 16 25 6 16 18 6 20 3 23 17 15 10
13 14 0 9 22 16 8 26 6 10 17 2 24 6 19
7 3 23 0 10 2 8 17 2 10 1 18 4 10 3
23 19 25 5 0 5 2 5 8 25 1 18 5 13 9
24 1 8 25 26 0 5 11 24 5 8 16 22 17 22
10 11 6 11 9 24 0 21 10 15 25 24 12 11 22
26 9 13 11 20 18 10 0 4 8 25 23 2 18 3
4 20 12 15 6 16 2 22 0 15 9 14 2 10 16
19 1 2 23 2 2 12 9 4 0 12 15 6 4 10
1 5 14 5 22 19 2 8 7 12 0 16 4 15 14
24 21 8 2 24 19 21 21 18 18 21 0 2 5 13
8 23 2 1 14 12 4 15 18 18 5 3 0 13 9
7 23 19 17 2 15 20 23 4 21 21 17 2 0 6
11 25 25 10 25 16 9 21 5 1 20 17 17 24 0

0 1 26 18 24 20 16 26 5 26 21 16 20 26 14
18 0 20 17 18 17 12 4 18 14 18 21 23 26 8
19 3 0 14 23 24 14 13 5 15 3 4 22 21 18
8 9 12 0 16 15 5 3 5 25 5 20 2 18 1
23 8 9 22 0 25 1 15 5 22 22 14 26 13 18
17 3 16 6 9 0 18 3 6 17 1 26 6 10 10
5 18 4 11 14 19 0 16 23 17 8 5 24 2 15
25 2 15 1 5 3 9 0 25 13 19 11 26 23 18
21 25 2 22 17 7 22 19 0 7 7 21 17 10 11
15 1 14 22 11 12 14 5 10 0 24 12 26 26 19
1 8 5 10 23 13 9 17 12 15 0 6 16 9 7
14 20 21 2 5 11 18 26 17 22 18 0 21 23 23
12 23 24 26 24 16 8 22 2 15 8 12 0 4 13
21 21 18 5 9 8 3 22 6 14 7 17 8 0 19
5 11 20 15 16 8 25 23 11 25 5 9 19 11 0

0 10 16 1 13 21 20 9 19 1 14 16 10 15 13
22 0 4 19 9 6 7 6 24 21 12 7 11 19 18
12 25 0 12 6 6 24 18 8 25 26 5 4 3 20
17 2 13 0 22 19 18 22 4 2 13 4 3 20 6
1 9 15 23 0 26 16 19 15 6 16 4 6 14 10
7 1 22 19 22 0 24 13 5 16 5 7 5 9 26
4 17 11 16 17 22 0 16 13 15 7 5 25 2 21
18 5 4 17 11 9 25 0 18 20 11 2 15 2 13
6 14 25 17 2 4 19 11 0 23 1 25 23 26 1
5 18 16 6 10 2 21 2 24 0 9 2 1 20 1
18 6 19 9 8 26 20 7 26 17 0 12 3 2 21
9 2 6 1 3 26 3 4 10 15 8 0 5 21 18
2 24 11 23 3 23 11 17 18 12 5 23 0 7 16
17 14 1 7 25 26 14 5 1 16 8 22 6 0 24
12 12 4 22 16 14 22 18 21 5 26 10 10 17 0

0 25 2 8 13 23 16 10 24 7 16 20 19 25 10
11 0 18 23 14 25 26 23 17 14 19 14 6 25 9
20 18 0 1 4 13 5 23 10 21 2 18 9 22 8
12 18 16 0 24 25 18 9 11 15 14 12 9 18 3
16 23 10 26 0 16 24 18 16 26 25 24 7 15 25
21 4 5 11 22 0 21 20 10 4 3 1 16 13 24
7 4 20 20 18 18 0 13 24 6 5 8 7 23 22
21 9 17 17 1 7 18 0 5 23 4 15 15 12 13
10 20 21 19 2 17 21 13 0 3 15 11 19 16 18
6 17 2 5 26 5 7 6 20 0 23 26 1 2 11
21 15 23 7 12 8 2 18 17 1 0 25 1 24 20
17 8 21 14 5 19 1 2 6 19 23 0 6 15 15
1 14 26 21 14 13 10 3 9 10 7 20 0 23 24
13 19 13 17 3 9 25 15 12 13 20 8 17 0 5
16 7 21 3 19 20 16 16 21 13 13 10 16 20 0

0 15 12 9 4 8 12 15 2 1 1 8 20 2 18
8 0 21 19 18 13 12 13 18 15 14 8 12 4 20
7 14 0 1 7 16 12 5 17 7 19 25 18 18 8
6 7 2 0 25 9 17 5 21 17 16 25 21 19 12
24 21 18 14 0 4 26 18 6 17 19 2 19 6 7
25 25 14 18 5 0 22 18 22 9 17 1 7 11 1
6 6 14 18 8 18 0 23 15 19 18 23 8 3 1
14 19 14 21 3 13 14 0 12 22 23 19 2 12 17
24 22 26 6 13 17 21 3 0 12 7 2 2 14 26
1 14 5 15 24 11 20 24 16 0 15 16 19 14 11
13 2 9 25 25 14 15 25 24 24 0 15 7 10 11
26 13 26 10 17 17 20 7 8 9 1 0 26 16 7
20 8 22 19 24 6 20 2 3 20 4 23 0 20 19
6 24 9 16 21 8 13 22 21 10 3 26 8 0 18
21 18 13 15 6 24 16 23 3 9 20 22 23 5 0

0 21 17 23 11 20 6 7 13 6 10 22 16 5 16
5 0 6 3 22 5 12 1 17 18 22 15 19 13 25
9 23 0 23 25 22 23 25 10 11 16 12 22 3 19
20 17 2 0 15 12 8 25 12 7 10 13 13 19 1
17 3 21 6 0 16 22 26 9 9 26 17 2 26 5
22 18 22 10 14 0 13 9 20 4 11 8 17 17 5
1 20 10 2 12 20 0 9 1 6 19 15 21 4 25
1 3 9 14 1 13 10 0 12 20 13 11 16 14 1
16 12 8 25 5 14 26 15 0 7 2 7 25 16 8
4 18 25 8 14 15 26 19 3 0 7 1 3 13 6
11 16 21 13 4 18 25 26 2 6 0 26 5 16 12
21 16 24 9 12 5 24 4 12 25 14 0 17 15 18
21 16 16 18 20 24 2 18 26 2 8 23 0 13 22
16 18 22 15 14 9 1 2 14 21 21 3 13 0 17
2 12 22 21 18 13 13 7 18 24 21 20 2 10 0

0 21 15 15 9 13 26 19 10 6 21 24 11 1 18
2 0 10 20 5 21 12 18 19 15 12 13 14 4 26
12 7 0 10 9 26 25 17 23 14 24 6 20 3 17
12 13 19 0 21 2 6 5 26 25 25 4 16 17 6
16 6 2 24 0 25 8 15 10 10 13 9 7 24 25
20 10 4 10 1 0 23 25 10 14 25 19 9 21 17
12 22 5 11 9 19 0 19 7 12 20 15 24 1 11
7 16 18 11 18 12 10 0 3 6 2 4 23 8 19
5 21 14 21 7 18 7 26 0 13 5 13 13 15 19
6 15 26 26 16 21 17 26 8 0 12 20 11 11 21
14 6 20 1 8 19 9 18 8 25 0 23 13 25 12
23 12 6 18 13 24 12 18 21 18 22 0 3 20 22
4 9 18 1 23 7 26 22 8 11 11 2 0 22 13
17 26 12 13 19 8 10 26 15 7 21 7 21 0 2
16 20 24 4 18 11 25 14 26 21 14 10 23 18 0

0 2 18 6 26 9 18 9 23 25 2 4 14 22 9
5 0 22 24 13 24 6 13 14 20 10 10 9 4 7
7 14 0 5 12 23 1 20 11 8 20 2 26 17 7
21 18 25 0 21 6 9 4 14 5 22 7 13 24 16
14 22 10 14 0 18 10 7 11 24 1 12 10 12 12
9 2 12 16 15 0 8 8 25 3 2 18 22 8 19
7 4 2 23 15 18 0 14 3 25 6 5 4 26 10
18 8 20 12 25 8 16 0 2 19 3 21 10 17 22
13 17 21 12 13 4 22 11 0 3 8 13 23 9 24
14 25 17 1 21 8 11 26 9 0 13 4 19 3 4
2 13 2 20 24 9 7 7 6 20 0 11 7 21 25
8 22 2 14 15 9 3 15 6 8 2 0 17 6 16
18 10 26 23 12 11 1 3 4 2 3 13 0 21 19
2 21 12 26 2 15 22 16 6 15 22 5 8 0 23
22 15 7 21 4 15 17 11 24 17 12 22 10 12 0

0 9 7 25 8 1 13 1 1 22 17 7 16 26 16
24 0 5 24 20 18 10 13 24 26 16 19 1 18 10
11 23 0 25 16 4 4 3 20 4 9 8 22 15 8
19 25 16 0 4 4 7 1 4 13 4 3 23 18 8
7 7 20 2 0 23 23 14 8 22 18 3 19 13 8
17 21 9 22 22 0 6 13 4 12 3 6 2 16 3
13 15 14 23 20 17 0 14 6 14 8 17 25 23 6
21 25 4 17 16 10 4 0 24 15 20 19 10 3 25
11 16 11 7 19 24 5 23 0 6 13 19 3 12 4
11 13 20 24 12 25 20 11 1 0 4 13 8 24 23
10 9 20 18 4 22 21 13 7 1 0 7 3 4 19
21 16 4 19 22 6 15 1 13 14 15 0 8 18 8
25 20 24 23 17 4 16 11 26 13 6 20 0 21 13
15 6 14 6 26 23 1 17 25 18 20 5 3 0 25
18 15 3 18 20 25 23 21 3 1 25 22 12 12 0
