15 5 5
5    2  1 58  3 58    4  1 44  2 44  3 44  4 44    4  1 5  2 5  3 5  4 5    2  0 9  4 9    2  3 58  4 58
5    4  0 89  1 89  3 89  4 89    4  0 97  1 97  3 97  4 97    2  1 96  4 96    1  3 77    3  2 84  3 84  4 84
5    4  0 77  1 77  3 77  4 77    2  0 87  1 87    4  0 81  1 81  2 81  4 81    2  0 39  4 39    2  0 85  3 85
5    3  1 57  2 57  3 57    2  1 21  4 21    5  0 31  1 31  2 31  3 31  4 31    2  0 15  1 15    4  0 73  1 73  3 73  4 73
5    4  0 48  1 48  2 48  3 48    3  0 40  2 40  3 40    1  1 49    3  1 70  2 70  3 70    1  4 71
5    1  3 34    2  2 82  4 82    3  0 80  2 80  3 80    3  0 10  1 10  4 10    2  0 22  1 22
5    3  1 91  2 91  3 91    1  4 75    2  0 55  1 55    4  0 17  1 17  2 17  3 17    3  0 7  2 7  3 7
5    4  1 62  2 62  3 62  4 62    5  0 47  1 47  2 47  3 47  4 47    2  0 72  1 72    2  2 35  4 35    4  0 11  1 11  2 11  4 11
5    3  0 64  1 64  4 64    3  1 75  3 75  4 75    2  3 50  4 50    2  1 90  2 90    4  0 94  2 94  3 94  4 94
5    3  0 67  2 67  4 67    1  4 20    3  2 15  3 15  4 15    4  0 12  1 12  2 12  3 12    1  1 71
5    3  0 52  2 52  4 52    3  1 93  3 93  4 93    2  0 68  3 68    2  2 29  3 29    4  1 57  2 57  3 57  4 57
5    1  2 70    2  0 58  4 58    3  0 93  1 93  4 93    3  0 7  1 7  4 7    3  0 77  3 77  4 77
5    3  2 27  3 27  4 27    2  0 82  2 82    2  1 63  2 63    3  1 6  2 6  4 6    1  0 95
5    1  1 87    3  1 56  2 56  4 56    2  2 36  4 36    3  0 26  1 26  3 26    3  2 48  3 48  4 48
5    3  0 76  2 76  3 76    2  1 36  2 36    2  0 36  1 36    4  0 15  1 15  3 15  4 15    3  0 8  1 8  3 8

0 16 6 18 1 13 1 2 13 14 4 15 25 18 9
6 0 24 8 26 19 24 24 25 5 20 9 7 20 14
12 18 0 8 1 11 17 6 6 23 3 16 16 21 23
12 6 20 0 1 2 23 26 4 19 25 17 7 3 20
7 3 9 23 0 7 5 7 8 22 17 15 18 22 19
21 20 21 5 26 0 23 4 4 4 10 7 8 16 4
25 23 2 18 10 23 0 12 3 13 7 16 4 10 4
12 10 12 21 26 24 8 0 11 11 22 2 9 16 21
13 11 1 13 21 7 14 25 0 2 14 12 17 24 20
6 1 12 1 2 20 7 2 11 0 5 12 5 14 8
13 4 7 23 1 3 11 11 18 17 0 16 14 17 6
1 7 2 15 20 20 23 21 20 22 6 0 7 8 20
23 17 11 2 3 18 1 18 22 17 20 12 0 8 18
9 2 13 16 14 22 11 4 26 7 14 16 1 0 1
4 20 1 15 21 18 10 15 21 25 4 17 22 9 0

0 16 16 24 3 23 20 5 10 25 7 10 17 1 25
18 0 9 2 23 19 8 21 24 14 7 20 12 7 17
24 5 0 11 19 19 19 7 10 23 14 19 23 16 4
4 7 23 0 24 23 12 15 2 19 18 5 5 21 23
25 16 10 18 0 14 18 23 9 12 15 7 3 14 9
12 6 14 7 9 0 21 26 10 24 18 20 21 11 19
12 4 21 20 3 12 0 13 6 22 16 3 16 9 26
11 10 17 13 19 18 17 0 26 6 22 3 10 19 8
16 20 26 13 7 16 16 16 0 16 25 21 1 9 16
10 18 20 11 16 11 4 26 7 0 7 25 5 23 18
16 9 13 21 7 21 20 22 23 24 0 7 14 20 4
12 14 4 15 9 17 14 24 26 9 22 0 22 8 5
2 2 19 3 22 9 8 4 20 3 4 1 0 12 24
8 12 22 4 7 4 18 18 13 10 5 21 15 0 15
18 25 3 6 10 21 18 17 11 14 16 23 1 11 0

0 3 8 7 24 15 3 9 12 16 21 17 13 26 18
24 0 6 11 8 13 7 14 16 6 17 4 23 8 9
8 12 0 19 15 1 11 9 12 8 21 19 14 2 21
4 16 21 0 7 9 16 16 5 5 3 13 25 16 8
23 2 19 22 0 6 7 2 17 16 6 24 9 7 20
20 16 7 9 14 0 25 11 7 6 15 1 3 2 7
3 22 15 16 6 14 0 9 21 3 20 9 6 21 24
4 4 22 13 24 12 14 0 15 12 16 22 5 16 16
15 17 5 2 14 10 24 23 0 11 12 5 2 26 22
10 2 12 10 20 25 26 8 14 0 17 7 6 5 14
16 5 18 7 6 5 1 7 12 24 0 4 15 13 17
21 18 8 20 12 3 10 8 1 2 25 0 5 11 16
6 12 4 14 3 17 8 1 19 12 15 13 0 15 5
21 25 17 5 3 26 25 9 20 8 14 7 9 0 14
5 17 17 3 21 8 11 24 23 24 15 9 22 10 0

0 19 23 23 12 7 9 10 22 6 14 19 20 14 4
25 0 14 15 26 2 13 15 16 6 15 25 13 5 10
16 25 0 6 9 3 17 12 6 1 8 6 7 16 21
25 23 12 0 18 8 6 19 17 10 25 4 12 3 1
21 21 25 5 0 7 6 24 9 4 26 14 3 6 22
26 24 4 14 21 0 23 6 7 25 3 8 7 10 11
11 3 15 9 20 26 0 22 5 11 1 21 3 12 15
20 24 9 3 2 1 24 0 6 25 25 4 25 19 11
1 23 12 11 2 19 2 23 0 26 16 3 16 21 14
15 9 11 4 8 26 7 14 23 0 17 17 15 11 10
25 10 6 18 2 19 24 4 2 6 0 15 5 25 12
10 18 10 15 1 25 5 25 22 19 18 0 16 11 26
17 25 4 4 24 5 18 21 17 19 23 10 0 4 3
21 20 13 7 23 18 5 18 9 23 23 1 12 0 12
2 16 19 18 25 14 4 11 16 11 5 14 11 11 0

0 9 12 23 18 17 10 16 24 21 12 8 6 19 11
7 0 24 17 2 5 2 11 25 23 8 22 7 16 12
12 2 0 3 10 21 4 26 23 7 25 23 15 10 23
16 23 2 0 13 12 5 22 14 16 8 26 11 13 24
19 11 10 2 0 24 4 1 17 24 15 9 9 22 22
9 10 15 4 4 0 5 2 5 25 7 3 26 26 22
26 8 20 26 3 1 0 8 9 16 18 5 14 1 22
16 6 26 14 15 8 23 0 19 1 10 18 26 24 2
4 1 10 8 1 23 6 1 0 8 5 24 22 20 1
21 25 3 13 3 26 3 19 18 0 24 13 24 2 6
24 24 25 18 24 17 26 26 13 9 0 9 5 16 4
3 13 9 2 13 23 18 16 2 23 25 0 3 10 9
2 25 11 21 25 18 6 17 3 12 9 22 0 11 15
19 3 13 6 10 2 12 19 9 26 12 24 23 0 25
11 4 15 11 16 19 1 14 1 16 11 16 20 2 0
