20 10 9
10    3  3 32  7 32  8 32    4  1 81  2 81  5 81  6 81    5  3 55  4 55  6 55  8 55  9 55    4  1 40  3 40  4 40  7 40    4  0 6  1 6  3 6  7 6    4  3 19  5 19  6 19  7 19    7  1 81  4 81  5 81  6 81  7 81  8 81  9 81    5  1 37  3 37  4 37  5 37  9 37    3  0 40  1 40  2 40    4  3 9  4 9  5 9  6 9
10    5  0 70  1 70  2 70  4 70  6 70    6  2 55  3 55  5 55  6 55  7 55  8 55    5  2 21  4 21  7 21  8 21  9 21    3  4 64  5 64  9 64    6  0 46  1 46  2 46  3 46  7 46  9 46    3  1 25  2 25  8 25    7  0 65  3 65  4 65  5 65  7 65  8 65  9 65    5  0 77  1 77  5 77  6 77  9 77    6  1 65  2 65  5 65  6 65  7 65  8 65    4  0 15  3 15  6 15  7 15
10    4  0 84  2 84  6 84  7 84    4  0 89  4 89  6 89  8 89    3  2 24  3 24  6 24    2  1 44  4 44    7  0 85  1 85  2 85  4 85  5 85  8 85  9 85    6  0 31  1 31  2 31  4 31  8 31  9 31    6  0 29  1 29  3 29  4 29  7 29  9 29    5  1 83  2 83  6 83  7 83  8 83    3  2 37  5 37  9 37    5  0 40  1 40  4 40  6 40  7 40
10    4  3 80  4 80  5 80  9 80    3  1 59  5 59  7 59    8  0 8  1 8  3 8  4 8  5 8  6 8  8 8  9 8    2  2 30  3 30    6  1 77  2 77  4 77  6 77  7 77  8 77    5  0 38  2 38  3 38  4 38  6 38    3  1 80  2 80  9 80    1  7 56    5  1 41  4 41  5 41  7 41  9 41    4  5 97  6 97  7 97  8 97
10    6  0 40  4 40  5 40  6 40  7 40  8 40    9  0 71  1 71  2 71  3 71  4 71  5 71  6 71  7 71  9 71    3  0 91  5 91  8 91    3  6 7  7 7  8 7    6  0 59  1 59  4 59  5 59  8 59  9 59    5  4 80  5 80  7 80  8 80  9 80    6  0 50  1 50  2 50  3 50  5 50  9 50    5  0 56  3 56  4 56  5 56  7 56    5  0 17  1 17  3 17  5 17  9 17    2  2 88  4 88
10    5  0 36  5 36  7 36  8 36  9 36    3  4 10  6 10  9 10    5  0 45  1 45  5 45  7 45  8 45    7  1 9  2 9  4 9  5 9  6 9  7 9  8 9    6  1 54  2 54  3 54  4 54  5 54  7 54    4  2 96  3 96  8 96  9 96    2  2 8  9 8    4  3 77  5 77  8 77  9 77    2  1 29  2 29    4  1 58  3 58  7 58  8 58
10    5  1 99  2 99  4 99  5 99  6 99    5  2 86  4 86  7 86  8 86  9 86    5  2 92  3 92  4 92  6 92  7 92    4  0 28  4 28  5 28  8 28    4  1 98  6 98  7 98  8 98    5  4 70  5 70  6 70  7 70  9 70    2  4 87  5 87    6  1 96  3 96  5 96  6 96  7 96  9 96    7  0 73  1 73  2 73  3 73  4 73  6 73  8 73    4  1 27  2 27  7 27  8 27
10    4  1 95  3 95  4 95  8 95    5  1 85  3 85  4 85  8 85  9 85    6  0 56  1 56  4 56  5 56  6 56  7 56    1  4 52    3  0 59  2 59  8 59    3  2 41  3 41  4 41    8  0 81  1 81  2 81  4 81  5 81  6 81  7 81  8 81    6  0 39  3 39  5 39  7 39  8 39  9 39    2  0 32  9 32    5  0 92  1 92  5 92  7 92  9 92
10    2  1 7  6 7    5  1 69  5 69  7 69  8 69  9 69    3  1 93  4 93  8 93    9  0 27  1 27  2 27  3 27  4 27  5 27  6 27  7 27  8 27    5  0 22  1 22  5 22  6 22  9 22    5  0 88  2 88  5 88  8 88  9 88    3  0 45  8 45  9 45    6  1 60  2 60  3 60  5 60  6 60  9 60    5  0 49  2 49  4 49  7 49  9 49    1  2 12
10    7  1 33  2 33  3 33  5 33  7 33  8 33  9 33    4  1 61  2 61  5 61  6 61    3  4 44  5 44  8 44    2  4 26  5 26    4  0 84  1 84  3 84  7 84    6  0 82  1 82  2 82  3 82  6 82  8 82    4  0 68  3 68  4 68  7 68    4  0 21  7 21  8 21  9 21    5  3 71  5 71  7 71  8 71  9 71    3  1 99  4 99  9 99
10    5  2 43  3 43  6 43  7 43  8 43    4  0 72  3 72  4 72  8 72    6  1 30  2 30  3 30  4 30  6 30  9 30    6  0 98  1 98  2 98  5 98  6 98  8 98    7  0 75  1 75  2 75  3 75  7 75  8 75  9 75    6  0 26  1 26  2 26  4 26  7 26  9 26    6  0 8  1 8  2 8  3 8  6 8  7 8    5  4 74  5 74  6 74  7 74  9 74    8  0 19  1 19  2 19  3 19  5 19  6 19  7 19  9 19    4  0 38  2 38  4 38  5 38
10    4  0 19  1 19  4 19  6 19    4  0 67  2 67  3 67  8 67    5  0 73  1 73  4 73  5 73  8 73    4  1 85  2 85  3 85  9 85    2  4 26  9 26    1  4 39    3  3 9  7 9  9 9    3  0 23  5 23  6 23    4  1 13  3 13  5 13  7 13    4  0 43  2 43  3 43  5 43
10    5  2 72  4 72  5 72  6 72  8 72    4  2 46  3 46  7 46  8 46    6  2 80  3 80  5 80  6 80  7 80  9 80    3  0 93  3 93  5 93    5  1 61  2 61  5 61  8 61  9 61    3  0 7  4 7  5 7    3  5 42  7 42  9 42    4  0 50  1 50  3 50  5 50    3  0 55  3 55  8 55    6  4 57  5 57  6 57  7 57  8 57  9 57
10    7  0 99  1 99  3 99  4 99  5 99  6 99  7 99    3  0 91  3 91  8 91    3  0 11  5 11  9 11    6  1 68  4 68  5 68  6 68  7 68  8 68    6  1 43  3 43  5 43  6 43  7 43  9 43    6  1 96  2 96  3 96  4 96  7 96  9 96    4  2 72  6 72  8 72  9 72    3  6 11  8 11  9 11    4  0 60  6 60  7 60  9 60    7  0 68  1 68  2 68  4 68  5 68  6 68  8 68
10    4  1 69  2 69  7 69  9 69    2  0 43  1 43    6  0 12  2 12  3 12  4 12  5 12  6 12    3  3 40  4 40  8 40    4  0 70  1 70  3 70  9 70    7  0 74  2 74  3 74  4 74  5 74  6 74  9 74    7  0 34  1 34  2 34  4 34  5 34  7 34  9 34    5  0 7  1 7  2 7  3 7  5 7    4  0 30  3 30  4 30  5 30    4  0 84  3 84  5 84  7 84
10    4  3 99  4 99  7 99  9 99    3  2 27  3 27  4 27    5  0 59  3 59  4 59  6 59  8 59    6  0 72  1 72  3 72  4 72  5 72  8 72    3  0 9  2 9  6 9    3  0 45  6 45  7 45    4  0 49  2 49  4 49  7 49    4  3 63  6 63  8 63  9 63    7  1 69  2 69  3 69  4 69  5 69  6 69  7 69    4  0 60  1 60  3 60  8 60
10    6  0 75  4 75  5 75  6 75  7 75  8 75    5  3 17  5 17  6 17  7 17  9 17    6  2 91  3 91  5 91  6 91  7 91  9 91    2  3 50  7 50    7  0 65  1 65  3 65  4 65  5 65  8 65  9 65    5  1 37  5 37  6 37  7 37  9 37    4  0 98  1 98  2 98  9 98    5  0 90  1 90  2 90  4 90  5 90    1  6 71    5  0 8  2 8  3 8  4 8  8 8
10    3  0 72  3 72  9 72    5  1 9  5 9  6 9  7 9  8 9    4  2 31  3 31  5 31  9 31    5  0 49  1 49  6 49  7 49  9 49    3  2 91  7 91  9 91    2  3 62  8 62    4  5 90  6 90  7 90  9 90    3  0 72  4 72  9 72    4  4 98  5 98  8 98  9 98    8  0 38  1 38  2 38  4 38  5 38  6 38  7 38  9 38
10    2  3 35  4 35    3  2 63  4 63  9 63    6  0 25  2 25  3 25  5 25  7 25  8 25    5  1 35  3 35  4 35  6 35  7 35    4  0 21  3 21  8 21  9 21    6  1 47  2 47  3 47  5 47  6 47  7 47    3  1 52  3 52  5 52    4  0 80  1 80  4 80  8 80    6  0 39  1 39  2 39  4 39  6 39  8 39    3  1 74  8 74  9 74
10    6  1 68  2 68  3 68  4 68  7 68  9 68    5  0 24  1 24  3 24  5 24  6 24    5  3 58  4 58  7 58  8 58  9 58    5  2 52  4 52  6 52  8 52  9 52    4  0 5  2 5  5 5  8 5    4  2 20  4 20  6 20  7 20    5  0 50  3 50  4 50  5 50  6 50    6  1 57  2 57  3 57  7 57  8 57  9 57    6  0 88  1 88  5 88  6 88  7 88  9 88    4  1 53  4 53  5 53  8 53

0 8 19 17 17 21 11 12 27 22 21 23 8 25 4 19 17 17 8 8
15 0 5 12 24 23 16 1 12 27 26 27 23 22 27 16 4 18 16 3
2 6 0 4 18 16 6 8 8 20 26 2 20 14 2 21 18 27 6 11
2 16 3 0 9 18 6 11 4 24 20 4 17 17 24 9 5 9 15 25
1 23 18 16 0 15 12 26 17 14 22 5 23 12 16 21 27 20 1 7
10 18 11 3 15 0 16 24 13 11 17 16 3 17 6 17 21 25 14 4
4 14 19 21 2 21 0 18 22 24 12 11 9 8 13 25 24 8 13 23
11 19 6 22 10 13 24 0 19 11 21 15 14 21 26 8 4 1 14 23
3 2 27 12 11 1 15 7 0 3 7 4 10 4 1 4 11 27 19 8
3 15 26 8 22 20 7 9 23 0 14 24 19 15 17 15 13 11 11 14
26 1 24 14 18 18 27 21 18 13 0 16 5 17 21 26 20 18 3 14
22 14 8 24 6 9 16 2 11 4 4 0 27 25 15 18 24 11 25 21
12 9 19 8 24 21 9 21 4 16 18 7 0 7 19 4 22 16 21 17
6 7 24 4 2 3 14 26 14 18 26 6 14 0 4 25 22 19 12 22
18 5 21 24 7 1 25 20 27 14 8 17 12 14 0 20 11 6 18 20
12 1 26 22 3 15 9 13 9 25 6 17 26 17 25 0 26 1 12 15
10 3 12 11 22 15 12 12 11 6 23 5 25 23 13 20 0 20 14 20
1 13 22 18 18 12 26 13 16 2 18 24 16 21 2 21 18 0 7 26
3 12 2 25 24 18 1 5 12 19 26 4 15 13 21 26 3 4 0 11
7 16 2 14 11 21 27 7 3 27 6 17 18 7 14 10 19 3 27 0

0 24 3 3 14 5 21 23 4 18 17 6 6 9 27 13 25 3 1 2
27 0 22 20 25 1 23 7 17 18 11 8 17 8 9 10 22 22 19 20
22 18 0 6 13 21 24 12 15 12 5 12 13 21 12 26 16 14 25 27
15 25 9 0 21 14 27 23 16 11 19 21 20 21 25 11 10 8 23 6
3 21 25 1 0 5 16 26 27 18 20 16 25 15 15 9 16 14 7 6
11 26 21 11 21 0 27 6 8 24 7 18 27 7 19 10 10 8 16 20
12 16 3 26 22 3 0 10 2 26 21 4 16 26 1 6 8 27 26 21
1 5 24 27 7 1 21 0 11 14 10 19 7 12 6 14 3 20 20 13
25 1 10 26 5 16 8 11 0 15 15 3 11 12 19 8 20 18 15 17
24 19 14 15 2 13 1 14 7 0 10 22 19 27 7 3 15 13 12 3
24 16 7 26 25 8 25 27 3 21 0 7 18 10 7 21 13 6 6 8
23 27 20 12 26 14 24 12 16 10 15 0 27 10 13 11 19 1 11 19
27 12 4 24 24 14 23 10 5 20 13 5 0 21 10 26 18 5 16 2
6 7 16 6 24 5 26 25 5 2 13 27 5 0 16 12 25 3 8 25
6 15 11 3 4 22 9 20 15 19 25 27 19 9 0 18 20 1 16 8
12 23 1 17 13 19 10 6 15 16 14 16 25 21 6 0 21 14 21 19
13 17 5 20 1 9 25 7 14 11 24 8 21 2 20 13 0 22 25 20
13 1 2 11 7 4 23 13 9 27 2 12 14 23 7 3 21 0 25 3
18 11 2 21 23 13 3 17 22 20 25 10 9 4 24 14 10 6 0 2
14 5 3 27 21 18 18 21 14 19 18 4 4 24 27 23 10 4 3 0

0 11 25 21 20 25 9 25 8 5 18 18 13 2 23 17 15 7 3 21
15 0 23 22 1 14 15 6 3 13 27 5 25 12 16 26 4 26 6 19
3 24 0 20 14 9 27 5 26 7 16 7 14 12 16 25 10 26 3 11
26 22 11 0 1 14 6 21 2 3 4 4 24 11 15 22 17 5 21 4
26 2 10 9 0 20 1 1 3 16 3 5 3 26 10 6 5 24 13 2
27 16 7 14 19 0 5 4 1 24 22 22 24 5 26 4 20 25 19 1
21 5 15 18 26 19 0 25 25 5 20 17 20 6 21 4 18 17 9 14
7 17 16 24 27 2 9 0 17 22 3 7 11 15 17 11 13 14 16 24
2 18 1 1 20 13 11 19 0 23 20 1 19 17 6 20 20 20 11 20
19 5 4 12 17 1 24 12 2 0 23 9 7 24 5 13 12 9 23 19
22 6 5 5 15 3 3 14 24 23 0 18 2 25 6 6 2 20 5 23
4 16 14 10 25 15 2 15 17 19 5 0 5 9 24 10 5 4 4 10
18 26 15 15 24 21 5 8 4 26 26 17 0 24 13 15 6 16 9 24
14 2 23 14 1 19 7 26 1 25 14 20 14 0 25 2 20 6 14 4
19 21 1 2 21 7 4 15 27 10 14 13 20 9 0 18 12 25 25 17
12 2 24 2 19 14 22 16 6 17 12 7 16 2 6 0 14 16 3 21
9 26 9 14 12 26 27 16 5 1 2 12 17 17 21 24 0 5 7 21
26 25 8 16 14 24 11 15 20 6 24 14 4 19 21 17 15 0 10 3
23 5 4 20 27 20 8 9 14 15 15 14 21 13 15 19 4 25 0 2
10 1 19 27 3 19 13 25 16 13 5 8 14 16 15 6 11 22 13 0

0 5 19 23 23 10 5 23 15 21 20 2 10 26 11 13 6 12 21 1
25 0 23 5 13 19 7 6 21 11 20 12 2 15 9 10 21 11 26 8
26 16 0 21 18 9 11 9 27 18 10 21 8 6 10 7 6 19 9 19
10 22 14 0 8 21 20 16 9 23 13 5 27 24 10 26 8 12 19 18
12 13 8 22 0 6 15 10 9 13 24 18 24 12 13 7 2 22 27 18
8 13 14 15 6 0 22 27 10 12 13 1 14 11 2 8 3 23 13 11
21 1 5 24 11 11 0 21 2 18 2 4 13 8 23 9 16 22 27 23
21 24 1 18 3 27 18 0 14 19 15 7 4 20 21 25 6 13 25 15
14 23 19 6 24 12 7 9 0 22 8 26 23 11 27 10 2 21 1 8
27 1 15 26 13 9 19 25 13 0 8 2 27 8 27 8 7 2 16 14
23 6 3 25 12 25 18 10 23 22 0 14 18 5 5 25 21 6 22 21
18 22 2 22 19 24 17 20 1 10 22 0 11 8 24 12 8 23 25 20
20 18 15 12 14 25 18 12 8 5 2 25 0 2 12 20 7 14 8 27
14 26 13 7 11 23 2 22 6 11 21 3 26 0 6 22 18 5 15 3
14 4 17 17 23 17 19 11 12 13 7 21 15 9 0 13 20 17 24 8
20 3 7 12 4 20 10 21 24 22 14 1 4 19 12 0 12 17 13 6
1 17 12 12 24 2 6 24 3 13 23 27 23 21 11 23 0 11 25 23
11 12 26 4 23 1 6 8 27 26 19 8 24 23 3 19 21 0 7 26
5 15 27 24 14 27 6 5 5 6 16 9 11 10 11 16 7 8 0 14
26 23 16 15 12 5 25 4 12 26 3 21 10 8 24 23 9 5 11 0

0 20 8 1 18 10 18 10 27 23 2 20 17 21 19 13 5 14 13 10
7 0 15 23 24 27 11 1 13 7 27 3 11 1 6 13 26 18 24 26
26 18 0 23 14 19 25 27 11 12 8 13 6 16 5 27 8 18 27 16
11 12 6 0 25 5 7 24 5 21 6 13 13 24 9 2 4 16 20 2
11 2 12 19 0 15 4 27 8 24 18 3 22 27 20 18 22 27 13 27
6 23 24 27 10 0 18 18 15 7 6 1 25 16 7 12 24 5 3 19
17 22 21 12 6 9 0 13 6 25 11 4 7 2 11 15 2 5 19 10
18 20 7 14 16 3 26 0 11 19 12 10 20 17 16 13 7 10 20 25
26 21 12 4 24 23 20 11 0 12 5 4 24 17 10 20 17 4 8 11
8 26 22 13 5 12 17 7 7 0 16 2 26 19 6 22 15 8 15 15
25 16 5 4 5 15 6 9 19 2 0 11 2 2 26 17 20 3 17 4
20 1 22 21 6 12 26 19 20 15 26 0 5 27 14 19 27 21 4 4
11 19 14 17 18 22 21 25 7 2 6 10 0 25 19 1 21 18 13 13
7 1 14 14 16 20 6 14 2 7 9 27 23 0 25 3 9 17 23 27
20 22 9 2 14 7 20 12 5 1 17 12 27 19 0 20 4 12 7 9
6 24 8 1 2 7 19 2 23 16 13 7 7 22 4 0 25 26 18 6
20 11 23 6 26 7 8 15 7 19 11 11 4 18 20 5 0 19 4 10
1 22 17 3 22 5 18 13 13 2 3 27 13 25 4 12 26 0 19 7
1 14 17 1 2 11 14 26 14 4 14 15 23 20 11 1 9 21 0 8
13 21 13 21 5 19 18 25 15 9 13 8 8 25 10 3 27 17 6 0

0 8 7 2 14 11 5 12 14 4 13 9 18 15 20 3 17 18 21 7
17 0 21 10 25 7 2 9 13 14 11 1 1 5 12 11 7 9 5 16
15 17 0 12 3 7 2 16 17 4 25 16 21 25 6 19 5 15 24 6
13 1 11 0 3 3 25 13 23 6 25 3 24 11 18 10 20 8 9 10
21 5 3 20 0 21 8 8 5 12 21 20 18 13 11 5 19 13 6 4
7 8 10 22 11 0 24 7 3 3 7 27 17 24 8 19 4 10 12 18
20 15 23 12 9 12 0 13 6 10 1 5 6 12 5 2 20 26 10 19
15 13 6 18 19 1 2 0 11 6 22 12 2 26 22 15 27 25 1 20
1 4 6 15 22 9 27 18 0 1 19 23 5 24 2 1 26 22 17 16
3 15 15 26 4 3 13 12 6 0 12 11 23 21 2 10 11 16 22 22
13 9 26 7 16 2 6 10 19 14 0 9 26 16 27 8 4 1 15 1
3 8 26 2 20 3 26 10 16 7 19 0 22 6 20 5 15 5 16 7
27 15 20 26 22 21 14 1 24 17 26 8 0 11 19 26 18 6 4 17
4 26 26 1 13 15 18 5 13 8 2 25 5 0 21 8 20 22 12 2
6 3 9 5 14 8 7 6 12 4 26 5 1 11 0 10 3 11 20 1
16 20 26 16 8 23 13 4 23 27 27 19 11 8 16 0 16 27 17 20
25 14 20 16 4 20 11 22 24 24 15 13 8 8 10 19 0 18 13 20
27 4 23 24 22 13 22 22 23 13 23 15 2 4 15 20 15 0 6 4
27 5 12 11 5 20 9 8 16 6 22 11 26 6 18 1 1 26 0 23
22 13 6 26 2 15 1 27 27 18 5 2 18 17 15 22 23 7 21 0

0 14 16 16 14 1 3 22 16 5 6 25 12 5 11 12 25 15 26 20
5 0 5 23 20 25 22 2 17 24 20 16 16 26 4 3 8 20 18 25
27 2 0 12 25 3 19 9 3 3 1 17 3 7 19 24 27 27 13 5
8 26 17 0 24 12 4 6 4 26 25 8 18 22 24 9 11 25 27 4
23 13 17 1 0 3 5 22 13 7 13 20 7 21 15 15 9 26 14 7
23 1 9 25 9 0 22 20 27 14 15 10 4 23 12 10 25 21 15 19
2 24 17 23 8 17 0 3 26 26 16 20 10 13 15 25 13 25 21 13
20 3 10 27 17 27 7 0 8 19 17 21 26 14 14 19 9 3 27 20
23 19 18 18 23 4 5 20 0 3 5 18 11 12 3 3 12 6 3 20
14 21 27 7 4 10 19 27 21 0 13 23 22 6 23 5 23 9 10 12
16 13 26 15 13 19 6 27 27 26 0 13 4 4 27 2 18 19 16 23
10 21 27 20 26 24 13 11 1 5 16 0 4 12 22 5 27 4 23 22
3 10 1 27 15 17 2 15 3 26 8 14 0 4 17 5 27 1 24 6
17 3 13 3 16 26 26 24 5 24 18 13 17 0 17 16 22 16 17 27
7 17 23 19 26 15 4 10 17 27 19 25 5 5 0 26 23 23 8 19
13 23 11 18 23 10 4 22 10 6 25 4 14 15 27 0 23 5 10 5
3 5 4 18 11 1 9 12 10 15 16 26 23 27 16 24 0 14 14 14
25 20 22 3 6 2 18 15 9 8 19 4 18 5 18 19 11 0 6 12
16 18 8 10 22 27 16 20 9 13 6 21 10 18 6 15 6 16 0 16
26 22 25 9 5 2 26 15 16 20 18 15 19 23 7 3 7 2 24 0

0 25 21 3 21 17 8 19 5 23 8 17 19 18 14 15 14 4 4 25
9 0 16 16 12 27 24 15 18 13 16 8 7 4 10 8 23 11 2 6
12 22 0 10 12 23 11 27 10 21 14 11 3 8 1 14 20 15 6 17
2 21 19 0 6 13 7 7 25 6 22 15 7 24 27 5 6 22 1 8
1 10 3 1 0 2 11 24 3 4 20 25 10 17 26 15 11 9 7 2
19 26 4 13 12 0 20 4 2 25 14 10 19 12 20 16 13 14 4 11
25 22 18 24 21 9 0 8 18 13 9 1 5 1 24 5 10 3 24 10
4 6 16 7 27 14 22 0 7 19 7 13 20 16 8 22 8 2 11 18
12 23 5 9 1 5 16 22 0 24 18 12 20 17 27 18 14 1 10 4
6 16 25 4 17 15 9 12 9 0 20 18 16 7 21 20 10 10 2 12
17 11 26 27 19 15 3 6 21 27 0 3 17 16 3 14 21 19 12 24
17 8 2 7 9 18 14 24 19 5 21 0 20 7 3 2 21 10 24 26
12 7 9 5 18 21 16 21 9 11 26 17 0 18 21 27 4 16 17 22
20 2 23 5 21 1 16 13 10 8 25 27 12 0 15 12 3 21 18 6
7 25 5 16 27 4 8 27 23 8 1 13 8 8 0 27 12 11 13 7
2 1 5 6 21 26 14 26 25 19 11 27 21 20 13 0 20 17 21 15
12 23 22 23 17 9 19 15 1 6 19 18 17 17 18 4 0 2 13 15
8 13 16 27 1 14 3 23 11 19 26 3 26 14 1 16 10 0 6 22
19 19 4 1 17 18 21 23 12 13 22 17 23 14 9 16 1 12 0 22
9 8 6 13 5 2 1 3 13 26 22 4 7 15 13 9 27 5 18 0

0 6 8 15 25 13 2 2 11 25 12 25 1 16 20 24 26 20 14 25
25 0 5 26 13 25 4 7 5 11 7 26 25 14 11 5 5 16 6 23
9 4 0 12 7 7 22 2 5 9 24 17 18 27 13 2 19 14 16 12
1 20 27 0 21 12 3 27 9 17 11 24 20 11 9 20 5 17 6 27
22 7 27 21 0 27 26 16 26 25 9 8 27 25 22 3 3 5 15 25
16 4 5 7 27 0 16 23 4 17 2 18 20 15 7 9 10 26 12 9
14 2 24 8 8 10 0 13 11 11 18 20 27 2 19 7 6 1 1 19
21 27 9 24 2 5 6 0 13 10 3 26 11 20 25 6 4 26 3 18
6 13 23 15 17 7 15 24 0 24 26 2 4 7 16 23 13 6 8 7
11 1 16 5 11 27 16 11 17 0 27 23 1 25 24 9 23 26 13 20
22 5 9 19 24 6 8 12 26 2 0 24 12 15 22 16 12 9 9 12
18 4 13 26 13 16 19 12 15 16 9 0 24 12 13 24 27 15 5 14
25 6 9 20 16 1 4 22 4 20 16 19 0 6 2 23 1 20 27 10
12 4 2 12 22 16 20 19 24 23 24 12 7 0 19 2 19 18 25 19
10 27 3 24 8 22 15 27 27 1 14 8 4 13 0 18 27 14 21 11
19 15 13 3 18 7 18 23 1 19 15 7 15 11 15 0 20 15 9 5
24 10 17 11 21 24 15 11 14 18 18 19 27 19 16 27 0 6 17 2
17 5 14 18 3 4 14 15 21 13 17 5 21 14 23 25 23 0 20 13
20 16 5 4 25 18 10 18 8 4 2 13 2 7 9 24 21 21 0 23
14 7 22 16 25 6 2 19 3 16 13 7 5 11 24 8 18 13 24 0

0 14 18 12 24 22 17 19 15 16 4 22 15 12 5 18 5 1 19 25
25 0 3 7 25 8 13 10 8 23 22 26 19 7 12 15 22 12 14 13
26 22 0 16 3 8 21 12 18 26 17 20 12 22 21 19 25 8 26 23
7 27 12 0 1 1 5 11 21 17 2 6 20 7 4 15 10 27 25 8
26 5 9 20 0 20 13 23 10 13 8 12 11 20 19 19 20 8 4 6
9 7 18 17 3 0 18 20 17 20 9 27 25 25 7 16 11 20 14 13
19 25 13 15 1 27 0 1 6 8 8 19 5 19 21 14 19 24 1 2
23 7 3 16 24 12 1 0 1 11 25 6 19 1 19 5 27 2 1 9
1 8 4 9 27 3 10 6 0 17 25 21 12 19 15 22 9 1 23 23
14 15 24 1 8 24 10 13 19 0 23 19 25 11 8 6 17 17 2 9
19 17 12 19 4 18 10 15 12 24 0 15 6 7 6 10 22 6 17 10
22 24 13 18 24 16 12 20 24 8 5 0 23 25 2 19 6 26 15 27
27 12 11 4 23 2 16 15 22 6 16 18 0 18 3 25 27 18 8 18
6 1 7 11 22 2 14 5 20 21 9 10 10 0 10 22 5 21 26 23
27 24 10 16 17 12 8 20 7 27 27 11 10 26 0 7 18 16 20 16
25 25 20 1 22 21 21 13 22 18 16 8 27 20 9 0 17 26 3 24
9 13 10 8 22 25 1 4 22 23 16 23 10 4 25 2 0 25 17 19
24 15 17 14 21 12 19 8 26 19 13 2 5 18 6 22 20 0 6 14
21 20 1 14 16 5 1 17 17 24 26 2 3 18 20 7 11 14 0 9
8 8 8 11 10 12 15 2 8 23 16 26 21 1 15 18 27 18 16 0
