30 10 3
10    1  4 21    1  7 26    2  9 16  2 16    2  2 34  5 34    1  3 55    2  8 52  7 52    2  5 95  7 95    3  6 71  9 71  3 71    2  1 21  0 21    3  0 53  6 53  2 53
10    2  8 77  2 77    2  5 98  1 98    2  1 42  5 42    3  7 66  3 66  0 66    1  2 31    2  3 39  8 39    1  6 77    1  9 79    3  4 55  8 55  0 55    2  0 12  8 12
10    3  2 64  3 64  9 64    1  4 92    3  3 34  9 34  2 34    2  1 19  5 19    1  8 62    1  6 54    3  7 43  2 43  1 43    1  0 83    2  9 79  1 79    2  5 37  3 37
10    3  0 93  9 93  1 93    1  8 24    3  3 69  1 69  2 69    2  7 38  2 38    1  5 77    3  2 87  1 87  3 87    3  4 60  2 60  1 60    1  6 41    2  1 87  0 87    2  9 83  0 83
10    2  9 77  1 77    1  0 44    2  4 96  3 96    2  8 79  0 79    1  6 75    1  2 98    2  5 25  1 25    2  3 17  4 17    3  7 43  5 43  6 43    2  1 49  9 49
10    3  3 76  5 76  8 76    2  2 35  7 35    2  5 28  6 28    1  0 95    1  7 95    1  4 61    2  8 35  4 35    1  1 7    2  6 9  5 9    3  9 10  6 10  4 10
10    2  1 91  2 91    3  7 27  5 27  1 27    2  8 50  2 50    2  3 16  8 16    2  4 28  8 28    3  5 59  1 59  8 59    2  6 52  0 52    1  0 46    1  2 59    3  9 43  2 43  7 43
10    1  1 45    2  7 71  0 71    1  2 39    2  0 87  6 87    3  8 14  0 14  2 14    2  6 54  5 54    2  3 41  4 41    1  9 43    1  5 9    1  4 20
10    3  2 37  1 37  4 37    3  3 26  9 26  7 26    3  4 33  1 33  8 33    1  9 42    3  0 78  8 78  9 78    1  6 89    2  7 8  0 8    3  8 66  0 66  5 66    2  1 28  4 28    1  5 33
10    3  1 74  0 74  7 74    3  0 69  4 69  5 69    2  5 84  9 84    1  3 27    2  9 81  3 81    3  7 45  2 45  5 45    1  8 69    1  2 94    1  6 78    3  4 96  3 96  6 96
10    3  5 76  3 76  6 76    3  7 32  0 32  1 32    1  6 18    2  0 20  1 20    1  3 87    1  2 17    2  9 25  7 25    2  4 24  0 24    2  1 31  6 31    3  8 81  2 81  4 81
10    3  9 97  5 97  8 97    2  8 90  3 90    1  5 28    3  7 86  5 86  0 86    2  0 58  6 58    2  1 72  6 72    3  2 23  5 23  3 23    2  6 76  5 76    1  3 99    3  4 45  7 45  8 45
10    2  9 48  8 48    2  5 27  3 27    1  6 67    1  7 62    2  4 98  2 98    1  0 42    1  1 46    1  8 27    3  3 48  2 48  4 48    3  2 17  0 17  4 17
10    2  9 80  8 80    2  3 19  6 19    1  5 28    2  1 12  7 12    2  4 94  5 94    1  6 63    3  7 98  3 98  4 98    3  8 50  4 50  7 50    3  0 80  7 80  9 80    1  2 50
10    3  2 50  4 50  9 50    2  1 41  7 41    3  4 61  0 61  9 61    3  8 79  2 79  7 79    2  5 14  0 14    3  9 72  1 72  4 72    2  7 18  9 18    3  3 55  0 55  5 55    1  6 37    1  0 75
10    2  9 22  3 22    3  5 57  8 57  0 57    1  4 75    2  2 14  8 14    3  7 65  0 65  8 65    3  3 96  5 96  8 96    1  1 71    3  0 47  2 47  1 47    2  8 79  2 79    3  6 60  2 60  1 60
10    2  3 32  6 32    1  2 69    1  4 44    3  1 31  8 31  6 31    3  9 51  8 51  4 51    3  0 33  8 33  7 33    2  6 34  2 34    1  5 58    1  7 47    3  8 58  6 58  5 58
10    1  8 66    3  7 40  0 40  3 40    3  2 17  1 17  7 17    2  0 62  7 62    1  9 38    1  5 8    3  6 15  4 15  3 15    3  3 29  4 29  9 29    2  1 44  3 44    2  4 97  0 97
10    2  3 50  5 50    1  2 58    2  6 21  4 21    1  4 63    2  7 57  1 57    1  8 32    2  5 20  4 20    1  9 87    1  0 57    2  1 39  3 39
10    2  4 20  6 20    2  6 67  0 67    1  1 85    1  2 90    3  7 70  9 70  5 70    2  0 84  7 84    2  8 30  7 30    2  5 56  7 56    1  3 61    3  9 15  4 15  6 15
10    1  6 29    2  0 82  7 82    3  4 18  5 18  0 18    1  3 38    2  7 21  5 21    2  8 50  9 50    2  1 23  7 23    3  5 84  6 84  4 84    2  2 45  5 45    1  9 41
10    1  3 54    2  9 37  6 37    2  6 62  8 62    3  5 16  7 16  2 16    2  0 52  9 52    2  8 57  1 57    3  4 54  7 54  9 54    3  2 38  7 38  9 38    1  7 74    2  1 52  8 52
10    2  4 79  6 79    2  1 61  8 61    2  8 11  1 11    2  0 81  3 81    2  7 89  4 89    2  6 89  3 89    1  5 57    1  3 68    2  9 81  4 81    1  2 30
10    3  9 24  4 24  2 24    3  1 66  7 66  0 66    1  4 32    1  3 33    2  8 8  5 8    1  2 20    1  6 84    3  0 91  2 91  6 91    1  7 55    1  5 20
10    1  3 54    2  2 64  0 64    1  6 83    2  9 40  1 40    1  7 8    2  0 7  2 7    3  4 19  0 19  3 19    3  5 56  6 56  4 56    1  1 39    2  8 7  1 7
10    2  1 6  8 6    3  4 74  3 74  5 74    1  0 63    3  2 64  8 64  0 64    2  9 15  7 15    3  6 42  1 42  9 42    1  7 98    1  8 61    2  5 40  7 40    1  3 91
10    2  1 80  0 80    1  3 75    2  0 26  8 26    2  2 87  6 87    1  9 22    2  7 39  6 39    1  8 24    1  4 75    1  6 44    2  5 6  8 6
10    1  5 8    1  3 79    2  6 61  2 61    2  1 15  4 15    1  0 12    2  7 43  5 43    2  8 26  6 26    2  9 22  7 22    2  2 20  9 20    3  4 80  5 80  9 80
10    2  1 36  4 36    3  0 63  3 63  2 63    2  7 10  4 10    2  4 22  3 22    1  3 96    2  5 40  1 40    2  9 5  4 5    1  8 18    1  6 33    3  2 62  1 62  3 62
10    1  4 8    2  8 15  7 15    2  2 64  4 64    3  3 95  0 95  2 95    1  1 96    3  6 38  9 38  4 38    1  7 18    3  9 23  8 23  3 23    1  5 64    3  0 89  6 89  2 89

0 24 11 17 14 17 10 7 11 13 22 19 3 7 3 20 9 24 16 7 3 5 18 16 9 1 13 5 4 8
4 0 17 15 18 21 16 21 19 1 15 15 9 1 25 14 10 23 5 18 15 16 25 4 3 7 18 19 14 4
2 14 0 5 19 18 5 23 13 12 10 8 5 17 12 2 5 15 2 1 2 19 13 14 9 12 13 25 19 8
1 13 16 0 19 19 17 12 15 22 5 14 1 21 17 18 20 13 15 6 6 11 12 25 23 21 17 11 8 15
5 1 20 4 0 10 18 21 3 11 11 1 23 25 20 22 16 14 13 18 19 21 8 9 16 3 21 12 7 23
2 19 7 24 24 0 5 7 8 14 5 8 5 16 13 7 23 14 15 15 15 3 10 10 12 15 10 3 10 22
10 22 5 6 23 3 0 5 13 4 12 1 2 17 4 24 19 16 2 8 22 1 23 15 21 7 24 18 22 23
6 17 18 20 24 11 11 0 23 8 24 3 1 2 18 20 14 19 6 11 21 24 1 13 12 14 15 22 1 25
7 11 19 5 11 18 16 4 0 13 22 21 15 24 9 2 21 1 14 11 25 17 6 3 15 25 15 4 9 9
11 20 1 1 9 8 8 13 22 0 23 7 21 18 24 16 5 3 22 5 9 21 19 1 8 5 2 12 5 11
13 4 7 23 6 21 19 11 5 20 0 10 4 19 18 25 5 2 1 10 21 3 7 21 9 6 9 13 17 5
4 15 13 9 23 13 16 14 9 3 20 0 5 20 1 12 8 25 13 1 7 10 4 6 21 15 7 21 23 25
10 19 1 5 25 1 20 4 16 15 8 16 0 2 3 7 24 2 9 4 2 18 1 25 23 15 16 17 19 9
7 15 9 11 23 23 12 1 18 12 11 4 22 0 4 8 3 5 24 4 18 11 8 12 16 11 7 23 18 20
22 2 10 12 3 10 5 21 3 2 16 25 9 13 0 23 9 20 1 4 10 20 7 8 12 25 9 18 6 17
7 3 17 2 4 20 17 2 16 8 1 4 20 21 10 0 24 24 22 24 21 6 7 23 11 18 20 7 18 18
7 17 5 22 20 25 3 19 3 7 20 1 20 8 15 8 0 14 4 1 9 19 8 4 18 2 17 3 3 14
13 11 15 25 20 3 12 13 13 11 1 24 13 19 6 18 19 0 1 9 20 24 19 9 2 19 2 20 17 23
16 7 3 10 17 6 6 6 23 5 13 18 22 7 9 15 25 16 0 17 23 2 14 1 21 20 1 24 8 25
9 9 11 16 14 4 8 21 9 1 12 15 16 20 20 22 25 23 22 0 22 17 15 20 22 21 8 20 7 6
15 8 2 25 1 14 24 9 10 12 18 23 3 10 4 9 24 12 12 23 0 10 9 3 11 10 21 25 13 5
24 19 11 1 1 25 15 14 16 12 24 22 1 15 11 7 1 20 23 1 5 0 3 4 4 19 4 16 23 8
24 16 19 2 5 21 10 15 17 7 12 3 2 22 6 9 5 5 1 7 6 21 0 10 7 16 25 21 14 12
17 18 20 19 1 15 12 25 9 19 15 13 15 19 24 12 9 25 24 19 10 13 18 0 18 16 20 10 2 1
9 5 24 10 10 8 16 21 5 14 10 1 24 18 22 20 18 10 16 1 16 15 19 5 0 20 7 1 13 24
8 24 12 23 25 4 2 5 6 5 5 3 22 19 10 22 11 18 7 5 6 12 13 6 3 0 14 17 22 14
22 5 6 21 2 2 12 21 22 9 24 3 16 6 3 16 25 2 3 23 18 1 14 6 11 3 0 1 12 13
25 18 6 7 15 22 7 1 15 23 12 3 20 9 11 7 14 8 11 13 5 7 9 1 1 3 25 0 17 11
11 4 17 21 12 8 2 24 6 14 25 14 1 16 23 24 25 2 12 20 23 3 24 17 12 5 3 18 0 1
18 18 9 17 12 8 14 8 10 10 16 9 6 18 22 23 22 13 18 12 20 2 6 25 2 20 20 12 16 0

0 12 13 13 1 25 2 14 18 6 8 7 24 24 8 1 8 22 11 4 10 25 6 11 10 15 8 3 11 17
3 0 7 21 25 18 14 14 12 6 9 19 18 18 19 23 10 16 25 9 23 1 23 2 2 23 17 14 8 21
9 12 0 17 3 4 25 3 22 6 10 21 1 9 18 10 19 23 3 8 2 5 16 23 2 25 9 14 5 9
3 22 11 0 15 22 15 4 13 9 15 24 6 14 20 12 14 4 24 4 3 6 4 14 2 13 22 6 21 23
19 24 2 14 0 22 15 7 16 7 25 17 5 21 12 6 1 23 12 10 2 11 7 12 11 1 21 24 15 3
6 13 4 24 18 0 12 8 6 25 6 20 16 18 10 11 12 5 11 17 2 21 12 3 11 21 3 17 6 4
5 15 21 24 9 24 0 8 3 18 13 15 4 2 18 15 23 19 2 12 7 4 21 8 2 23 18 25 18 12
12 10 12 10 13 4 22 0 24 1 24 2 15 4 6 23 4 23 10 13 19 20 19 8 16 23 3 4 3 18
12 24 5 6 20 6 9 9 0 22 8 25 18 4 12 24 9 8 7 20 25 5 9 15 23 23 11 23 4 2
2 4 8 21 23 17 6 21 13 0 17 16 2 21 16 14 21 13 1 14 19 18 11 3 12 6 15 3 8 12
16 4 24 3 15 18 23 17 2 11 0 4 1 23 14 3 22 4 6 5 16 9 12 12 18 9 8 3 11 22
21 22 7 20 5 23 3 20 10 25 25 0 12 4 16 15 15 1 14 4 14 22 5 16 20 7 16 12 18 25
20 20 4 4 11 6 14 14 9 1 3 22 0 24 22 13 6 12 9 20 9 1 4 13 18 23 12 20 3 9
14 9 1 25 10 9 12 15 4 11 12 10 19 0 9 11 7 14 14 17 20 7 11 23 3 21 21 2 9 8
10 23 23 21 12 19 5 12 13 17 6 11 21 14 0 5 5 6 9 14 17 1 2 24 2 25 3 23 4 17
22 5 8 11 20 17 24 21 4 14 14 6 25 2 22 0 17 12 5 6 23 23 25 14 4 16 4 13 6 24
10 13 7 9 12 19 20 19 14 2 24 12 23 24 8 18 0 17 6 7 11 2 14 15 2 1 5 7 16 15
10 8 13 7 17 4 21 10 1 18 4 24 2 8 6 8 16 0 4 18 18 7 13 17 12 6 22 19 2 1
3 11 4 2 13 2 11 2 1 1 22 19 15 4 6 23 6 8 0 4 2 24 22 5 16 16 2 10 9 12
24 22 11 22 4 19 6 14 17 11 9 24 1 17 3 6 12 8 17 0 13 11 19 24 5 14 6 14 16 2
2 5 1 3 2 19 2 17 19 20 15 9 16 9 10 7 10 14 18 25 0 17 13 25 23 25 22 10 12 13
8 17 22 3 16 7 10 15 7 21 6 24 7 14 24 6 11 13 22 17 6 0 11 10 12 15 11 23 7 14
15 19 11 8 1 9 5 19 6 25 20 1 4 21 12 25 1 9 16 10 21 24 0 8 6 12 1 22 14 18
11 8 16 17 18 10 12 6 25 11 18 24 22 11 8 9 9 9 9 20 6 14 4 0 25 4 2 24 16 5
23 24 1 6 18 22 11 2 1 1 24 3 18 18 10 1 4 16 12 5 14 10 8 21 0 20 23 14 25 9
17 10 12 15 23 23 23 24 16 13 9 4 8 7 7 5 12 12 19 15 2 12 7 14 17 0 24 25 17 16
17 16 11 13 13 18 10 25 8 24 1 3 14 22 16 18 1 15 1 20 6 8 18 11 20 9 0 1 25 18
15 7 20 4 7 21 2 23 1 21 10 23 21 14 16 4 20 8 14 12 19 2 16 21 24 25 25 0 16 21
13 20 12 20 20 6 19 18 19 8 25 10 16 6 23 14 23 12 4 12 20 23 17 17 17 15 5 18 0 25
14 5 24 11 20 7 20 22 2 2 2 12 15 5 13 19 20 1 17 7 19 19 25 19 6 24 24 6 7 0

0 11 11 11 6 7 21 19 24 19 20 5 21 24 5 2 19 23 10 24 24 11 2 2 17 11 15 12 3 16
7 0 12 2 15 18 6 8 19 9 10 5 14 1 8 3 15 25 4 19 16 1 22 9 11 12 14 3 19 9
16 6 0 4 3 5 2 21 19 18 15 10 12 25 18 22 6 3 5 23 3 8 10 19 3 1 9 13 2 13
17 9 19 0 17 8 8 10 9 7 4 3 9 25 8 11 9 20 6 23 20 15 9 21 3 19 3 12 4 12
19 11 7 9 0 2 10 23 2 3 4 1 1 10 10 2 25 22 4 13 12 8 11 5 21 5 3 17 14 4
15 23 6 23 18 0 6 19 14 24 21 7 12 7 3 6 9 2 22 3 21 17 2 14 5 24 17 3 20 2
20 22 9 3 1 25 0 15 14 16 3 5 14 22 7 8 5 17 3 23 8 19 13 16 11 9 8 9 20 7
13 21 20 6 19 21 24 0 10 3 5 5 3 13 16 7 12 9 17 19 2 7 13 16 8 25 6 4 25 12
8 10 14 14 6 5 1 4 0 8 22 2 5 23 21 5 18 22 14 16 22 3 12 22 15 20 6 24 23 5
14 9 22 10 21 14 9 19 6 0 10 7 7 13 18 8 4 14 14 1 1 15 24 17 9 1 5 10 12 2
6 1 7 10 12 8 23 12 21 25 0 5 16 18 11 10 9 9 7 19 7 23 14 16 14 10 17 6 23 7
18 15 10 11 19 23 10 23 18 24 14 0 17 3 15 18 25 15 19 17 16 24 22 25 6 16 6 19 19 7
16 7 15 7 17 21 9 3 11 15 6 13 0 16 10 19 11 16 1 16 17 9 4 15 3 8 3 13 7 4
23 9 12 6 21 16 9 16 13 8 11 24 1 0 16 14 23 10 11 16 6 22 7 3 5 14 17 18 23 2
15 5 1 21 23 3 11 16 22 4 13 12 14 1 0 16 25 15 16 5 22 12 23 25 11 10 25 21 1 16
3 5 5 22 20 18 8 22 19 6 19 3 24 5 24 0 17 8 24 11 7 4 5 22 13 17 19 9 1 16
11 24 10 16 10 17 8 8 21 1 15 14 7 12 18 14 0 19 24 5 5 17 2 21 14 21 12 16 25 10
19 14 13 1 20 24 10 11 17 16 5 24 8 4 9 7 25 0 20 13 11 1 21 7 22 9 15 14 25 22
9 8 11 16 6 19 16 25 1 24 2 8 2 7 13 4 7 9 0 17 1 9 24 18 19 8 13 8 14 14
7 7 6 11 2 12 7 19 23 2 24 10 6 10 11 20 4 25 11 0 12 15 3 12 6 21 17 13 12 4
1 25 22 4 7 8 24 20 2 21 10 1 10 24 2 11 1 24 15 10 0 24 7 21 6 3 3 23 22 10
8 24 9 25 9 4 23 25 10 19 23 22 8 2 23 23 7 19 8 9 10 0 4 13 20 1 18 22 8 19
10 1 18 21 18 15 19 25 1 1 16 14 11 11 9 22 3 3 1 23 23 22 0 15 2 22 15 11 9 3
18 20 6 7 18 17 23 25 16 2 23 21 2 8 17 16 12 3 18 11 2 12 10 0 8 22 12 1 10 5
11 4 8 1 6 18 12 14 13 24 11 13 3 25 9 9 2 10 1 19 14 22 23 1 0 4 5 1 12 22
4 22 1 21 24 16 9 2 19 5 22 10 21 4 21 5 11 21 8 18 4 11 16 20 11 0 24 19 15 20
19 21 16 17 2 9 6 7 4 18 20 2 18 8 4 3 23 13 22 20 22 16 23 11 16 8 0 24 13 2
15 11 18 23 8 5 20 2 22 25 9 19 15 22 6 16 12 24 9 21 10 25 19 20 14 12 8 0 4 12
11 10 11 4 23 25 1 16 17 8 10 16 17 14 25 6 6 2 25 1 24 4 11 7 12 20 1 18 0 2
20 17 2 8 11 4 20 13 1 5 8 21 7 11 25 2 25 8 24 1 14 9 12 8 16 14 7 7 1 0

0 5 7 8 21 16 25 21 1 15 12 14 18 22 2 25 21 20 14 9 2 19 14 13 11 1 6 3 14 25
8 0 7 7 8 22 13 20 6 23 15 13 8 6 18 19 10 23 1 15 14 12 10 19 12 19 9 12 18 17
25 18 0 5 18 1 12 12 8 19 6 13 24 7 11 19 14 10 14 17 5 1 5 4 17 5 9 19 8 2
11 19 12 0 6 4 11 19 21 22 3 19 23 20 22 15 5 5 7 5 19 11 1 17 16 10 10 20 12 9
18 7 13 13 0 2 23 20 2 17 5 12 17 11 11 22 16 20 17 5 15 14 17 4 19 15 23 16 2 4
9 25 15 6 2 0 21 17 1 24 6 6 9 19 12 18 20 12 20 15 21 5 10 13 24 4 10 1 9 2
23 3 10 12 14 3 0 7 3 9 16 19 21 9 8 2 23 15 23 25 10 9 13 23 9 24 25 6 18 20
1 5 23 1 20 2 14 0 9 21 10 20 15 21 16 11 3 24 7 10 13 11 19 11 20 13 14 6 13 4
9 17 14 16 12 19 24 19 0 12 16 4 9 8 12 20 8 24 14 19 17 25 10 19 19 25 5 4 12 9
23 16 24 13 4 2 23 8 8 0 2 5 14 10 3 16 18 9 5 18 13 19 14 17 19 23 6 23 3 25
16 21 1 18 3 9 10 24 6 25 0 4 18 17 20 18 22 15 18 13 3 18 12 12 17 18 25 7 10 25
23 5 1 12 12 11 6 10 12 25 20 0 22 20 21 13 7 21 8 22 12 10 12 7 22 3 9 24 20 10
6 20 16 11 15 11 18 3 7 1 24 19 0 6 18 18 24 7 13 13 2 23 18 1 10 23 12 18 3 9
7 13 2 8 23 1 20 16 2 4 19 25 19 0 23 2 13 17 12 5 17 12 18 22 17 24 24 15 17 10
22 3 5 8 22 19 7 16 25 18 1 3 24 12 0 22 8 24 23 14 20 4 2 10 12 2 16 14 19 5
16 20 3 2 25 21 3 20 12 5 14 13 23 18 22 0 22 18 1 2 16 4 10 11 1 2 14 5 21 14
4 18 16 24 11 22 16 16 10 25 14 9 10 21 4 25 0 18 14 8 17 14 24 14 24 12 8 12 22 8
12 19 17 2 6 6 15 13 20 4 1 14 4 14 3 11 22 0 8 18 8 23 24 3 22 1 16 19 19 10
22 14 9 24 1 17 3 23 19 7 17 7 4 15 7 2 10 17 0 15 2 15 6 24 14 17 25 16 17 7
19 18 16 12 7 24 11 6 20 14 25 8 9 18 1 5 22 14 16 0 8 18 5 1 16 3 6 10 21 20
5 24 20 1 10 20 12 4 12 6 23 23 22 22 16 10 1 23 6 23 0 17 1 21 19 16 12 2 1 6
6 12 2 2 9 11 20 12 25 8 5 14 19 23 16 19 20 8 20 12 24 0 19 23 12 20 13 4 12 12
22 6 21 23 14 24 13 14 9 19 9 12 4 2 18 1 21 22 20 2 13 15 0 10 8 12 1 12 25 17
19 8 18 17 25 3 6 14 24 19 21 20 6 15 9 19 2 15 5 3 19 22 11 0 6 21 1 1 21 9
4 12 21 1 19 8 21 20 7 5 5 15 20 17 11 22 15 22 6 21 1 19 23 6 0 22 1 1 11 22
21 20 16 5 17 10 5 1 19 15 22 18 2 17 7 21 15 22 21 5 8 4 4 13 20 0 21 20 3 25
20 23 1 15 7 7 23 18 11 21 13 11 4 21 12 10 25 7 17 20 23 11 16 18 13 18 0 22 8 17
14 24 25 24 13 19 13 1 5 17 16 20 23 12 19 25 24 20 6 5 7 21 11 6 7 21 13 0 13 5
25 12 9 18 1 7 7 8 16 13 6 8 18 25 19 6 3 22 10 20 7 2 1 17 5 4 15 18 0 8
14 6 12 20 4 11 11 6 11 6 19 21 2 21 13 12 16 18 6 3 5 23 9 9 6 8 12 22 2 0

0 15 21 16 8 13 21 11 22 11 24 13 10 17 2 23 20 1 22 8 17 12 19 13 2 25 20 12 23 11
14 0 11 12 3 12 13 9 14 20 11 2 15 23 8 24 23 12 18 4 15 25 20 6 25 24 10 23 2 25
16 7 0 17 25 13 7 1 11 4 22 2 1 14 5 6 7 7 22 17 5 7 20 25 23 11 5 15 20 24
3 11 22 0 24 24 21 20 6 17 22 11 15 1 20 10 19 13 24 10 23 19 18 17 5 10 3 22 10 16
8 19 23 1 0 1 12 20 5 8 12 24 13 8 10 18 15 16 7 2 21 15 8 16 23 23 24 24 5 24
13 16 4 6 8 0 4 10 22 16 20 22 19 14 17 24 2 16 19 7 2 7 20 20 16 4 18 15 17 8
8 9 16 3 24 4 0 23 11 12 5 4 11 12 23 21 14 14 14 17 3 15 8 2 12 14 10 20 15 7
6 8 7 20 15 21 7 0 19 23 5 23 21 25 22 14 13 18 7 13 3 15 1 25 22 20 9 16 12 17
15 1 8 24 8 13 11 10 0 7 9 13 3 1 20 9 8 23 16 21 18 3 15 3 10 15 2 8 18 11
18 10 11 19 10 4 23 11 5 0 5 16 8 21 8 6 3 21 14 20 3 25 1 20 4 13 20 6 15 17
23 14 11 7 2 23 2 16 25 12 0 11 11 17 5 1 25 12 25 25 24 17 3 17 3 17 10 11 24 7
21 3 23 3 10 20 5 5 6 2 15 0 17 13 19 4 15 20 15 1 4 1 20 10 15 11 17 7 25 6
7 1 15 3 4 15 6 15 11 19 22 2 0 3 16 6 2 12 20 20 22 15 2 2 7 21 7 2 6 18
16 22 15 21 5 14 12 11 24 21 19 18 10 0 23 25 10 23 19 22 19 16 21 15 16 23 24 13 1 3
16 4 2 4 11 10 12 6 9 1 1 8 4 25 0 7 19 25 20 25 16 4 14 10 7 21 3 19 21 14
8 8 23 12 20 3 11 21 16 24 22 15 3 21 6 0 4 6 6 5 9 11 3 9 17 6 22 16 5 5
5 17 5 24 11 9 23 7 10 1 15 15 25 15 15 16 0 21 9 3 20 25 23 19 23 20 24 19 6 1
2 6 7 13 23 11 3 16 25 17 7 5 19 6 23 15 21 0 8 21 15 13 16 1 12 19 14 1 22 6
13 8 15 17 5 9 1 15 11 1 23 6 24 7 19 9 23 5 0 14 22 20 9 6 10 25 25 23 20 2
20 5 15 10 1 3 15 16 3 20 16 17 15 17 20 6 11 24 7 0 13 24 18 6 16 22 17 13 3 2
9 15 4 19 18 13 25 19 19 17 6 24 25 22 15 15 4 12 1 2 0 19 13 1 15 1 12 21 8 1
24 4 21 12 23 25 7 20 13 23 4 23 14 9 24 7 24 8 21 7 8 0 25 5 8 14 21 19 15 20
21 20 4 13 22 17 4 18 23 2 3 12 10 20 23 14 13 25 17 6 3 25 0 16 15 4 17 3 6 22
24 21 23 2 9 13 18 25 8 20 25 6 6 4 8 11 13 18 25 19 17 9 12 0 22 6 7 13 16 2
19 12 25 8 12 10 23 14 14 5 18 9 13 19 15 25 3 8 7 23 3 7 21 9 0 10 1 8 14 23
8 10 5 2 12 20 4 11 24 5 11 3 16 19 16 21 16 3 5 20 9 6 7 24 16 0 11 12 10 23
21 4 10 20 20 3 4 23 15 3 8 21 7 24 24 20 10 14 14 11 8 18 1 9 16 6 0 19 14 11
13 8 6 22 6 15 25 1 1 18 4 12 25 22 10 13 20 12 1 2 16 19 6 25 5 10 23 0 25 21
14 19 14 9 2 19 5 20 15 5 15 2 22 4 2 13 12 13 14 21 1 20 21 3 20 17 9 22 0 9
24 16 3 11 16 6 15 9 4 18 7 5 11 25 19 7 17 24 25 8 24 12 23 15 16 6 18 4 20 0

0 20 13 15 21 15 3 14 20 19 1 3 16 6 17 6 9 8 3 5 23 6 10 13 24 6 5 20 20 3
24 0 19 25 7 3 7 16 22 18 12 23 22 23 4 7 8 22 9 13 19 11 16 5 2 13 15 17 20 25
7 15 0 2 6 19 5 21 8 2 9 1 22 7 7 12 1 22 14 3 14 18 10 16 18 4 11 8 19 6
16 10 10 0 3 10 1 22 17 25 12 25 18 18 21 13 5 21 12 10 5 11 20 19 16 12 24 23 17 21
18 8 6 2 0 12 16 18 13 4 4 22 23 4 19 25 15 10 22 7 8 10 2 21 22 9 7 24 9 8
22 21 4 5 8 0 3 11 18 3 19 16 21 1 13 12 19 20 20 6 14 3 21 3 24 4 8 18 15 18
25 5 16 11 19 23 0 5 16 4 11 10 14 17 12 10 18 5 11 10 15 6 4 7 3 11 8 5 24 8
11 6 8 12 12 13 6 0 24 1 24 15 7 24 3 2 16 6 23 19 21 21 23 12 6 20 11 10 1 3
14 11 11 11 16 16 2 9 0 20 4 7 24 7 17 15 15 11 11 19 6 21 17 22 5 8 24 8 25 7
4 24 11 2 16 15 3 23 10 0 2 12 16 7 20 10 15 12 24 12 20 23 19 17 15 20 9 4 15 4
11 13 5 11 18 4 25 2 19 1 0 24 20 2 8 15 8 2 17 5 6 22 14 13 8 3 10 15 14 12
1 22 6 14 8 13 22 22 10 14 25 0 11 12 10 7 5 22 4 6 20 6 6 6 12 19 21 24 17 15
8 15 16 13 21 15 14 13 16 18 4 16 0 1 15 8 2 9 16 7 21 20 2 9 5 6 18 10 2 13
11 20 5 14 14 6 24 23 19 23 21 23 16 0 15 23 3 7 24 2 6 24 19 20 7 7 6 19 11 6
6 23 16 3 2 13 14 16 15 11 2 1 21 8 0 22 4 7 18 9 12 12 4 9 19 14 7 5 8 19
16 21 20 1 23 8 8 14 17 6 12 22 23 22 6 0 10 9 1 11 19 10 6 2 13 8 4 4 13 6
22 25 21 8 3 15 15 18 24 15 12 22 22 7 9 18 0 19 20 11 18 7 6 21 2 16 13 8 20 1
12 7 6 24 5 21 20 22 9 15 12 5 2 12 16 1 16 0 4 24 8 20 22 3 14 20 16 19 1 21
22 13 1 7 15 19 6 4 18 3 18 18 4 21 24 17 3 20 0 21 14 1 4 1 15 9 25 4 23 3
25 20 24 25 11 18 10 11 10 23 16 23 13 19 15 3 25 23 15 0 17 11 19 3 2 23 21 7 12 2
1 9 4 22 3 24 6 21 3 1 2 13 17 15 1 13 22 4 10 22 0 9 19 18 25 10 7 11 24 12
23 24 9 18 12 3 1 20 20 24 10 13 12 12 2 25 11 9 14 9 4 0 24 9 16 6 7 4 11 4
17 17 22 8 15 22 16 11 7 8 8 23 5 3 17 11 3 18 5 7 10 20 0 23 1 21 13 13 8 11
1 14 17 17 13 9 3 18 21 9 4 8 1 19 14 7 9 3 20 22 1 18 5 0 20 12 17 8 21 9
25 16 8 5 17 23 24 3 3 15 13 4 14 22 12 21 7 15 5 23 22 10 10 24 0 23 13 5 19 13
25 10 20 17 4 12 6 9 13 23 8 2 8 17 2 3 11 14 5 23 2 10 2 9 12 0 25 13 6 18
18 8 9 6 24 7 5 15 16 22 24 7 17 20 9 21 3 19 24 7 15 3 21 5 20 13 0 20 4 10
19 20 13 3 6 17 7 2 24 8 10 20 23 24 11 1 17 14 9 17 8 5 19 7 23 12 5 0 7 2
22 21 25 3 12 8 6 11 4 2 10 13 18 18 24 15 17 11 15 1 18 4 6 11 25 19 6 5 0 1
3 12 23 20 2 21 14 14 9 3 15 4 12 24 22 18 10 1 16 23 21 11 20 4 9 3 16 17 2 0

0 7 7 14 12 19 10 8 8 21 20 9 12 18 8 18 6 19 18 23 14 10 3 22 1 15 25 6 17 12
7 0 24 11 23 4 19 9 10 18 3 13 1 4 18 10 9 24 13 20 4 10 13 13 4 14 12 18 6 16
18 5 0 19 3 15 3 24 21 1 20 2 15 22 1 24 12 10 25 22 20 11 2 20 13 21 19 7 9 5
2 25 13 0 22 10 25 7 2 8 24 9 16 12 24 5 8 14 4 20 18 4 22 20 15 22 23 22 21 21
16 9 1 22 0 15 14 22 7 11 12 6 25 21 1 1 24 20 13 10 19 25 1 24 1 15 14 12 2 25
14 21 24 11 12 0 5 18 2 20 11 10 4 13 19 19 1 5 2 2 15 9 13 16 2 20 21 5 19 3
13 4 21 19 16 16 0 14 11 25 22 21 15 9 3 15 22 24 3 17 14 7 12 4 11 17 16 21 25 10
4 15 22 5 20 18 23 0 12 21 9 10 15 7 6 23 24 5 5 21 5 20 13 7 11 5 16 6 3 19
10 23 10 19 9 18 1 20 0 1 24 10 9 1 17 19 14 1 15 19 17 16 6 23 4 9 19 8 17 23
2 23 2 7 11 1 15 23 13 0 2 17 11 13 8 24 12 14 22 23 21 5 13 3 4 17 2 1 3 6
15 23 25 6 1 11 4 19 24 7 0 25 25 4 18 23 25 20 22 12 16 12 4 12 12 11 1 6 18 22
9 18 15 19 22 24 17 8 9 5 23 0 18 13 12 10 12 23 22 13 23 16 17 18 14 1 12 14 22 24
15 16 6 9 17 1 10 3 5 22 21 16 0 22 25 6 1 3 17 13 11 19 17 15 2 5 18 1 5 24
6 24 8 17 10 14 23 22 1 17 10 1 25 0 23 20 7 2 1 18 15 10 14 24 3 17 8 12 6 9
3 15 3 17 25 17 6 12 20 8 5 23 15 18 0 8 2 20 17 7 11 22 21 14 18 21 14 22 5 11
14 13 14 4 4 23 19 24 13 19 24 15 17 17 17 0 5 6 18 13 24 12 22 2 6 24 13 25 4 3
20 16 9 17 9 8 18 23 18 4 3 1 20 8 4 5 0 13 20 16 19 18 16 10 4 9 20 21 8 2
21 20 13 21 23 14 20 6 12 17 3 15 22 12 3 1 6 0 3 14 12 3 4 7 16 2 4 6 15 9
24 17 19 9 23 10 2 7 24 15 12 17 12 12 11 17 22 24 0 11 3 12 1 17 23 3 7 22 5 4
23 21 16 11 17 12 7 21 10 7 21 17 23 4 17 23 2 9 8 0 19 21 12 20 7 25 17 12 25 25
10 1 17 24 5 1 16 24 16 8 7 3 16 15 20 21 1 25 2 3 0 24 13 25 9 24 20 15 16 3
15 25 17 18 6 8 25 19 7 11 13 4 10 11 2 22 8 9 8 13 13 0 20 5 6 22 2 17 2 14
19 5 16 24 12 18 21 22 23 25 22 13 8 3 6 10 13 4 18 20 3 25 0 19 20 8 15 8 24 8
3 1 7 3 3 11 16 17 14 1 19 10 16 25 15 9 17 7 21 11 19 3 8 0 4 4 8 7 2 11
2 2 16 20 7 25 4 11 3 3 19 7 17 3 19 22 5 8 18 18 22 5 13 14 0 4 15 18 24 20
15 2 19 5 25 24 17 22 2 10 21 21 4 11 10 22 9 17 22 2 6 11 19 20 10 0 25 6 22 7
7 1 23 8 23 21 20 10 8 25 17 2 3 12 13 22 11 13 13 8 22 7 7 20 10 13 0 11 23 14
20 25 24 7 16 23 20 25 23 22 15 20 8 13 17 23 2 7 20 4 5 22 16 21 14 22 25 0 8 12
21 16 3 15 8 8 16 1 7 7 21 7 4 4 19 15 11 14 2 11 15 8 11 14 5 3 16 7 0 3
14 23 13 10 17 10 7 16 18 6 25 24 19 1 12 10 9 24 16 14 22 10 7 3 12 3 12 17 1 0

0 25 7 17 5 22 25 11 18 18 25 17 22 6 7 8 3 5 23 8 14 22 18 21 22 21 23 10 5 3
23 0 17 23 9 9 22 13 12 14 2 11 17 21 6 25 12 5 4 12 12 21 6 8 1 8 14 8 3 1
25 20 0 3 9 8 15 7 23 12 10 17 13 24 12 10 10 20 1 14 5 16 19 21 7 24 15 25 5 17
22 21 14 0 14 22 10 8 6 25 18 7 10 14 16 12 3 13 18 12 1 3 15 25 19 20 22 19 25 4
20 10 24 6 0 25 3 7 19 1 19 7 16 6 21 16 25 10 17 3 14 4 16 21 5 9 10 24 13 20
6 9 1 23 14 0 8 12 9 11 18 4 9 16 18 6 25 5 6 17 17 11 19 17 3 10 4 15 17 23
19 20 14 21 7 4 0 13 18 11 11 25 2 5 20 3 15 11 3 22 24 18 16 13 14 4 11 12 14 21
11 11 13 21 20 25 25 0 10 7 5 25 9 12 14 16 11 23 10 16 9 6 15 19 2 2 12 15 25 18
12 24 5 21 1 17 6 17 0 4 2 3 21 4 18 21 21 6 20 8 10 7 24 17 6 7 21 3 4 23
22 8 17 25 5 16 19 4 7 0 19 4 9 5 12 23 22 13 25 21 24 3 9 11 6 24 16 11 11 19
5 1 19 21 8 24 23 5 15 23 0 6 20 5 22 9 3 22 9 11 7 22 16 1 4 5 9 13 14 2
13 22 13 20 10 20 7 11 10 1 10 0 12 23 22 15 21 15 22 16 13 17 4 23 11 21 9 2 20 20
5 14 15 7 15 6 15 6 16 19 15 11 0 4 7 18 15 7 18 12 18 5 24 5 17 24 4 21 15 21
13 9 20 16 17 2 6 2 22 14 22 10 25 0 21 10 15 18 18 19 16 17 6 6 18 19 11 17 4 6
17 7 16 23 4 21 10 24 23 10 17 19 9 22 0 8 11 1 7 17 15 4 24 2 6 16 15 6 15 2
16 16 9 20 24 7 24 14 9 11 23 9 9 11 10 0 6 2 19 21 25 1 7 22 24 3 10 14 5 18
4 2 21 14 18 1 7 14 15 8 8 2 20 4 25 1 0 22 17 24 18 4 15 14 14 25 16 16 25 13
5 6 23 1 18 11 15 25 3 6 2 8 19 10 13 15 1 0 10 3 2 1 14 25 20 10 7 16 25 11
2 21 15 6 5 8 22 11 13 17 5 19 23 7 18 24 3 4 0 14 2 11 9 6 3 8 6 24 6 24
8 21 15 3 23 3 11 5 12 1 10 13 14 17 6 14 17 1 14 0 3 14 7 18 3 17 4 6 25 4
7 10 21 24 17 13 24 23 4 11 20 12 7 10 17 24 8 9 22 24 0 21 24 25 11 1 20 2 18 1
25 11 6 22 5 17 23 23 4 10 18 25 2 21 14 24 3 1 9 22 1 0 11 25 11 25 4 5 3 24
3 13 2 24 4 8 3 7 20 21 23 17 23 10 7 16 12 9 14 21 7 3 0 24 7 15 13 3 12 17
15 2 19 5 16 2 12 16 3 6 16 13 24 1 22 15 20 5 8 16 1 25 18 0 24 4 5 19 6 11
6 1 22 10 1 25 25 2 13 22 7 8 2 12 21 14 4 22 17 24 9 1 12 23 0 11 6 2 6 6
22 7 12 7 11 12 18 15 4 20 15 1 16 3 5 16 9 12 10 5 23 1 12 3 4 0 18 7 1 3
20 25 9 20 14 19 21 8 4 5 17 15 23 18 7 2 3 23 14 18 2 12 8 12 19 15 0 12 2 8
20 7 15 6 19 11 18 9 13 1 7 9 2 12 11 15 18 3 3 3 2 6 7 14 1 19 9 0 16 2
2 17 1 10 23 7 14 2 18 7 2 3 2 10 2 6 2 14 24 2 24 25 19 5 10 18 18 4 0 19
9 15 8 9 15 7 17 24 22 6 9 9 2 1 8 2 6 9 10 17 18 5 20 7 24 11 10 5 2 0

0 13 24 15 17 23 15 9 1 7 4 12 19 3 18 9 19 18 8 20 23 12 18 2 17 9 6 17 16 1
25 0 16 15 3 9 10 1 8 13 4 9 15 9 20 7 21 21 13 13 7 18 11 20 2 11 25 3 17 25
22 18 0 20 14 21 23 4 23 3 12 16 5 9 19 4 10 4 25 18 21 18 19 14 17 11 16 25 1 9
25 13 2 0 19 9 10 14 9 8 7 19 13 23 5 15 12 15 5 2 8 20 2 16 10 14 16 3 23 17
17 19 3 8 0 16 16 22 19 16 19 20 19 23 21 24 7 25 11 17 22 13 16 2 16 14 9 5 4 24
15 22 4 1 16 0 18 4 25 17 7 15 21 17 5 19 11 1 19 20 10 6 6 14 1 23 5 15 23 17
10 3 19 8 23 12 0 18 10 17 12 22 6 14 12 2 18 11 6 20 10 14 24 1 23 21 5 3 11 3
15 18 12 15 20 7 20 0 15 1 9 19 18 16 19 17 12 21 4 21 13 10 20 25 14 13 10 4 9 11
15 24 19 12 18 23 11 4 0 1 17 13 22 10 6 9 1 21 17 18 11 14 23 22 20 17 19 6 2 9
2 3 7 8 18 13 9 21 21 0 23 25 3 10 15 16 20 3 25 1 12 7 13 23 24 15 10 22 10 7
24 4 19 23 23 13 3 12 12 20 0 7 3 5 21 11 19 7 1 14 21 19 13 21 14 9 10 19 14 11
11 7 7 23 4 12 25 13 5 8 4 0 25 5 11 23 1 6 4 13 17 13 18 3 18 22 4 21 17 1
6 16 10 11 9 12 15 22 23 3 9 22 0 7 20 10 6 7 7 16 7 6 13 14 13 21 3 24 23 14
11 18 12 4 20 20 1 21 4 7 24 22 24 0 9 14 16 5 14 5 20 21 11 11 11 1 15 21 1 9
3 24 16 11 6 24 2 3 5 8 3 11 1 4 0 5 13 16 17 8 13 9 23 25 4 9 19 24 23 19
18 19 5 5 5 2 13 21 17 15 1 20 21 25 22 0 25 3 7 3 23 6 24 8 11 16 21 25 4 9
23 19 10 21 19 1 16 8 2 18 24 16 10 18 8 18 0 22 6 18 16 16 19 1 25 4 14 11 25 12
10 7 11 9 16 16 16 9 17 12 17 20 15 20 2 24 25 0 18 14 6 4 14 14 10 10 11 24 11 12
14 2 14 16 22 2 15 15 10 3 20 18 23 14 8 13 1 4 0 22 6 3 19 6 10 16 7 2 10 13
16 7 18 12 21 2 22 10 8 3 13 24 20 3 23 17 17 18 7 0 1 21 3 16 14 2 25 9 11 5
20 7 13 14 21 9 7 25 23 23 22 23 19 20 16 19 9 8 5 18 0 5 7 19 6 16 24 22 15 17
19 22 15 20 3 15 12 23 9 15 23 11 4 4 15 12 22 14 22 14 14 0 4 15 6 22 4 19 11 8
14 6 5 12 23 24 2 2 24 2 2 4 2 5 1 6 16 5 22 12 1 22 0 15 7 11 13 22 24 25
24 14 25 8 3 18 13 11 23 14 6 4 2 20 19 8 3 25 3 7 4 17 20 0 1 21 13 9 17 22
13 10 14 2 17 5 8 17 24 1 15 5 8 19 10 4 20 13 3 8 7 15 25 5 0 10 17 11 3 14
4 6 12 24 18 2 8 3 14 1 2 24 24 11 13 5 2 13 22 5 16 16 11 13 16 0 7 17 17 17
9 15 19 6 11 13 14 8 21 6 9 23 20 11 7 5 24 9 5 9 9 20 23 5 6 5 0 23 6 1
14 5 7 16 25 12 19 17 24 6 23 4 20 15 3 2 21 9 3 20 7 6 20 24 18 24 14 0 22 16
11 23 23 23 18 12 22 10 8 23 5 18 25 20 2 2 17 19 1 4 9 10 18 12 14 12 12 12 0 4
12 1 7 21 16 13 13 21 21 1 25 2 18 1 12 24 9 2 9 25 25 17 14 8 1 5 5 15 4 0

0 17 20 15 22 4 9 18 24 2 24 9 8 15 4 5 1 2 10 6 20 4 25 21 2 14 17 1 18 14
18 0 24 1 23 21 23 24 23 12 11 9 6 3 18 4 15 2 24 25 11 13 16 19 16 9 5 22 7 5
21 15 0 21 22 24 10 17 4 7 4 24 16 16 18 19 25 4 2 14 9 4 12 17 24 20 12 14 5 8
13 3 12 0 19 13 12 4 12 16 4 1 10 23 7 9 16 6 8 22 13 20 12 6 2 21 15 25 23 17
4 19 10 9 0 19 10 18 16 19 16 21 11 2 23 11 23 16 5 11 14 2 18 10 22 2 13 13 7 25
24 5 4 6 10 0 20 14 24 1 3 17 8 9 2 12 23 6 18 24 2 24 24 11 22 21 17 1 4 8
24 22 5 13 14 24 0 17 15 21 19 11 10 12 6 22 15 2 14 5 25 7 22 22 1 2 5 25 4 16
12 9 7 23 1 13 22 0 24 14 8 5 10 20 13 4 4 7 11 18 20 22 14 3 16 23 13 23 23 17
18 22 12 19 23 8 22 22 0 8 24 7 21 12 25 16 1 3 21 17 13 16 18 13 7 9 17 18 18 23
5 17 16 3 6 9 20 23 10 0 24 19 5 1 15 3 3 20 23 24 24 22 18 11 22 9 17 10 21 12
2 9 1 24 2 12 23 3 13 19 0 14 22 13 16 12 3 19 12 18 22 24 5 4 22 12 20 21 6 18
3 5 15 23 13 9 8 4 25 12 12 0 6 17 20 20 19 5 8 7 25 6 1 15 21 6 17 20 12 8
15 14 14 23 22 20 25 12 25 13 2 15 0 17 15 8 19 9 23 22 13 6 11 23 23 21 21 21 1 8
18 6 4 2 9 16 17 13 15 16 19 17 2 0 1 12 8 18 9 18 20 10 14 3 12 24 1 16 15 25
1 10 3 24 13 17 17 2 25 21 20 12 18 7 0 3 15 14 2 24 9 24 11 1 9 23 13 17 1 16
23 15 16 18 16 3 20 23 9 19 13 24 25 20 25 0 12 20 6 6 3 5 2 10 9 2 20 24 9 14
18 15 14 11 13 17 23 19 14 16 22 22 4 18 18 2 0 18 8 22 16 18 13 20 12 22 21 24 24 5
16 3 6 17 22 8 6 12 1 23 20 19 6 13 5 2 22 0 6 14 19 21 2 2 14 17 11 14 7 4
6 16 8 5 4 8 13 3 8 19 16 13 5 18 17 7 10 18 0 2 13 15 13 1 17 3 2 5 23 18
3 2 18 25 12 11 10 9 22 15 23 7 17 5 8 19 16 16 9 0 23 20 15 11 1 25 23 16 10 2
13 16 16 13 19 9 11 3 23 6 11 10 16 25 5 4 7 24 10 2 0 8 7 17 25 21 20 24 25 6
24 16 10 24 20 7 17 7 12 5 1 19 7 17 15 1 6 6 13 22 13 0 13 12 21 11 10 10 25 23
17 6 25 20 22 4 6 9 17 5 3 9 5 2 8 22 14 7 4 6 17 18 0 14 10 7 14 1 4 18
6 10 22 10 16 20 2 6 21 18 2 24 10 3 13 8 22 1 13 7 4 23 16 0 25 20 18 3 12 16
12 24 13 12 11 7 23 14 25 14 8 22 5 22 19 24 13 21 10 17 16 6 23 25 0 24 1 14 25 4
2 11 12 5 5 18 10 13 22 3 22 16 15 13 14 11 21 11 25 2 16 2 2 2 4 0 15 3 24 15
15 25 10 17 15 2 25 1 6 12 3 5 18 15 1 13 19 11 19 12 15 3 9 3 3 13 0 24 6 17
9 2 10 7 20 25 23 14 11 3 10 17 9 22 9 19 11 13 20 14 7 10 16 22 17 23 12 0 25 23
18 1 9 10 9 12 22 25 24 6 21 21 24 21 17 25 16 22 6 13 4 18 9 22 20 19 14 16 0 6
19 12 18 11 7 18 8 25 25 12 24 4 17 3 20 25 20 1 18 2 19 8 3 13 18 2 13 11 3 0
