30 10 9
10    3  2 51  4 51  9 51    5  0 59  2 59  5 59  6 59  7 59    5  1 35  4 35  6 35  7 35  9 35    7  1 73  2 73  3 73  4 73  5 73  8 73  9 73    7  2 65  3 65  4 65  5 65  7 65  8 65  9 65    3  0 27  1 27  8 27    5  0 13  5 13  6 13  8 13  9 13    7  0 81  1 81  2 81  3 81  5 81  6 81  8 81    5  4 32  6 32  7 32  8 32  9 32    5  1 74  4 74  6 74  7 74  8 74
10    6  0 64  1 64  3 64  4 64  5 64  8 64    7  1 33  2 33  3 33  6 33  7 33  8 33  9 33    4  1 75  3 75  4 75  5 75    6  0 33  1 33  2 33  5 33  6 33  9 33    5  0 10  1 10  5 10  8 10  9 10    4  0 28  2 28  3 28  8 28    7  1 38  3 38  4 38  6 38  7 38  8 38  9 38    3  3 53  5 53  6 53    4  3 49  4 49  8 49  9 49    3  1 55  2 55  5 55
10    5  0 83  1 83  4 83  5 83  6 83    4  1 23  3 23  4 23  9 23    5  0 72  2 72  3 72  7 72  9 72    6  0 7  2 7  3 7  6 7  8 7  9 7    5  5 72  6 72  7 72  8 72  9 72    3  0 6  2 6  8 6    7  1 39  4 39  5 39  6 39  7 39  8 39  9 39    5  1 52  5 52  7 52  8 52  9 52    1  8 90    5  2 21  3 21  4 21  7 21  8 21
10    5  3 82  6 82  7 82  8 82  9 82    5  0 23  1 23  2 23  3 23  6 23    5  2 93  3 93  5 93  7 93  9 93    5  1 78  3 78  4 78  6 78  7 78    5  1 88  2 88  3 88  5 88  6 88    6  0 53  2 53  3 53  5 53  7 53  9 53    4  1 28  2 28  7 28  9 28    3  5 65  6 65  8 65    6  3 21  4 21  5 21  6 21  8 21  9 21    4  0 61  2 61  3 61  4 61
10    2  0 41  4 41    5  0 12  1 12  6 12  7 12  9 12    4  0 12  2 12  8 12  9 12    5  2 77  3 77  4 77  5 77  7 77    4  1 70  2 70  3 70  6 70    5  0 24  4 24  5 24  6 24  7 24    5  0 81  1 81  2 81  6 81  9 81    5  0 73  3 73  4 73  5 73  7 73    4  1 62  2 62  5 62  8 62    3  2 6  8 6  9 6
10    5  1 98  2 98  4 98  5 98  8 98    6  0 28  1 28  3 28  4 28  6 28  7 28    4  1 42  2 42  4 42  6 42    5  0 72  3 72  7 72  8 72  9 72    5  0 15  2 15  3 15  6 15  7 15    7  1 15  2 15  3 15  4 15  6 15  8 15  9 15    5  0 94  1 94  3 94  5 94  9 94    3  0 33  2 33  6 33    4  1 51  5 51  6 51  7 51    5  1 99  3 99  7 99  8 99  9 99
10    4  0 32  2 32  8 32  9 32    2  6 22  8 22    4  0 96  3 96  5 96  9 96    2  2 15  4 15    6  1 78  4 78  5 78  6 78  7 78  9 78    5  0 31  1 31  3 31  4 31  8 31    4  1 7  3 7  5 7  8 7    4  1 94  2 94  3 94  9 94    5  1 23  2 23  4 23  5 23  6 23    4  3 86  6 86  7 86  8 86
10    3  1 93  3 93  7 93    7  1 97  2 97  3 97  5 97  6 97  7 97  8 97    2  3 43  6 43    3  0 73  3 73  5 73    4  0 24  3 24  4 24  9 24    4  2 68  4 68  7 68  8 68    7  0 88  2 88  5 88  6 88  7 88  8 88  9 88    5  1 42  2 42  5 42  6 42  7 42    7  0 35  3 35  4 35  6 35  7 35  8 35  9 35    8  0 72  1 72  2 72  3 72  4 72  5 72  6 72  8 72
10    3  2 14  4 14  6 14    6  0 44  1 44  2 44  3 44  6 44  7 44    5  0 13  3 13  5 13  7 13  8 13    4  0 67  1 67  4 67  5 67    2  0 63  1 63    4  0 49  1 49  3 49  7 49    7  0 5  1 5  2 5  3 5  5 5  7 5  8 5    5  0 17  1 17  3 17  4 17  8 17    4  0 85  4 85  6 85  9 85    5  2 66  3 66  4 66  5 66  9 66
10    8  0 82  1 82  2 82  3 82  5 82  7 82  8 82  9 82    8  0 15  1 15  2 15  3 15  4 15  5 15  8 15  9 15    5  1 72  3 72  5 72  8 72  9 72    3  4 26  5 26  9 26    5  0 8  1 8  3 8  4 8  7 8    5  1 68  2 68  6 68  7 68  9 68    7  0 21  1 21  2 21  3 21  4 21  6 21  7 21    4  2 45  3 45  6 45  8 45    7  1 99  2 99  4 99  5 99  6 99  7 99  8 99    3  2 27  5 27  7 27
10    8  0 93  1 93  2 93  3 93  4 93  5 93  6 93  9 93    4  1 23  3 23  6 23  7 23    6  0 51  1 51  3 51  4 51  8 51  9 51    3  0 54  4 54  8 54    4  2 49  3 49  5 49  7 49    8  0 96  1 96  2 96  3 96  4 96  5 96  6 96  9 96    5  0 56  1 56  2 56  3 56  9 56    2  6 36  9 36    4  1 53  4 53  5 53  8 53    3  3 52  7 52  8 52
10    3  0 60  3 60  8 60    5  0 14  1 14  2 14  5 14  7 14    7  1 70  2 70  4 70  5 70  6 70  7 70  9 70    4  1 55  2 55  6 55  9 55    3  1 23  5 23  9 23    7  1 83  2 83  3 83  4 83  5 83  6 83  7 83    4  3 38  4 38  7 38  8 38    4  2 24  4 24  7 24  9 24    3  1 37  6 37  7 37    3  3 48  6 48  9 48
10    3  0 62  5 62  7 62    5  1 15  2 15  3 15  4 15  7 15    4  0 69  5 69  7 69  8 69    5  4 23  5 23  6 23  8 23  9 23    4  1 82  4 82  7 82  8 82    7  0 26  2 26  5 26  6 26  7 26  8 26  9 26    1  4 45    6  1 33  2 33  4 33  5 33  6 33  7 33    3  2 12  3 12  7 12    4  0 37  2 37  4 37  8 37
10    6  1 72  3 72  6 72  7 72  8 72  9 72    6  1 9  2 9  3 9  4 9  5 9  8 9    6  2 15  4 15  6 15  7 15  8 15  9 15    1  5 28    4  0 92  2 92  8 92  9 92    7  0 12  4 12  5 12  6 12  7 12  8 12  9 12    3  0 59  1 59  2 59    3  1 64  2 64  3 64    5  0 87  2 87  4 87  6 87  8 87    7  0 73  1 73  2 73  3 73  6 73  7 73  9 73
10    4  0 50  3 50  6 50  7 50    3  0 14  1 14  6 14    4  4 90  7 90  8 90  9 90    5  1 46  3 46  4 46  5 46  9 46    5  0 71  2 71  3 71  5 71  9 71    7  2 48  3 48  4 48  5 48  6 48  7 48  8 48    3  2 80  4 80  5 80    3  1 61  2 61  9 61    7  0 24  1 24  4 24  5 24  6 24  8 24  9 24    7  0 44  1 44  2 44  3 44  5 44  6 44  8 44
10    4  0 22  2 22  5 22  8 22    4  4 94  5 94  6 94  9 94    5  1 16  4 16  5 16  6 16  8 16    5  1 73  3 73  4 73  6 73  9 73    7  0 54  1 54  2 54  3 54  4 54  7 54  9 54    4  5 54  7 54  8 54  9 54    6  0 46  1 46  4 46  7 46  8 46  9 46    6  1 97  5 97  6 97  7 97  8 97  9 97    4  1 61  2 61  6 61  8 61    4  4 75  5 75  7 75  9 75
10    4  1 55  4 55  8 55  9 55    5  1 67  2 67  3 67  4 67  9 67    5  4 77  6 77  7 77  8 77  9 77    3  4 30  7 30  8 30    7  1 6  2 6  4 6  5 6  6 6  7 6  8 6    6  0 32  1 32  4 32  6 32  8 32  9 32    2  2 47  8 47    3  0 93  2 93  5 93    6  2 6  3 6  6 6  7 6  8 6  9 6    3  0 40  1 40  8 40
10    4  0 30  1 30  4 30  8 30    5  1 98  3 98  4 98  6 98  9 98    3  3 79  7 79  9 79    3  0 22  5 22  8 22    4  2 79  6 79  8 79  9 79    4  2 7  4 7  7 7  9 7    3  2 36  3 36  8 36    5  0 36  3 36  5 36  6 36  9 36    6  0 9  1 9  2 9  5 9  6 9  7 9    4  4 92  5 92  8 92  9 92
10    4  0 37  5 37  6 37  8 37    4  3 72  4 72  7 72  8 72    5  2 52  3 52  5 52  7 52  9 52    2  1 31  4 31    2  1 82  5 82    6  0 54  1 54  5 54  6 54  7 54  9 54    3  3 7  5 7  7 7    4  0 82  2 82  6 82  7 82    6  2 73  3 73  6 73  7 73  8 73  9 73    1  0 49
10    5  1 73  2 73  7 73  8 73  9 73    5  0 83  2 83  3 83  5 83  9 83    4  0 45  3 45  4 45  7 45    1  2 76    3  0 43  4 43  7 43    7  0 29  2 29  3 29  4 29  6 29  8 29  9 29    4  0 35  2 35  4 35  5 35    5  1 92  4 92  5 92  6 92  8 92    4  1 39  6 39  7 39  8 39    6  1 28  2 28  4 28  6 28  7 28  8 28
10    4  2 58  5 58  6 58  8 58    6  0 26  3 26  6 26  7 26  8 26  9 26    6  1 48  2 48  3 48  4 48  6 48  7 48    2  6 52  8 52    6  0 34  1 34  3 34  4 34  6 34  7 34    4  2 96  3 96  4 96  6 96    4  0 70  5 70  7 70  8 70    6  2 98  3 98  4 98  6 98  8 98  9 98    4  1 80  3 80  4 80  7 80    5  0 94  3 94  4 94  6 94  9 94
10    5  1 70  2 70  3 70  7 70  9 70    7  0 23  1 23  2 23  3 23  4 23  6 23  8 23    5  0 26  2 26  3 26  5 26  7 26    5  1 14  2 14  3 14  4 14  5 14    6  2 90  3 90  4 90  6 90  7 90  8 90    2  0 93  2 93    4  0 21  3 21  4 21  9 21    4  0 42  1 42  2 42  7 42    3  1 18  6 18  7 18    5  1 36  3 36  6 36  7 36  9 36
10    5  2 28  4 28  6 28  7 28  9 28    7  0 76  1 76  2 76  5 76  6 76  7 76  9 76    5  0 25  1 25  5 25  7 25  9 25    3  0 17  4 17  5 17    5  1 84  2 84  3 84  5 84  9 84    7  0 67  2 67  3 67  5 67  6 67  8 67  9 67    5  1 87  4 87  5 87  7 87  8 87    2  3 43  4 43    6  1 88  2 88  4 88  5 88  6 88  9 88    2  2 84  5 84
10    2  6 30  7 30    4  0 91  3 91  5 91  7 91    7  0 52  2 52  3 52  4 52  5 52  7 52  8 52    3  1 80  4 80  9 80    3  0 21  1 21  6 21    5  0 8  4 8  5 8  6 8  7 8    5  1 37  4 37  5 37  8 37  9 37    4  2 15  3 15  5 15  6 15    5  1 12  4 12  6 12  7 12  8 12    4  1 92  3 92  4 92  8 92
10    5  1 28  3 28  5 28  8 28  9 28    8  0 7  1 7  3 7  4 7  6 7  7 7  8 7  9 7    4  1 46  4 46  7 46  9 46    6  2 92  3 92  6 92  7 92  8 92  9 92    5  2 77  3 77  6 77  7 77  9 77    5  0 15  2 15  3 15  6 15  7 15    6  0 69  2 69  5 69  6 69  8 69  9 69    2  7 54  8 54    9  0 47  1 47  2 47  3 47  4 47  6 47  7 47  8 47  9 47    3  3 39  5 39  7 39
10    7  1 50  3 50  4 50  6 50  7 50  8 50  9 50    6  3 44  4 44  5 44  6 44  8 44  9 44    2  2 64  8 64    7  0 38  3 38  4 38  5 38  6 38  7 38  8 38    6  0 93  1 93  2 93  4 93  6 93  8 93    4  1 33  4 33  6 33  7 33    4  3 75  4 75  5 75  7 75    7  0 41  2 41  3 41  4 41  5 41  6 41  7 41    5  1 24  2 24  5 24  7 24  9 24    7  0 5  1 5  2 5  3 5  6 5  8 5  9 5
10    5  1 94  2 94  5 94  7 94  8 94    2  0 17  7 17    5  1 87  2 87  3 87  5 87  6 87    7  0 21  1 21  2 21  3 21  5 21  8 21  9 21    2  1 92  8 92    2  7 28  9 28    3  1 61  3 61  4 61    2  0 63  4 63    4  1 34  3 34  5 34  6 34    3  1 77  4 77  5 77
10    4  0 72  3 72  6 72  9 72    5  0 98  2 98  4 98  6 98  8 98    5  2 5  3 5  6 5  7 5  9 5    3  2 28  4 28  5 28    4  2 9  3 9  5 9  7 9    4  0 95  1 95  5 95  9 95    6  0 64  2 64  3 64  6 64  8 64  9 64    7  1 43  2 43  3 43  5 43  6 43  7 43  9 43    5  0 50  3 50  4 50  5 50  7 50    5  3 96  4 96  5 96  7 96  9 96
10    4  0 85  4 85  6 85  8 85    4  1 85  2 85  7 85  9 85    4  2 39  5 39  7 39  8 39    7  0 98  1 98  3 98  4 98  6 98  8 98  9 98    4  0 24  5 24  6 24  7 24    4  3 71  4 71  5 71  6 71    6  1 60  2 60  3 60  5 60  8 60  9 60    7  0 55  1 55  2 55  4 55  6 55  7 55  8 55    3  1 22  4 22  9 22    4  5 35  6 35  8 35  9 35
10    3  3 78  7 78  9 78    5  0 49  4 49  5 49  6 49  9 49    5  0 46  1 46  2 46  3 46  4 46    6  1 11  4 11  5 11  6 11  7 11  8 11    5  0 90  3 90  4 90  6 90  9 90    5  0 20  1 20  3 20  5 20  7 20    5  0 34  1 34  7 34  8 34  9 34    7  2 6  3 6  4 6  5 6  6 6  7 6  8 6    3  1 70  4 70  9 70    4  0 74  3 74  8 74  9 74

0 7 24 17 23 7 4 17 14 14 20 12 11 9 14 16 8 2 2 14 11 3 12 10 1 2 3 2 18 18
7 0 18 7 11 5 4 23 18 24 20 13 5 26 16 5 19 20 26 2 20 12 22 7 18 18 2 17 25 15
24 7 0 11 24 13 1 26 21 5 19 25 19 2 9 6 26 26 5 14 15 7 4 17 5 25 13 2 9 21
4 25 15 0 13 21 15 18 5 13 21 1 23 13 6 17 3 25 13 1 17 3 6 11 20 9 26 4 21 10
7 10 8 9 0 21 15 9 6 18 20 5 3 10 15 12 17 20 4 26 3 3 1 4 7 19 19 23 4 21
14 13 21 23 14 0 19 18 13 16 23 3 7 19 13 17 15 1 15 5 14 15 6 2 2 3 9 11 10 11
25 16 4 26 19 4 0 8 6 2 21 23 1 5 20 14 24 10 23 13 11 2 13 16 16 11 7 8 4 8
24 21 12 13 8 7 4 0 18 25 21 24 7 15 24 8 4 18 1 25 21 7 3 6 22 24 4 5 8 19
24 1 23 23 18 2 16 4 0 2 24 26 13 12 12 26 1 17 19 9 14 6 25 22 10 8 9 23 23 9
17 12 14 18 16 7 5 23 25 0 17 13 19 24 22 1 20 8 9 17 13 1 4 21 1 1 1 1 23 5
13 3 17 10 8 4 1 9 2 20 0 3 9 18 11 18 12 24 10 20 24 3 2 18 22 14 26 3 4 14
19 2 22 23 17 7 21 7 4 6 21 0 16 24 20 14 3 1 23 20 5 26 2 14 19 15 18 13 8 4
8 16 14 15 12 14 3 12 26 5 9 12 0 17 21 2 2 22 16 18 11 26 4 18 9 2 22 14 15 5
8 14 3 22 16 5 16 19 13 17 8 10 13 0 10 26 3 11 14 12 17 1 21 17 13 8 26 8 5 23
12 22 7 15 5 12 14 5 16 4 15 13 2 16 0 7 21 20 8 16 25 5 14 13 13 15 3 21 19 3
1 16 12 17 12 12 2 2 18 7 11 15 18 6 3 0 24 11 2 16 8 22 14 3 12 3 13 19 14 24
23 15 26 21 25 19 20 10 22 2 19 16 25 21 24 26 0 1 19 7 7 9 14 21 6 14 24 2 13 8
3 14 23 3 14 18 17 18 18 12 9 7 19 1 7 25 12 0 16 25 17 6 9 13 2 21 5 20 8 19
20 20 21 22 5 24 20 11 17 4 8 2 25 6 1 8 22 12 0 16 20 25 3 9 3 21 24 16 1 3
13 20 6 16 9 8 11 20 23 5 16 6 4 8 16 18 12 12 9 0 12 20 19 26 19 16 10 3 15 14
18 2 9 20 11 21 6 14 18 13 19 19 18 1 18 25 3 19 10 1 0 7 4 9 26 1 19 11 23 7
20 23 9 5 13 25 22 4 25 8 13 9 21 6 1 26 22 11 7 13 22 0 4 4 10 12 2 21 9 3
12 14 21 20 6 22 22 8 25 6 13 24 23 14 24 26 1 16 4 18 12 1 0 18 9 16 7 5 16 4
6 22 11 10 21 5 23 25 11 14 21 1 17 3 3 12 18 22 11 19 26 3 21 0 8 6 26 2 22 18
9 7 22 10 5 15 20 11 26 19 21 5 7 15 7 5 19 8 17 19 11 8 23 9 0 11 21 8 22 22
14 13 2 24 12 16 16 25 16 2 2 10 9 12 15 11 13 25 20 18 17 10 18 22 12 0 20 4 2 17
22 14 24 19 22 14 12 3 18 25 17 14 13 20 18 17 22 23 10 21 22 19 16 12 8 15 0 6 8 22
6 26 22 11 6 15 9 23 25 14 1 17 10 23 5 25 12 19 19 8 15 23 1 7 20 7 13 0 22 24
26 19 26 26 16 3 18 26 10 16 22 8 14 2 2 14 5 10 23 14 7 21 26 23 15 4 20 5 0 19
12 10 17 3 19 15 18 15 19 15 21 12 12 21 15 9 6 23 23 21 19 26 8 3 18 11 2 16 19 0

0 2 7 16 14 19 15 15 25 16 3 14 8 6 17 10 18 16 11 8 21 25 23 26 9 14 26 4 6 12
12 0 4 7 18 11 7 11 23 11 1 25 15 11 10 10 18 6 15 22 21 12 18 24 26 1 14 21 3 19
1 3 0 3 24 12 14 6 18 1 10 22 11 14 17 2 7 13 23 25 9 1 8 7 25 25 25 17 14 25
13 15 23 0 16 25 12 11 4 24 25 5 7 24 13 10 26 16 25 2 10 16 8 2 23 26 2 7 17 7
18 22 11 16 0 1 2 6 24 11 3 18 17 25 14 1 24 18 4 5 15 14 4 5 21 23 7 24 21 12
24 13 13 5 2 0 3 7 19 15 8 25 8 13 8 16 23 15 17 12 15 17 19 18 17 1 21 9 18 16
13 16 6 8 18 4 0 13 2 7 4 1 26 1 9 26 19 7 18 21 22 13 22 8 19 23 18 10 7 25
11 10 13 23 2 12 25 0 25 25 6 20 26 11 16 20 18 19 25 19 9 15 6 16 3 22 10 9 16 19
6 17 11 7 25 19 26 16 0 23 17 12 3 1 8 1 4 8 16 4 5 19 13 9 17 4 24 12 20 12
8 19 2 19 5 17 6 10 20 0 13 10 17 26 5 23 20 10 7 17 16 25 17 2 18 17 14 15 8 2
5 11 4 19 16 25 15 26 18 10 0 3 8 6 18 10 11 25 17 15 21 23 11 13 18 13 7 8 22 9
25 5 6 11 6 26 15 2 15 16 10 0 9 6 2 4 24 5 20 22 11 14 4 7 1 10 18 4 19 26
23 21 10 8 5 17 13 7 3 21 14 11 0 25 5 26 2 6 21 22 1 11 24 25 20 8 14 2 25 17
7 13 23 7 5 19 19 18 4 4 9 18 18 0 6 2 23 8 6 14 6 23 6 3 20 26 18 6 9 26
26 21 11 24 18 13 21 5 18 17 23 9 22 26 0 4 8 12 15 7 26 4 21 19 20 6 16 6 7 13
8 12 6 26 10 14 5 20 15 10 23 4 23 20 6 0 21 2 1 7 17 7 4 5 22 16 16 14 2 26
5 21 17 19 20 13 16 3 8 5 20 22 10 24 24 20 0 17 13 12 26 21 18 24 6 16 20 2 11 6
23 26 7 1 24 10 20 14 16 7 24 26 20 17 22 4 11 0 1 18 15 6 10 6 2 3 13 21 20 6
3 20 11 19 17 10 7 25 22 18 2 25 16 18 3 2 12 15 0 23 16 10 26 14 8 26 26 16 6 19
10 3 1 7 2 22 12 20 26 20 8 12 20 18 15 7 26 7 26 0 9 4 23 11 20 24 5 18 7 6
3 15 6 14 8 4 6 23 19 8 13 23 6 9 6 8 1 4 13 14 0 20 14 21 22 11 24 20 7 13
23 17 4 6 23 3 8 14 7 11 26 21 4 17 11 4 8 20 21 7 10 0 13 4 17 25 13 3 3 26
8 6 1 2 20 11 25 6 18 11 10 24 23 23 17 4 14 14 12 11 14 12 0 19 17 1 13 23 23 6
3 8 8 16 15 19 25 8 9 16 12 5 18 11 1 14 4 11 18 5 1 24 20 0 12 26 24 23 12 19
11 17 5 21 9 20 4 15 26 6 4 5 4 19 18 18 3 5 3 8 14 23 13 17 0 1 1 19 3 13
21 20 25 10 5 15 15 26 26 11 22 17 24 22 6 5 13 8 21 6 21 22 1 9 2 0 5 14 24 12
7 15 10 16 24 10 19 22 1 12 25 11 5 11 15 20 26 3 11 19 1 15 18 6 16 10 0 4 25 5
1 8 18 20 5 2 3 6 14 16 10 1 12 1 25 19 24 1 26 13 17 24 7 9 19 13 4 0 14 16
25 3 25 2 9 24 10 18 24 4 12 21 22 11 10 17 21 4 25 3 24 10 8 9 1 20 4 23 0 14
13 8 2 9 15 24 3 3 24 3 6 19 22 21 11 18 19 6 3 12 16 7 18 25 18 24 9 24 14 0

0 20 14 16 23 23 9 18 7 23 1 8 18 20 4 4 18 26 16 19 15 6 22 13 22 16 22 5 12 1
2 0 1 3 23 19 22 25 9 3 1 14 15 10 16 23 24 2 3 11 23 6 15 1 20 24 15 8 17 10
23 10 0 12 7 10 24 15 23 21 16 17 9 3 13 6 8 7 25 1 3 24 20 6 4 16 4 26 16 3
8 4 17 0 15 19 5 14 1 13 4 4 4 1 3 7 26 16 3 23 22 12 8 16 9 11 24 4 23 8
22 12 19 17 0 3 11 21 11 7 2 19 1 19 12 21 21 19 12 16 17 2 7 10 1 10 22 19 10 19
2 16 4 13 15 0 6 14 24 1 19 13 8 9 24 17 7 19 9 15 9 11 8 12 22 25 13 22 13 25
5 13 20 3 18 2 0 25 12 3 7 19 14 1 21 22 23 18 24 4 24 5 10 8 13 23 5 3 21 17
18 9 23 10 21 21 7 0 23 1 17 14 18 5 26 13 9 25 17 8 3 4 22 18 21 17 15 5 6 13
12 9 17 26 8 5 12 9 0 9 13 11 6 15 21 26 16 7 1 1 24 10 8 19 16 9 4 3 17 15
11 4 3 20 20 26 8 13 20 0 12 13 14 8 5 22 9 22 5 18 24 13 16 14 21 14 22 20 23 1
7 22 18 8 14 14 10 3 11 15 0 8 11 5 9 2 10 11 1 9 2 20 14 17 18 12 25 15 14 24
10 3 17 9 8 1 9 5 17 2 14 0 25 8 12 2 24 25 7 11 18 21 3 13 24 15 13 16 15 12
17 20 14 19 13 21 6 19 20 20 24 9 0 26 17 14 25 7 8 1 18 5 23 5 6 18 20 5 14 11
23 25 12 25 6 23 8 15 19 6 26 17 10 0 3 17 25 8 18 26 11 14 26 1 14 22 19 16 7 24
6 23 17 6 18 19 15 15 17 9 8 14 23 5 0 3 26 12 21 19 4 6 1 8 18 19 11 25 8 3
8 13 6 8 3 5 19 1 18 13 3 18 10 17 4 0 16 23 14 13 24 22 3 2 22 21 10 20 4 20
9 6 11 15 26 4 12 11 26 6 2 13 18 15 5 17 0 14 5 2 14 3 1 25 12 25 11 9 7 20
21 8 8 10 19 11 4 19 14 1 1 26 9 14 19 11 24 0 19 11 10 8 4 12 3 24 23 17 14 20
23 11 24 23 4 4 24 20 3 13 13 21 1 12 3 5 12 18 0 26 9 9 15 9 9 11 15 1 24 10
26 7 23 7 2 7 16 8 20 19 2 26 8 15 22 4 18 8 25 0 22 25 21 6 6 17 8 25 20 17
6 23 11 22 19 4 16 20 8 7 8 2 20 12 7 26 10 15 22 11 0 26 25 10 9 3 8 9 13 2
21 5 10 26 13 11 3 19 26 25 7 1 19 19 23 22 8 16 19 16 23 0 18 26 20 9 25 8 12 2
16 7 11 4 24 15 9 2 17 4 18 4 23 26 9 9 17 16 18 15 15 10 0 2 17 21 4 3 18 1
14 26 1 21 14 3 13 10 3 22 15 10 10 4 12 8 24 24 18 13 15 10 23 0 8 3 2 9 9 17
15 8 3 1 7 7 21 7 11 6 22 7 6 16 6 21 26 14 10 5 19 4 2 9 0 26 21 1 6 2
24 24 17 23 17 18 22 6 19 26 8 10 10 9 26 23 9 23 8 12 13 2 13 18 25 0 15 13 2 8
7 5 11 20 25 5 2 24 4 1 17 14 19 23 17 6 22 26 12 8 4 13 14 14 17 4 0 15 11 26
12 10 3 13 3 16 3 20 3 14 2 13 24 1 4 17 21 8 21 17 12 7 8 11 25 9 13 0 24 7
16 9 11 16 14 1 11 21 1 25 22 22 8 11 26 13 16 22 5 13 19 2 11 13 1 26 8 9 0 3
17 4 11 11 3 13 4 10 3 15 20 4 26 18 14 19 24 24 22 2 22 16 8 16 4 14 25 17 24 0

0 19 21 14 12 23 9 15 21 13 6 12 18 11 17 11 7 5 13 18 18 6 26 20 6 19 26 2 11 18
15 0 8 12 16 14 5 17 12 6 6 26 4 19 6 20 23 14 9 8 10 12 20 22 6 19 19 1 13 13
16 19 0 4 26 26 5 11 13 24 23 12 8 4 5 9 2 12 2 13 8 13 16 23 22 22 2 6 25 10
25 15 17 0 3 25 15 19 20 3 4 5 22 7 15 4 8 4 15 20 1 15 3 10 12 18 6 7 1 19
10 5 15 12 0 18 6 6 3 18 22 19 12 6 15 1 9 23 23 5 2 15 18 15 23 5 18 17 18 19
4 13 20 20 12 0 12 17 5 19 4 15 19 7 9 6 14 19 15 24 25 10 4 22 13 26 23 3 3 23
10 26 25 24 9 17 0 2 9 23 9 20 5 25 25 24 8 5 22 21 17 10 13 7 15 1 23 10 7 15
8 13 18 6 16 18 26 0 18 17 5 19 11 22 25 14 21 17 6 23 21 14 5 3 11 2 8 14 4 11
2 16 17 23 25 6 13 19 0 4 6 11 8 9 24 13 6 20 22 10 9 5 20 15 13 9 14 1 9 8
14 14 23 2 24 5 13 10 16 0 10 17 14 22 19 14 2 25 16 8 5 8 25 21 26 7 1 16 3 3
18 26 4 17 20 4 1 5 8 23 0 19 21 1 5 2 10 4 15 3 15 6 23 15 6 25 23 8 1 18
18 15 13 23 4 13 11 4 18 3 14 0 12 22 18 6 22 22 12 8 25 7 4 8 15 24 7 10 4 19
4 23 23 26 26 23 3 25 4 9 21 8 0 21 14 24 1 6 25 12 1 14 18 19 6 25 15 12 24 8
21 16 5 24 7 13 2 20 23 13 11 19 13 0 25 4 26 22 2 5 20 17 1 18 25 26 11 21 17 7
3 26 5 22 24 4 9 22 25 19 3 24 23 12 0 7 16 12 10 22 6 15 6 26 18 16 26 25 19 15
20 22 7 11 24 5 2 5 13 13 19 22 9 23 13 0 25 26 10 9 7 20 24 4 12 5 19 12 12 3
16 2 4 6 5 20 11 7 23 20 15 18 5 11 25 6 0 10 7 25 3 24 2 21 11 17 8 11 16 15
3 14 10 23 4 14 15 26 5 22 16 6 16 20 14 18 13 0 10 5 26 26 19 2 13 4 2 11 9 14
9 12 2 11 20 2 26 6 15 24 11 7 23 8 1 22 14 12 0 9 21 20 9 10 13 24 17 24 19 3
18 4 22 9 21 14 18 18 24 3 10 23 23 11 19 8 5 23 23 0 17 7 2 16 9 8 13 8 13 24
4 3 4 11 8 15 25 11 1 22 8 17 13 9 20 17 17 24 6 25 0 3 9 4 16 14 4 16 26 14
7 4 14 13 7 11 22 21 19 21 4 23 21 19 17 13 12 15 16 17 22 0 21 24 17 15 12 22 2 17
7 19 26 6 7 12 19 14 19 16 9 24 13 13 7 2 1 16 12 18 5 5 0 18 6 5 3 3 4 25
7 26 4 15 1 17 22 12 2 5 10 15 6 23 22 9 8 24 26 25 20 12 3 0 1 3 15 21 1 25
25 7 1 3 8 6 8 25 2 20 13 5 18 9 14 8 2 19 7 14 1 13 19 17 0 16 1 21 18 13
5 19 9 15 24 2 22 13 17 6 25 22 13 22 5 21 11 6 4 20 20 21 22 12 4 0 16 6 24 2
24 2 16 8 21 26 24 4 13 24 7 25 21 6 19 2 14 13 11 7 17 20 21 5 14 22 0 19 22 22
21 15 5 2 25 19 13 9 10 17 14 21 1 25 22 10 6 13 25 5 20 20 12 24 20 16 22 0 16 14
26 22 8 15 15 1 4 23 19 11 9 12 25 11 12 19 8 9 6 23 24 18 18 7 9 6 5 25 0 16
9 1 23 1 10 5 9 14 16 23 4 6 6 11 3 7 16 13 23 18 16 24 3 24 8 1 18 12 18 0

0 3 16 23 9 5 11 21 11 1 4 17 17 19 17 8 13 2 11 2 5 9 16 3 9 21 20 22 15 16
6 0 20 13 18 22 9 16 17 11 13 1 10 17 16 3 20 14 24 25 7 7 12 16 3 26 4 2 25 13
8 19 0 9 17 16 12 21 11 24 15 8 9 9 20 20 13 14 8 9 9 16 6 15 24 7 23 18 14 12
5 17 6 0 17 19 18 20 9 8 10 11 4 9 18 16 5 16 4 7 10 26 19 1 18 22 3 11 5 11
23 14 14 10 0 5 11 16 9 25 20 7 15 6 7 14 17 25 13 15 16 5 21 12 5 25 18 22 10 15
14 20 15 26 16 0 15 16 13 26 5 23 16 26 4 17 14 1 20 20 12 13 1 12 3 26 26 15 17 9
19 23 7 23 7 14 0 21 24 18 23 25 23 5 11 21 4 26 2 20 5 24 23 9 26 9 6 26 8 21
2 9 24 9 9 22 26 0 19 19 1 9 24 8 13 25 1 2 22 13 4 25 17 2 5 15 12 3 25 3
26 12 16 9 22 23 23 9 0 19 18 9 2 22 18 2 12 20 26 7 15 23 13 11 8 2 6 22 6 7
22 22 3 21 10 24 9 26 11 0 17 26 23 11 3 14 14 23 23 8 1 7 7 18 20 13 9 7 5 15
3 12 16 3 21 19 22 11 16 20 0 9 9 7 4 10 19 7 22 21 1 7 5 16 26 17 17 3 23 3
11 21 17 5 19 3 9 11 13 14 11 0 24 7 2 19 17 22 24 21 12 22 3 5 21 23 19 14 26 18
3 2 13 24 16 13 5 7 19 24 12 18 0 20 2 20 10 17 11 25 13 7 20 1 19 20 6 10 20 9
26 24 3 21 22 14 12 26 4 15 1 15 24 0 19 18 16 22 24 22 7 18 1 12 26 22 10 14 9 23
13 6 9 24 9 12 14 19 18 22 18 21 3 1 0 8 24 12 2 14 18 15 16 22 18 21 16 20 18 11
3 15 17 3 15 24 23 17 26 13 17 11 10 12 6 0 19 16 10 20 19 10 6 15 13 10 17 22 19 2
13 12 7 19 1 26 10 18 12 20 26 3 22 20 23 18 0 6 1 2 11 26 25 13 26 25 24 9 20 14
22 14 23 6 4 15 26 17 25 18 1 13 24 14 21 13 5 0 13 14 9 8 7 7 23 21 14 15 21 26
21 24 19 14 5 11 10 18 11 17 21 9 1 18 20 3 19 5 0 9 8 24 19 1 14 21 17 7 21 13
17 9 17 6 12 23 8 10 17 9 5 3 8 19 9 12 13 21 17 0 22 26 26 13 25 9 11 23 13 18
19 22 17 19 1 17 15 5 13 11 8 16 13 2 24 24 23 11 5 17 0 13 10 3 5 4 12 20 23 21
19 26 17 1 18 12 14 26 6 1 10 9 4 14 12 1 15 7 26 11 4 0 24 10 3 8 12 14 24 24
4 10 14 3 22 19 17 16 10 4 10 4 4 9 15 17 14 20 12 22 15 13 0 11 4 23 8 26 13 15
11 14 20 5 22 16 7 1 3 20 21 20 25 22 12 18 25 7 15 24 26 5 24 0 19 4 22 16 1 10
22 12 11 5 8 10 11 2 4 16 12 21 13 22 11 26 14 19 8 14 15 11 15 23 0 10 13 10 16 26
1 15 10 22 24 3 11 23 19 20 5 9 11 25 21 6 13 14 12 3 24 3 13 26 4 0 7 13 21 9
15 4 11 6 11 2 6 13 8 15 16 9 24 25 19 22 16 25 24 14 19 15 24 3 3 1 0 21 4 26
14 14 10 7 13 16 24 24 5 10 22 10 25 19 7 11 18 11 10 20 16 18 8 10 9 6 4 0 26 26
13 10 3 13 16 2 11 3 23 11 14 20 10 14 14 3 16 17 26 20 7 14 12 22 12 11 5 26 0 16
5 21 17 9 10 21 14 24 19 21 25 25 15 13 25 18 1 17 17 11 20 17 25 26 16 9 1 5 15 0

0 26 1 7 8 26 11 25 4 19 3 15 3 17 25 10 8 11 9 19 7 16 3 23 26 3 9 11 1 1
26 0 22 23 22 20 14 1 22 11 23 17 19 12 25 19 15 19 9 14 25 3 19 14 21 6 17 22 26 9
4 4 0 11 3 2 3 10 21 21 9 24 12 19 7 18 16 22 20 3 16 3 24 3 7 14 15 6 26 24
24 11 7 0 19 23 4 17 4 16 21 5 11 2 8 3 11 5 8 19 9 22 13 21 3 23 17 25 25 24
23 5 1 12 0 11 23 8 14 25 12 22 3 5 6 19 5 17 2 7 18 9 22 16 6 24 3 9 14 2
20 18 2 22 26 0 3 1 1 5 14 5 13 8 22 5 12 26 26 18 16 1 11 14 8 19 10 21 12 3
18 23 3 17 17 16 0 12 23 6 6 6 18 11 12 15 25 20 20 11 1 20 26 12 20 14 21 15 15 10
13 23 25 15 11 1 2 0 3 15 26 22 6 10 9 10 6 23 19 13 10 24 19 1 17 21 20 20 2 13
22 15 21 1 24 25 1 4 0 17 12 3 24 10 24 3 17 4 26 14 16 25 22 2 13 21 3 23 11 12
5 14 23 16 11 14 15 8 8 0 25 3 18 3 1 10 4 25 19 22 11 17 20 6 18 13 9 7 9 20
12 8 13 13 26 4 23 25 2 21 0 13 13 14 6 2 19 19 14 7 1 19 21 20 6 21 26 3 16 15
1 18 6 1 9 23 22 10 4 25 2 0 24 3 18 26 6 8 10 11 8 23 6 10 24 14 6 23 26 24
25 16 6 14 16 13 7 2 15 6 6 9 0 18 1 21 2 3 8 19 7 10 17 6 1 26 25 10 12 8
4 3 21 14 5 26 16 26 22 14 21 3 23 0 16 15 4 17 13 5 13 20 5 5 24 23 3 22 24 5
8 12 6 17 1 1 4 14 10 24 2 20 4 5 0 22 9 4 4 24 6 16 23 15 12 18 24 19 12 25
15 15 9 24 2 13 11 11 11 10 10 22 4 14 21 0 10 4 9 8 9 2 22 2 8 8 18 23 23 17
11 21 6 13 3 24 21 19 8 15 10 17 25 16 14 15 0 15 19 13 6 18 3 24 7 8 1 21 11 24
8 20 11 10 12 20 12 15 3 7 4 11 14 6 3 22 2 0 13 18 12 9 13 4 18 24 22 18 19 26
3 20 21 22 1 21 14 17 3 24 4 3 19 16 20 16 11 12 0 5 14 14 3 20 5 14 11 18 15 1
11 2 12 12 4 25 19 24 21 11 21 10 18 9 1 18 14 6 9 0 2 2 21 26 3 4 2 10 20 18
5 9 10 3 2 26 2 6 11 1 17 12 16 17 1 4 2 3 12 4 0 17 3 12 16 15 9 3 24 20
24 9 10 19 8 23 20 8 4 1 23 24 10 20 14 10 22 1 9 11 9 0 21 23 11 19 25 19 18 26
10 20 10 7 19 22 8 20 10 11 6 19 15 18 10 24 10 18 18 12 14 23 0 23 22 24 19 7 2 12
10 24 20 7 20 2 24 10 15 21 19 16 8 17 11 8 7 12 20 16 22 20 8 0 14 22 19 5 14 22
1 25 7 17 7 24 14 4 5 20 3 19 21 10 17 22 24 9 20 15 5 10 1 1 0 22 21 1 16 14
7 10 10 19 6 17 3 4 6 19 9 5 3 6 8 26 10 24 7 17 23 5 16 9 19 0 17 23 23 4
25 8 11 17 25 9 5 4 11 1 3 26 3 23 21 25 11 25 21 16 23 7 4 7 18 10 0 4 8 6
5 11 6 3 15 18 22 2 7 11 19 12 25 8 16 13 14 3 13 1 16 1 8 6 9 8 11 0 2 21
22 11 5 16 12 24 13 16 4 20 15 12 4 16 11 14 22 23 17 1 18 4 3 2 24 14 11 15 0 10
7 22 14 16 10 1 1 12 20 6 24 16 24 4 24 11 19 12 8 9 19 22 8 23 9 13 6 4 10 0

0 17 15 13 14 14 3 7 12 4 23 17 2 21 8 3 6 22 21 13 14 26 19 1 8 5 21 8 7 21
16 0 13 4 20 5 4 22 2 21 25 7 24 17 24 5 26 24 18 16 5 15 5 26 24 17 19 26 11 5
2 18 0 26 19 12 17 12 21 7 6 5 26 8 20 5 21 25 6 3 9 12 13 3 1 21 24 11 11 19
15 24 16 0 9 13 3 13 20 25 18 7 12 20 4 2 15 26 10 9 3 26 20 5 2 5 13 23 23 1
12 18 14 4 0 16 19 24 21 23 8 20 24 23 18 4 25 3 20 2 26 13 15 15 13 21 22 3 20 19
8 3 9 26 14 0 12 21 18 8 20 14 16 24 8 16 12 19 24 19 6 1 12 13 23 3 3 5 8 5
1 11 10 4 2 5 0 11 20 20 24 6 5 18 10 12 8 24 17 14 13 4 20 19 26 8 25 23 22 19
6 1 24 24 17 26 2 0 3 15 8 7 11 26 6 15 10 7 16 4 2 8 14 5 25 13 15 7 2 12
16 13 6 26 22 18 22 21 0 23 2 7 14 16 17 14 15 5 9 16 24 6 14 17 18 2 12 10 21 17
13 22 21 14 2 5 10 17 5 0 7 25 24 16 4 18 18 16 10 5 25 26 12 9 26 6 13 18 25 19
18 9 7 12 9 19 26 2 12 17 0 9 5 18 14 4 8 8 23 26 18 15 5 3 3 13 23 26 12 2
4 3 2 8 15 8 13 16 18 7 9 0 16 16 20 5 17 20 10 1 24 3 1 24 9 6 23 24 18 8
17 13 6 24 18 18 1 5 23 23 16 16 0 25 25 17 5 10 1 7 18 16 9 21 26 22 2 11 8 24
17 18 2 25 3 3 1 8 14 2 1 24 1 0 19 24 8 15 13 17 3 1 7 8 15 19 13 11 13 25
15 10 9 2 23 6 12 19 7 21 9 15 17 12 0 24 11 13 22 11 11 10 6 16 15 5 8 13 4 8
13 17 21 3 6 9 9 18 7 23 22 20 13 9 19 0 1 21 14 18 10 11 21 7 21 19 22 26 14 9
3 6 4 3 16 11 11 14 10 4 7 8 17 6 1 16 0 10 26 23 23 5 1 20 18 23 1 13 24 10
7 1 2 7 9 5 1 11 6 22 21 21 5 2 17 13 21 0 8 17 14 10 23 4 15 6 2 9 16 10
5 11 26 1 6 12 15 10 21 19 16 7 9 4 13 2 19 23 0 25 1 7 22 16 18 16 13 15 12 12
9 15 8 22 9 23 12 1 4 9 9 2 26 17 24 11 6 13 14 0 15 17 7 16 16 21 4 20 26 19
9 19 11 10 1 9 3 2 3 5 14 15 16 20 13 14 2 25 3 7 0 6 9 17 9 22 15 1 5 11
10 17 23 2 20 10 21 19 21 15 19 2 23 20 8 19 12 18 26 19 18 0 1 4 2 24 23 15 18 24
13 24 16 4 26 25 26 26 4 16 24 7 8 26 8 2 5 3 15 10 11 11 0 7 10 20 18 2 5 18
25 7 7 22 22 3 26 16 5 19 13 22 11 14 18 22 18 7 25 16 4 23 14 0 7 13 24 6 22 26
8 21 20 8 12 1 2 19 20 11 23 20 22 14 15 20 23 18 23 9 21 19 3 7 0 5 11 21 8 22
4 18 25 11 25 19 25 16 4 12 15 26 24 19 14 22 4 6 10 15 22 14 11 13 20 0 16 13 11 20
22 14 17 14 19 2 19 19 1 1 15 3 15 19 10 21 1 22 19 8 2 8 19 9 14 10 0 11 21 18
22 4 5 12 23 11 2 23 21 2 7 24 1 11 12 11 20 23 18 20 21 5 15 21 14 25 12 0 9 4
1 6 9 9 23 17 19 23 14 2 3 16 13 24 12 23 16 26 20 22 1 7 9 13 13 19 15 7 0 6
3 13 17 3 22 11 11 15 22 2 23 10 19 4 2 3 10 9 4 26 26 11 22 12 22 16 7 17 4 0

0 20 4 22 10 4 16 6 21 25 12 4 23 5 16 8 26 9 21 18 20 6 12 26 26 19 21 5 4 26
13 0 7 15 16 9 16 15 11 6 16 20 24 18 7 7 24 14 8 11 5 7 17 8 25 17 15 14 17 13
6 15 0 12 1 6 2 11 8 2 19 17 21 24 18 14 9 26 13 17 21 24 17 12 14 26 19 9 6 3
8 3 21 0 21 10 1 18 16 4 8 2 6 15 24 16 17 7 6 17 24 24 7 8 4 5 26 13 14 26
24 11 14 12 0 6 15 25 8 24 14 19 11 18 15 19 8 8 9 25 24 23 2 8 22 17 23 7 3 11
26 24 21 7 9 0 17 8 14 10 2 5 16 26 3 17 9 24 21 12 1 2 4 12 11 6 5 12 15 3
20 5 6 4 8 25 0 7 6 23 1 5 23 15 21 10 20 11 6 19 15 22 15 15 6 8 7 1 9 20
2 25 20 1 21 21 10 0 9 18 24 10 13 3 21 14 19 16 18 18 4 21 17 12 24 25 25 25 4 21
20 11 21 14 10 18 15 19 0 7 22 26 9 5 6 21 12 1 16 8 19 15 5 5 6 13 21 3 21 17
23 5 11 19 3 22 10 20 19 0 26 18 21 22 22 25 12 18 9 14 11 25 12 21 20 22 25 10 12 14
24 24 10 16 21 10 25 11 6 12 0 14 18 4 14 3 22 3 11 13 14 15 20 20 6 24 21 25 26 19
8 3 14 21 22 5 19 9 6 15 23 0 7 16 23 10 8 8 11 3 5 13 23 24 18 2 2 1 4 21
25 19 19 11 12 13 2 24 25 20 22 14 0 17 10 12 24 12 22 26 25 4 26 12 16 10 12 5 1 5
2 22 3 5 12 25 13 17 12 3 11 15 23 0 6 26 12 18 25 8 22 22 17 21 7 4 2 26 26 5
22 4 6 24 6 8 16 23 5 17 11 12 2 19 0 6 11 6 7 5 19 19 20 11 20 6 17 15 20 11
11 17 19 20 17 5 26 5 22 24 2 8 10 9 25 0 20 25 4 15 1 21 2 10 2 3 11 24 23 23
10 1 18 11 26 22 19 10 7 10 12 22 14 7 18 3 0 13 12 8 10 11 22 15 24 14 14 6 8 11
14 25 12 11 26 12 25 25 1 1 4 23 6 14 21 14 4 0 9 22 9 24 14 10 25 3 15 8 2 1
7 18 7 5 23 5 3 22 4 1 14 17 8 6 22 1 6 21 0 2 18 11 26 3 11 18 24 1 1 15
10 4 23 6 4 23 4 1 21 25 20 9 12 2 8 22 13 20 24 0 1 6 1 5 16 4 14 21 19 1
25 8 22 25 18 6 2 13 11 7 5 17 9 7 17 1 8 4 8 20 0 24 18 21 14 24 20 19 15 16
23 20 25 14 25 18 19 22 11 23 18 9 19 26 25 20 22 24 15 8 22 0 4 26 2 17 13 26 1 19
5 9 1 8 16 20 8 18 23 14 3 3 24 20 22 22 3 10 12 12 23 7 0 10 24 9 26 25 25 26
19 7 6 13 9 15 12 14 22 3 19 20 2 22 2 24 7 16 6 4 9 2 2 0 6 17 5 22 7 22
18 8 15 15 21 7 10 12 19 20 5 15 23 12 20 25 25 1 7 9 11 22 3 25 0 13 4 1 13 5
25 4 3 2 18 13 9 22 24 17 20 12 2 26 6 21 3 23 18 18 23 3 10 3 5 0 5 3 3 18
12 23 15 17 21 15 19 10 20 22 1 5 18 2 11 12 7 17 1 24 19 12 2 15 14 25 0 13 17 26
9 15 21 11 26 11 7 7 19 14 5 20 23 7 21 3 12 5 13 15 16 6 19 21 17 12 2 0 11 23
12 6 12 24 9 14 24 14 10 6 24 18 24 16 25 23 2 20 22 15 22 26 7 14 20 5 8 4 0 11
10 2 8 16 2 20 26 1 20 19 25 2 4 5 23 16 9 9 12 20 18 5 6 12 26 6 24 12 2 0

0 19 10 20 6 10 11 9 21 7 19 19 20 9 4 8 20 26 6 5 17 26 9 14 14 10 3 23 14 15
19 0 10 4 22 11 2 13 12 23 3 11 9 2 10 18 20 8 16 5 1 18 5 2 17 18 21 2 7 26
25 11 0 5 20 22 17 12 17 9 3 1 22 8 4 6 14 23 11 4 7 2 14 23 11 16 9 15 9 4
22 3 15 0 22 11 18 5 18 26 15 26 21 25 18 5 24 11 6 10 11 8 1 13 20 17 12 6 24 25
22 16 3 9 0 16 11 13 18 23 25 16 15 10 15 10 8 21 26 16 8 17 1 13 8 8 18 8 8 2
11 3 10 22 8 0 12 24 17 11 18 12 2 6 20 19 20 8 21 14 13 22 16 22 19 1 22 5 2 18
7 9 2 14 18 1 0 3 10 8 9 4 8 19 18 6 25 17 7 7 12 24 18 14 26 4 24 23 20 2
20 4 15 8 22 4 25 0 18 9 26 13 13 19 10 25 15 11 8 16 9 16 6 14 19 17 13 15 7 17
24 23 3 11 7 13 10 25 0 4 19 24 7 17 9 5 4 13 22 8 15 17 18 3 16 19 9 1 25 26
9 21 19 14 14 11 20 17 13 0 10 23 26 17 25 18 5 4 5 10 13 24 5 14 13 25 23 26 19 4
12 19 3 26 19 2 5 2 16 22 0 9 23 21 8 7 16 4 3 15 24 11 23 1 1 14 18 9 5 11
8 1 22 16 11 15 2 19 6 13 11 0 13 16 12 4 6 21 14 19 26 18 20 9 6 11 17 6 1 10
21 18 4 17 4 11 17 7 26 11 19 6 0 20 3 23 10 13 22 25 11 12 3 11 5 14 19 5 11 20
17 22 9 6 11 18 10 8 10 22 15 26 23 0 23 23 14 25 2 20 20 14 5 24 8 17 10 23 18 18
14 8 21 20 1 7 22 6 16 23 3 26 26 8 0 24 16 17 6 20 21 1 13 14 7 11 23 10 2 16
7 10 22 9 22 2 21 22 6 16 15 8 6 11 10 0 16 3 6 16 5 3 14 13 12 5 23 17 6 13
6 3 7 26 11 25 15 6 11 25 24 16 7 18 6 18 0 15 3 7 9 2 11 10 25 22 13 16 14 2
15 15 7 2 12 4 6 24 25 8 20 10 19 15 25 24 14 0 9 9 16 12 11 1 10 16 7 17 14 3
17 9 3 8 6 12 18 10 20 11 9 22 16 22 14 14 14 13 0 10 8 7 19 23 7 20 19 5 12 20
9 12 4 16 12 11 10 1 4 22 20 6 20 5 2 22 17 6 1 0 2 14 4 8 8 24 12 4 10 13
25 26 2 8 9 22 19 2 18 1 13 19 11 13 22 13 18 13 5 8 0 20 15 21 13 11 13 12 24 20
16 5 20 19 12 9 21 12 7 25 7 24 2 2 6 17 13 18 17 4 22 0 12 17 12 6 23 2 21 16
1 23 9 21 19 10 11 14 26 19 1 6 21 11 18 26 15 26 3 9 16 2 0 12 7 26 24 22 19 3
24 11 5 4 7 25 4 22 7 8 8 18 15 12 16 10 13 15 25 12 23 18 13 0 14 3 17 19 5 22
15 4 3 12 9 21 16 13 21 9 5 9 25 17 22 6 25 14 2 18 17 18 8 14 0 11 26 8 24 1
17 16 20 15 16 19 21 19 22 21 1 10 23 13 3 6 7 8 13 25 15 9 8 20 21 0 2 1 19 19
10 13 13 25 23 25 6 22 21 1 4 17 21 25 25 22 20 8 17 15 23 18 26 18 18 19 0 22 11 16
1 25 3 2 13 22 13 20 22 3 5 15 7 25 24 2 5 16 9 3 18 8 5 22 3 3 26 0 2 24
15 21 26 15 18 14 24 22 8 1 6 23 1 14 18 25 26 10 19 25 13 5 6 11 3 2 22 3 0 20
13 7 10 16 25 6 18 16 12 24 2 22 22 23 12 12 20 19 4 3 17 6 24 26 14 26 22 17 4 0

0 17 22 14 20 13 10 4 12 15 10 18 15 23 5 25 20 12 9 9 2 22 24 9 12 9 15 19 4 8
1 0 3 15 19 11 5 26 8 13 3 17 14 8 18 10 19 11 3 20 17 15 22 20 4 11 7 11 16 15
5 18 0 12 5 8 13 6 22 3 8 24 13 26 23 9 2 4 10 12 22 6 2 12 15 25 7 8 3 11
1 8 18 0 19 18 24 2 1 16 17 5 24 18 3 3 1 11 17 26 24 11 8 12 19 4 9 9 1 17
24 9 21 8 0 11 9 18 5 17 24 10 13 19 12 25 2 19 2 23 18 23 4 11 3 24 10 2 21 23
16 25 14 3 10 0 18 5 12 21 23 9 23 16 23 13 26 2 10 24 23 6 19 22 11 10 5 4 1 9
24 15 20 13 13 19 0 1 18 15 21 19 24 2 9 2 16 11 11 4 18 15 13 19 24 26 1 1 3 1
9 15 8 21 6 21 5 0 4 26 11 10 4 5 17 17 20 19 6 13 6 16 1 18 7 21 14 10 9 10
24 14 12 24 6 13 24 11 0 19 6 8 16 23 14 7 12 24 3 4 6 12 19 4 26 23 3 24 6 18
18 6 14 21 24 20 26 13 24 0 25 9 25 5 12 25 18 6 8 13 4 24 12 9 22 16 22 6 18 11
1 20 24 11 16 14 9 18 12 10 0 11 17 3 21 14 8 14 3 18 4 19 9 4 3 13 20 8 20 6
12 17 15 26 7 2 12 2 7 8 19 0 18 25 1 4 23 19 15 11 8 8 10 21 24 14 24 14 12 6
24 6 16 2 22 5 8 22 19 19 5 4 0 8 12 26 7 18 2 16 17 10 6 13 7 6 21 15 23 22
15 15 20 12 5 7 20 22 16 23 7 10 23 0 23 3 2 14 7 9 26 23 16 17 6 18 9 21 24 8
2 8 1 19 11 1 4 6 9 23 6 15 19 1 0 3 20 21 2 18 21 20 10 18 12 6 21 6 18 12
13 8 14 25 3 5 9 4 7 3 6 23 19 23 12 0 24 21 2 7 20 9 1 6 10 24 6 18 24 24
13 7 20 8 23 8 3 12 6 24 17 20 7 10 22 7 0 24 23 9 12 14 18 10 8 4 11 3 4 3
15 7 19 9 10 22 8 18 3 26 18 10 5 18 19 15 2 0 4 9 6 3 1 26 13 6 23 20 2 18
19 20 4 19 19 5 3 2 14 16 10 20 11 26 22 5 7 6 0 5 6 5 13 7 18 16 22 18 10 21
18 7 7 21 13 19 16 6 14 7 2 8 10 1 13 1 18 10 13 0 1 6 19 12 5 10 20 21 26 2
7 7 7 21 5 14 4 21 22 21 11 2 10 26 23 10 20 1 1 11 0 4 18 17 14 15 6 25 13 20
4 7 25 8 5 18 19 4 12 26 18 21 24 5 26 19 3 26 24 8 22 0 19 18 11 18 4 16 17 7
26 24 8 12 12 18 3 15 26 21 13 8 4 10 6 8 22 24 21 20 26 2 0 19 4 13 26 18 14 9
6 11 18 9 21 1 18 23 8 9 8 4 18 10 19 21 7 25 12 20 23 3 13 0 12 10 21 25 21 26
2 21 20 13 23 12 18 20 21 9 21 2 4 18 15 24 12 24 16 19 26 8 15 24 0 2 8 2 22 3
21 21 13 11 5 2 15 15 4 7 22 20 2 13 16 25 5 13 15 22 24 21 21 8 5 0 7 3 4 18
20 8 21 12 21 10 5 19 10 7 14 12 7 20 22 26 7 4 15 16 5 5 15 8 9 25 0 7 21 23
2 23 26 9 10 8 24 11 6 26 19 16 8 5 24 12 3 4 17 8 22 11 25 3 8 19 17 0 12 15
18 20 15 10 6 6 1 22 24 4 14 25 18 11 26 23 25 8 24 22 11 17 11 20 23 22 5 11 0 20
25 25 5 8 12 14 14 20 19 14 20 17 16 25 7 6 4 6 22 21 14 3 10 26 1 5 11 4 2 0
