15 10 3
10    1  8 14    1  4 75    1  3 12    1  2 38    2  0 76  7 76    1  5 97    1  9 12    1  1 29    1  7 44    1  6 66
10    1  5 38    1  3 82    2  2 85  5 85    1  4 58    1  6 87    1  9 89    2  0 43  5 43    1  1 80    1  7 69    1  8 92
10    1  9 5    2  1 84  9 84    1  0 43    1  6 48    1  4 8    1  7 7    1  3 41    1  5 61    2  8 66  3 66    1  2 14
10    1  2 42    2  1 8  2 8    1  0 96    1  5 19    1  4 59    1  7 97    1  9 73    1  8 43    1  3 74    1  6 41
10    1  6 55    1  2 70    2  3 75  0 75    1  8 42    1  4 37    2  7 23  2 23    1  1 48    1  5 5    2  9 38  5 38    2  0 7  7 7
10    2  8 9  7 9    1  2 72    1  7 31    1  0 79    1  5 73    1  3 95    1  4 25    1  6 43    1  9 60    1  1 56
10    1  0 97    1  2 64    1  3 78    1  5 21    1  4 94    1  9 31    1  8 53    1  6 16    1  7 86    1  1 7
10    1  3 86    2  7 85  2 85    1  9 63    1  0 61    1  2 65    1  4 30    1  5 32    1  1 33    1  8 44    1  6 59
10    1  2 44    2  3 16  4 16    1  4 11    1  6 45    1  1 30    1  9 84    1  8 93    1  0 60    1  5 61    1  7 90
10    1  7 36    1  8 31    2  4 47  6 47    1  6 52    1  0 32    1  5 11    1  2 28    1  9 35    1  3 20    1  1 49
10    1  8 20    1  6 49    1  7 74    2  4 10  7 10    1  5 17    1  3 34    1  0 85    1  2 77    1  9 68    1  1 84
10    2  1 85  3 85    1  5 7    1  8 71    1  6 59    1  4 76    1  0 17    1  3 29    1  2 17    1  7 48    1  9 13
10    1  2 15    3  6 87  3 87  8 87    2  7 11  6 11    1  1 39    1  4 39    2  8 43  0 43    1  0 19    1  3 32    1  9 16    2  5 64  7 64
10    1  6 32    1  2 92    1  5 33    1  8 82    1  1 83    2  7 57  9 57    1  9 99    1  4 91    1  3 99    1  0 8
10    2  4 88  2 88    1  7 7    1  8 27    1  1 38    1  3 91    1  2 69    1  6 21    1  9 62    2  5 39  8 39    1  0 48

0 25 18 16 25 2 24 10 10 22 13 11 6 23 22
13 0 4 7 2 4 11 17 5 2 19 18 19 14 17
13 23 0 8 9 10 21 19 12 25 13 24 13 5 15
25 12 20 0 13 23 17 21 15 25 19 18 7 9 16
17 23 11 9 0 24 7 16 3 3 24 18 11 25 20
17 18 8 18 1 0 21 7 16 22 20 13 7 10 19
7 11 2 9 18 15 0 5 19 12 5 3 16 5 4
7 7 25 8 17 4 6 0 3 7 15 10 4 15 18
20 14 7 7 5 4 14 2 0 10 21 9 16 12 22
7 4 12 7 10 21 19 18 22 0 15 11 22 6 16
24 24 6 17 20 13 21 18 19 14 0 20 19 17 2
11 2 1 1 24 7 24 20 24 24 24 0 25 21 7
4 20 6 3 22 12 11 9 9 25 11 21 0 20 5
2 20 10 25 15 23 6 12 19 1 24 5 11 0 24
6 2 14 20 11 6 14 8 16 21 24 4 15 16 0

0 18 18 22 1 6 13 6 14 15 4 22 24 4 14
18 0 21 19 2 25 19 24 13 1 5 8 2 16 22
15 4 0 6 6 13 8 6 19 1 18 4 1 19 12
20 3 7 0 5 8 3 13 22 10 5 14 17 11 14
5 21 23 9 0 3 14 4 9 24 4 6 7 5 7
3 25 1 24 15 0 9 10 22 3 24 13 15 24 13
16 17 23 9 14 12 0 8 25 17 22 25 6 20 11
21 17 25 17 14 20 16 0 7 22 14 8 25 2 7
3 20 22 7 10 25 22 22 0 19 23 19 9 6 24
13 12 23 25 25 3 20 15 21 0 16 8 16 1 1
20 14 11 10 6 3 2 1 20 25 0 8 4 8 17
11 7 8 23 18 24 14 6 7 20 15 0 5 16 4
20 25 3 14 25 4 21 8 11 19 10 16 0 22 10
17 23 14 22 23 5 21 24 7 19 18 22 18 0 8
19 10 3 1 15 23 3 2 6 19 13 19 24 19 0

0 1 5 17 14 14 5 6 9 10 22 13 24 6 14
18 0 11 20 23 15 13 14 7 9 15 22 4 13 14
3 16 0 8 20 1 1 16 18 17 22 25 18 16 7
14 3 20 0 11 13 21 20 1 4 3 25 12 24 16
19 1 6 12 0 16 9 10 12 2 4 11 3 1 3
4 3 12 18 15 0 11 2 2 23 22 17 7 18 15
6 12 12 21 15 3 0 17 3 3 10 25 16 12 11
23 24 22 9 4 11 16 0 1 8 9 18 17 17 18
15 13 4 17 22 16 9 18 0 14 3 12 11 12 13
10 9 9 23 7 11 15 13 24 0 1 12 8 4 18
9 6 2 3 11 15 19 20 20 20 0 4 18 13 9
25 5 18 3 21 20 7 9 1 21 21 0 7 23 24
18 13 4 24 15 1 4 16 15 8 11 10 0 7 17
25 23 5 12 21 7 24 2 23 19 25 2 12 0 16
13 15 19 4 7 17 25 13 5 20 6 19 16 4 0

0 19 8 5 1 23 6 11 1 11 4 25 17 11 6
11 0 19 20 2 20 9 4 21 22 10 21 23 3 7
7 6 0 18 1 7 5 18 9 24 8 25 15 16 2
8 18 14 0 4 3 10 20 7 17 9 7 13 20 4
16 22 11 18 0 18 20 6 12 4 21 16 11 25 21
13 23 11 19 25 0 1 17 21 13 19 8 9 19 24
8 11 12 22 18 8 0 17 15 13 25 6 24 12 23
4 10 7 23 16 13 18 0 15 10 5 19 11 15 17
20 4 3 14 17 13 9 14 0 5 19 19 10 8 17
17 12 25 21 18 2 6 2 25 0 16 1 14 7 2
1 8 19 16 22 12 13 4 13 13 0 9 25 8 25
19 20 6 3 7 19 3 24 21 12 6 0 1 17 6
4 3 19 2 20 14 21 20 24 10 23 2 0 13 10
25 8 16 10 15 15 6 6 19 5 13 24 20 0 7
4 7 5 7 12 9 13 23 25 7 12 9 20 5 0

0 24 5 3 1 6 2 6 14 1 5 17 19 21 4
8 0 8 20 23 8 5 18 19 10 5 13 13 5 4
12 19 0 15 3 6 25 7 5 4 24 6 6 23 6
18 17 17 0 10 9 20 9 7 9 23 15 11 16 23
7 5 1 18 0 19 16 14 12 24 5 19 9 8 11
4 14 19 17 20 0 17 22 22 8 16 1 6 11 2
21 21 5 25 15 10 0 11 13 3 14 9 6 8 3
16 7 11 9 7 17 14 0 12 13 10 1 23 4 2
14 10 2 11 18 2 2 22 0 8 18 11 14 16 21
6 2 3 13 4 2 1 21 19 0 25 10 4 7 1
18 15 18 20 23 25 12 2 12 18 0 12 21 16 11
8 2 2 23 15 19 7 7 24 2 4 0 10 7 19
24 12 13 23 7 2 15 10 8 5 1 11 0 20 2
11 3 7 19 11 7 2 9 15 18 15 23 16 0 3
21 22 8 3 20 24 20 17 25 19 23 16 2 9 0

0 4 14 14 12 14 15 11 12 22 23 13 2 18 14
18 0 22 8 16 22 12 14 14 8 14 11 16 3 21
6 3 0 8 22 22 25 14 21 16 20 17 1 4 9
18 15 15 0 8 13 4 20 20 4 20 6 8 21 11
16 15 11 12 0 22 22 18 12 15 1 18 21 20 6
14 11 19 23 21 0 21 19 2 13 23 1 8 13 12
13 5 10 4 3 11 0 3 3 11 13 21 2 23 12
6 7 3 24 25 21 6 0 23 5 18 21 9 15 15
1 13 4 2 9 20 8 11 0 22 10 1 11 1 11
25 13 10 11 16 15 4 25 5 0 24 22 6 4 8
13 12 9 22 20 19 22 12 8 12 0 13 8 21 3
20 6 21 7 10 17 1 19 10 24 7 0 21 4 8
20 20 11 23 6 7 18 2 21 11 12 7 0 7 19
14 10 7 2 2 23 15 5 19 5 19 13 15 0 12
7 24 15 20 1 11 12 14 23 19 15 13 17 13 0

0 14 2 15 22 20 2 18 20 24 13 20 4 22 11
8 0 6 4 9 2 8 21 25 22 25 7 7 12 21
12 10 0 18 11 9 8 17 17 8 20 6 18 21 15
2 5 13 0 20 19 22 2 5 23 14 16 8 2 13
2 13 7 1 0 21 7 19 11 17 12 3 1 24 13
21 4 9 9 19 0 6 18 15 3 24 14 2 16 11
13 25 20 18 1 5 0 14 6 1 5 5 14 14 12
4 12 3 6 23 2 4 0 16 15 23 5 21 10 24
17 2 19 23 21 21 6 23 0 18 25 23 15 14 8
21 1 3 23 14 18 7 16 20 0 20 22 25 19 7
16 16 2 11 8 8 25 6 3 17 0 12 22 18 12
8 1 13 6 20 20 15 25 1 12 12 0 21 9 25
24 10 5 18 14 24 22 8 18 9 5 15 0 11 8
16 5 5 25 10 11 18 13 22 3 6 9 25 0 17
1 18 2 16 25 9 2 25 1 6 15 25 12 25 0

0 8 9 7 11 5 22 8 7 12 2 7 11 6 7
13 0 9 2 4 9 6 15 5 13 15 6 14 4 19
21 3 0 16 2 13 8 10 3 22 25 4 12 3 25
13 21 15 0 16 23 25 4 6 2 12 18 4 25 12
15 4 4 5 0 22 25 11 8 11 18 15 5 24 17
21 4 13 14 14 0 23 14 14 19 5 9 19 5 10
23 17 12 24 12 16 0 9 19 1 18 3 21 25 25
2 21 14 10 8 9 16 0 12 12 20 4 12 5 10
4 10 14 11 9 12 5 7 0 9 1 15 2 7 23
14 16 18 12 1 10 9 14 16 0 7 10 17 11 13
14 15 8 23 8 9 25 7 18 25 0 13 8 18 10
9 22 16 8 18 16 17 3 17 15 21 0 4 2 25
21 12 2 12 6 20 13 1 14 17 11 14 0 7 17
23 2 6 24 8 13 8 20 24 24 10 6 20 0 7
11 25 24 14 5 16 13 19 1 11 25 18 14 12 0

0 7 21 17 15 17 4 5 3 9 12 2 3 18 3
21 0 22 12 2 13 20 8 15 23 5 25 14 6 16
7 18 0 19 12 23 5 17 11 17 6 21 22 9 4
6 20 20 0 23 11 20 17 11 21 17 1 21 8 19
24 21 22 21 0 23 19 6 7 1 9 20 23 6 6
4 25 19 9 23 0 19 6 12 13 2 2 11 16 18
12 15 20 16 20 13 0 3 24 5 2 11 18 9 1
3 3 14 19 4 10 13 0 12 22 17 6 6 19 18
10 20 15 18 3 11 23 17 0 25 18 7 15 8 7
13 23 24 16 2 10 9 17 18 0 2 14 18 17 7
20 15 5 4 14 12 18 10 20 3 0 11 4 20 3
13 23 2 2 23 21 5 3 14 23 20 0 2 2 4
20 22 5 11 20 13 3 1 23 4 4 4 0 21 25
23 5 24 14 8 21 4 16 5 10 18 22 4 0 18
2 12 14 11 14 14 13 10 20 5 6 8 15 25 0

0 25 17 23 14 21 21 17 24 5 17 6 18 5 2
24 0 1 20 17 1 3 13 3 8 23 24 6 14 9
23 13 0 21 5 25 18 13 13 5 19 24 16 22 10
13 22 11 0 1 15 20 3 9 22 16 16 13 7 18
7 14 7 7 0 5 16 19 19 22 1 10 13 2 13
11 8 11 18 12 0 4 2 13 8 3 25 14 1 15
13 23 6 19 1 22 0 20 12 8 3 15 13 1 25
5 8 18 19 20 15 25 0 15 20 24 13 8 3 5
15 9 14 7 8 9 5 16 0 12 13 1 11 7 8
13 14 15 5 2 14 8 6 7 0 25 2 4 25 13
21 11 8 9 21 1 16 8 18 14 0 11 1 19 16
18 25 5 17 5 1 17 16 24 4 21 0 25 7 1
21 8 21 1 19 12 16 4 7 23 25 6 0 1 24
25 7 16 4 23 14 5 7 2 18 22 15 4 0 20
6 18 5 1 1 21 6 4 23 12 19 13 3 7 0
