20 10 7
15    5  3 66  5 66  6 66  7 66  9 66    2  1 29  9 29    4  1 11  3 11  8 11  9 11    1  1 62    3  5 94  6 94  7 94    2  5 41  9 41    4  0 90  1 90  4 90  5 90    3  0 63  2 63  6 63    4  0 45  4 45  5 45  9 45    3  5 91  7 91  9 91    2  0 73  6 73    3  0 31  3 31  5 31    5  0 97  2 97  5 97  6 97  7 97    3  0 11  2 11  8 11    2  4 20  5 20
20    3  2 90  4 90  8 90    3  1 21  2 21  7 21    6  0 78  1 78  2 78  4 78  5 78  8 78    2  0 37  9 37    6  0 68  1 68  4 68  5 68  7 68  9 68    4  2 48  3 48  6 48  7 48    6  1 55  3 55  4 55  5 55  6 55  9 55    3  1 38  5 38  9 38    2  1 49  9 49    1  1 69    6  0 73  3 73  4 73  6 73  7 73  9 73    2  0 80  6 80    3  1 83  5 83  6 83    2  1 39  6 39    1  1 98    2  3 71  4 71    3  2 24  5 24  7 24    7  0 89  1 89  2 89  3 89  6 89  7 89  8 89    2  1 73  2 73    5  1 44  3 44  4 44  6 44  9 44
23    5  2 61  4 61  5 61  7 61  9 61    2  1 53  9 53    2  1 35  4 35    2  4 95  9 95    3  4 33  5 33  6 33    1  6 59    2  2 68  6 68    2  0 61  5 61    2  1 56  7 56    4  1 28  2 28  6 28  8 28    3  1 18  2 18  8 18    4  1 35  7 35  8 35  9 35    3  0 73  3 73  6 73    2  8 78  9 78    2  1 70  7 70    4  0 65  5 65  8 65  9 65    3  4 44  5 44  8 44    5  2 56  3 56  4 56  5 56  9 56    4  0 60  2 60  5 60  9 60    3  3 69  4 69  7 69    4  1 94  4 94  6 94  9 94    1  1 28    1  0 63
18    4  2 17  4 17  7 17  8 17    3  4 61  5 61  8 61    5  0 34  5 34  7 34  8 34  9 34    3  3 96  5 96  9 96    6  0 31  1 31  2 31  4 31  8 31  9 31    2  1 82  7 82    3  2 40  5 40  9 40    2  4 63  5 63    5  1 95  2 95  3 95  5 95  9 95    5  0 68  2 68  4 68  7 68  9 68    2  5 91  9 91    4  1 43  2 43  3 43  4 43    1  3 32    3  1 54  3 54  5 54    3  0 92  8 92  9 92    4  2 40  4 40  7 40  8 40    2  0 84  2 84    2  1 38  7 38
21    3  0 94  1 94  5 94    4  0 63  1 63  2 63  7 63    3  2 99  3 99  8 99    4  1 45  2 45  5 45  7 45    5  0 28  1 28  5 28  6 28  8 28    3  5 59  6 59  8 59    1  6 97    2  0 69  3 69    3  2 61  5 61  8 61    4  0 98  1 98  5 98  9 98    2  0 42  6 42    3  1 100  2 100  5 100    2  6 68  7 68    1  0 83    3  3 69  5 69  7 69    5  1 17  2 17  6 17  7 17  8 17    3  0 26  5 26  6 26    2  5 29  9 29    6  0 20  1 20  3 20  4 20  6 20  9 20    4  0 100  4 100  7 100  9 100    3  1 87  4 87  9 87
15    2  1 67  9 67    5  0 16  1 16  2 16  5 16  7 16    1  0 86    1  8 36    2  2 73  9 73    1  4 41    3  1 100  5 100  8 100    1  1 23    1  8 33    1  1 92    5  2 74  3 74  4 74  5 74  7 74    5  0 90  3 90  6 90  7 90  8 90    1  0 49    1  0 34    4  3 47  4 47  7 47  9 47
17    1  9 62    3  6 59  7 59  8 59    2  4 98  6 98    2  2 73  3 73    2  1 79  4 79    4  2 10  4 10  6 10  8 10    5  5 32  6 32  7 32  8 32  9 32    3  0 55  2 55  9 55    2  0 53  4 53    2  3 19  7 19    3  7 55  8 55  9 55    2  2 88  7 88    2  2 46  7 46    2  8 73  9 73    4  0 30  2 30  6 30  9 30    2  0 48  1 48    2  0 50  8 50
25    2  0 37  7 37    5  1 75  4 75  6 75  7 75  9 75    3  0 36  1 36  4 36    3  0 71  2 71  5 71    2  6 66  7 66    1  9 39    3  1 17  2 17  3 17    4  0 30  2 30  3 30  6 30    4  1 42  3 42  4 42  6 42    3  0 94  3 94  6 94    3  0 59  1 59  4 59    1  5 36    5  0 68  2 68  3 68  8 68  9 68    4  0 21  2 21  4 21  6 21    5  3 25  4 25  6 25  7 25  8 25    1  9 65    3  0 58  2 58  6 58    3  2 65  6 65  7 65    2  3 36  7 36    3  0 45  7 45  9 45    2  4 82  7 82    2  0 42  3 42    3  4 82  8 82  9 82    1  8 51    4  0 75  1 75  3 75  8 75
23    1  2 35    4  3 78  5 78  6 78  9 78    1  3 43    2  2 77  3 77    2  0 42  6 42    1  2 18    4  3 63  5 63  6 63  7 63    4  1 99  6 99  7 99  9 99    3  1 16  2 16  6 16    1  8 34    3  1 99  4 99  6 99    2  1 87  4 87    2  2 46  8 46    3  2 81  6 81  7 81    2  1 41  5 41    5  0 58  2 58  5 58  6 58  9 58    2  0 57  7 57    4  0 30  5 30  6 30  9 30    2  1 60  8 60    1  3 52    4  0 92  4 92  6 92  8 92    3  4 32  5 32  6 32    2  0 80  8 80
19    3  3 42  6 42  9 42    3  0 33  2 33  6 33    4  1 40  2 40  4 40  5 40    6  1 80  2 80  3 80  4 80  5 80  8 80    4  0 72  1 72  3 72  5 72    3  2 64  6 64  7 64    6  0 77  3 77  4 77  6 77  7 77  8 77    4  3 23  5 23  6 23  7 23    3  1 50  8 50  9 50    1  2 13    1  4 38    4  3 21  6 21  7 21  9 21    3  0 77  7 77  9 77    4  0 95  1 95  7 95  8 95    3  6 60  7 60  8 60    2  4 94  8 94    2  3 53  9 53    6  2 82  3 82  4 82  5 82  7 82  9 82    5  0 60  2 60  4 60  6 60  8 60
19    2  1 60  3 60    6  2 93  3 93  4 93  6 93  7 93  8 93    4  1 49  3 49  5 49  7 49    4  1 82  2 82  4 82  8 82    5  1 68  3 68  4 68  6 68  8 68    2  0 42  3 42    3  0 96  1 96  7 96    4  0 90  1 90  5 90  9 90    4  0 36  3 36  4 36  9 36    1  9 70    3  3 12  4 12  9 12    5  1 56  2 56  3 56  7 56  8 56    3  1 14  3 14  9 14    2  3 60  5 60    5  1 18  2 18  5 18  6 18  7 18    3  1 88  2 88  4 88    4  0 19  1 19  2 19  3 19    5  1 87  5 87  7 87  8 87  9 87    2  2 50  5 50
21    2  3 50  6 50    2  5 63  7 63    2  2 16  4 16    1  3 65    4  0 71  1 71  5 71  8 71    4  0 44  2 44  3 44  6 44    1  9 46    2  2 35  5 35    3  0 11  2 11  8 11    4  1 83  2 83  6 83  9 83    1  1 12    1  1 98    6  0 25  3 25  5 25  6 25  7 25  8 25    4  0 84  2 84  7 84  9 84    4  1 36  2 36  7 36  8 36    2  0 41  5 41    2  2 44  4 44    3  1 51  3 51  8 51    3  2 58  6 58  9 58    2  1 56  9 56    2  2 27  7 27
16    3  2 97  4 97  8 97    4  1 93  3 93  4 93  5 93    1  7 41    1  5 59    1  0 83    3  0 99  3 99  6 99    3  0 90  2 90  6 90    3  0 90  3 90  8 90    3  2 58  5 58  6 58    5  0 15  1 15  2 15  4 15  9 15    2  3 95  6 95    3  4 65  8 65  9 65    5  4 73  5 73  6 73  7 73  8 73    4  0 96  4 96  6 96  9 96    2  0 42  9 42    3  3 53  4 53  8 53
16    2  5 61  8 61    2  1 24  8 24    3  0 90  4 90  7 90    4  1 11  3 11  6 11  9 11    2  0 12  2 12    2  0 68  2 68    3  0 61  4 61  9 61    2  4 40  8 40    4  2 70  3 70  4 70  9 70    2  5 76  8 76    5  0 48  2 48  3 48  4 48  7 48    1  1 19    4  0 49  1 49  2 49  6 49    3  4 76  5 76  7 76    3  0 24  1 24  6 24    4  3 35  4 35  5 35  9 35
25    3  6 10  7 10  8 10    5  1 46  3 46  5 46  6 46  9 46    1  3 18    4  0 72  1 72  2 72  5 72    2  2 32  7 32    2  2 92  3 92    4  6 14  7 14  8 14  9 14    2  3 53  7 53    3  1 49  2 49  5 49    2  3 83  9 83    2  1 81  8 81    4  0 76  3 76  4 76  8 76    4  0 88  1 88  6 88  7 88    4  1 34  4 34  7 34  9 34    1  5 54    2  2 22  4 22    4  1 47  4 47  7 47  8 47    2  8 31  9 31    1  5 43    6  0 29  1 29  3 29  4 29  5 29  7 29    5  0 59  1 59  3 59  4 59  6 59    3  3 26  7 26  9 26    4  1 57  3 57  5 57  8 57    1  5 11    3  2 90  6 90  9 90
17    4  0 55  3 55  5 55  6 55    3  2 71  5 71  9 71    2  1 64  3 64    3  1 36  2 36  4 36    3  1 26  2 26  7 26    3  0 34  3 34  7 34    4  0 68  1 68  3 68  5 68    2  1 55  6 55    5  0 41  3 41  4 41  7 41  8 41    1  2 36    4  2 64  3 64  6 64  9 64    2  6 91  8 91    4  0 16  1 16  3 16  4 16    4  0 29  1 29  5 29  7 29    6  1 87  2 87  4 87  5 87  6 87  8 87    3  0 76  4 76  5 76    1  3 69
21    3  3 72  4 72  7 72    3  3 66  8 66  9 66    3  1 33  3 33  8 33    4  3 21  4 21  6 21  8 21    3  2 81  4 81  6 81    4  0 22  4 22  8 22  9 22    5  5 60  6 60  7 60  8 60  9 60    1  9 85    5  1 37  3 37  4 37  7 37  8 37    2  0 70  6 70    3  1 58  7 58  9 58    3  1 49  5 49  8 49    3  3 59  4 59  8 59    4  1 54  2 54  3 54  4 54    3  3 39  7 39  8 39    2  2 78  8 78    2  3 95  6 95    3  1 21  8 21  9 21    2  6 36  7 36    4  0 66  1 66  6 66  9 66    2  3 84  5 84
17    3  1 11  7 11  9 11    2  0 37  7 37    2  0 11  5 11    2  1 81  7 81    4  0 46  1 46  5 46  8 46    1  6 76    3  0 20  1 20  8 20    4  0 96  5 96  6 96  8 96    4  0 73  2 73  3 73  7 73    3  2 43  5 43  6 43    3  2 84  5 84  7 84    2  4 75  8 75    3  1 97  5 97  8 97    6  0 37  2 37  3 37  4 37  6 37  8 37    5  1 47  2 47  3 47  7 47  9 47    3  1 98  6 98  7 98    4  4 89  5 89  6 89  8 89
23    3  1 69  2 69  9 69    2  0 87  4 87    5  1 77  4 77  5 77  8 77  9 77    3  1 18  5 18  6 18    3  6 18  7 18  8 18    5  0 15  1 15  4 15  6 15  7 15    1  9 44    2  2 70  7 70    4  0 20  3 20  4 20  7 20    3  1 70  3 70  7 70    2  0 19  2 19    2  1 24  2 24    3  0 44  6 44  7 44    1  0 21    4  0 69  2 69  7 69  9 69    2  1 19  3 19    1  5 84    2  5 47  8 47    5  2 86  3 86  6 86  8 86  9 86    2  6 31  7 31    4  0 42  3 42  4 42  7 42    3  5 11  6 11  7 11    6  0 23  1 23  3 23  6 23  7 23  9 23
16    4  1 48  2 48  6 48  9 48    1  3 15    2  1 97  6 97    3  1 23  2 23  9 23    3  0 29  8 29  9 29    6  0 96  2 96  5 96  6 96  7 96  9 96    5  1 66  3 66  4 66  6 66  8 66    4  1 41  2 41  7 41  9 41    3  0 43  4 43  6 43    2  2 58  4 58    1  4 93    3  2 78  3 78  9 78    5  1 74  2 74  5 74  6 74  9 74    2  3 57  9 57    2  2 68  8 68    4  0 85  1 85  8 85  9 85

0 18 20 14 18 23 16 25 7 7 6 2 2 14 13 12 9 7 21 14
28 0 24 17 11 21 23 21 4 27 7 24 21 6 25 20 7 16 1 19
8 19 0 12 24 28 28 28 2 23 26 18 1 21 28 2 6 27 25 8
2 4 19 0 4 25 28 15 16 15 3 16 11 23 24 1 12 15 22 1
23 5 17 6 0 4 8 19 28 16 13 4 15 14 6 28 15 5 3 7
22 20 7 19 14 0 27 18 18 16 27 3 25 15 2 9 14 28 21 24
11 8 9 10 5 23 0 9 4 15 18 21 8 26 8 9 18 25 14 14
14 11 19 28 4 16 17 0 1 9 15 3 24 12 11 28 28 7 16 15
17 8 11 7 28 9 11 3 0 6 23 23 19 20 8 26 25 6 2 17
9 17 13 26 1 2 19 17 22 0 14 15 3 13 9 25 26 13 5 9
12 19 27 15 8 8 26 19 27 19 0 25 6 1 2 12 6 1 19 27
2 16 18 17 7 9 12 14 7 4 11 0 9 8 21 21 3 27 19 21
22 15 25 21 22 6 26 2 11 18 25 6 0 1 20 18 15 6 6 12
15 17 18 15 27 19 10 8 28 1 10 17 19 0 10 18 13 3 18 23
8 10 20 14 9 22 18 20 16 6 25 3 10 1 0 21 24 9 18 19
13 4 3 18 25 16 4 6 22 18 21 27 4 17 24 0 11 11 7 19
22 17 18 21 19 22 5 9 28 10 10 16 17 6 18 25 0 4 14 7
18 2 25 23 20 9 11 16 11 23 27 16 8 28 11 15 26 0 6 23
21 1 4 14 20 28 27 24 11 1 2 14 17 3 22 1 22 2 0 17
27 2 18 9 13 28 4 17 26 16 17 17 11 25 13 18 1 21 7 0

0 9 4 12 18 21 23 22 15 13 12 18 1 22 3 5 3 12 6 19
8 0 11 19 17 25 13 7 6 10 16 28 5 3 14 11 1 13 4 8
14 21 0 1 18 23 23 10 15 10 24 25 10 20 5 11 3 19 23 16
8 15 24 0 27 21 9 14 17 13 23 2 10 27 23 12 9 1 4 27
8 12 8 20 0 1 5 9 18 2 2 7 6 11 14 22 7 17 18 25
17 16 16 15 27 0 8 22 19 8 8 18 8 1 15 25 18 8 12 26
7 5 3 26 13 27 0 20 23 5 28 27 6 3 28 23 28 18 17 7
12 18 11 18 11 12 20 0 20 19 24 6 27 26 16 21 27 8 16 24
17 23 12 20 23 16 28 8 0 9 7 8 22 11 18 4 20 24 23 26
10 16 5 8 9 26 8 9 18 0 11 11 1 11 14 16 26 25 10 28
3 22 10 18 7 2 3 14 17 2 0 9 27 14 18 21 23 27 11 28
25 23 18 28 18 27 21 26 8 8 18 0 15 4 4 10 16 1 28 26
11 18 19 25 8 18 22 24 23 7 24 16 0 28 6 13 5 13 2 8
5 18 24 24 13 11 2 8 3 12 3 13 19 0 25 11 23 23 20 14
28 25 3 6 24 10 4 25 9 2 17 6 7 26 0 17 4 3 21 3
26 10 8 27 15 28 22 18 28 15 28 26 1 3 17 0 7 15 14 16
24 3 25 22 23 24 5 18 7 1 7 14 6 24 14 17 0 17 6 11
1 8 11 25 20 7 14 21 8 21 24 28 4 26 10 20 16 0 18 5
10 17 23 15 5 28 10 12 4 2 4 7 14 28 28 12 4 22 0 28
24 8 21 17 8 9 21 21 7 5 13 22 24 2 9 19 27 19 11 0

0 9 26 11 22 15 19 19 25 9 27 15 15 16 10 2 17 4 4 10
8 0 3 6 10 20 11 13 22 14 12 28 9 24 23 14 17 7 9 16
4 10 0 24 21 20 21 23 12 28 16 14 9 1 14 20 22 26 18 20
10 14 16 0 6 12 4 12 10 12 16 28 2 28 14 22 21 22 20 24
12 28 20 22 0 11 6 18 15 15 10 15 5 9 3 11 19 26 23 8
9 27 1 17 27 0 4 23 16 4 22 28 2 9 18 2 8 16 23 22
11 17 7 12 2 10 0 1 17 5 3 9 22 3 4 3 22 7 23 18
1 14 15 3 17 6 25 0 5 28 17 23 27 20 19 13 17 26 9 26
27 11 1 8 15 17 15 23 0 17 21 10 2 7 21 17 14 18 19 9
20 5 15 13 7 24 13 4 17 0 22 15 1 9 3 4 18 16 22 5
16 8 7 6 5 12 2 22 25 4 0 6 6 4 19 5 12 20 12 17
23 28 8 19 28 28 12 7 21 6 25 0 28 24 4 10 17 17 15 5
3 5 19 20 24 17 23 28 11 4 27 9 0 27 18 20 19 3 27 8
12 20 9 22 18 19 6 25 14 3 11 19 8 0 4 24 10 14 11 1
28 11 20 8 28 15 13 5 27 20 3 27 19 6 0 21 8 19 6 16
4 14 17 13 21 2 8 14 7 16 6 18 1 27 14 0 22 10 26 19
13 25 24 5 26 26 1 28 26 1 7 23 2 4 20 28 0 28 24 19
20 21 22 26 11 11 18 1 19 17 15 23 11 24 9 6 8 0 5 13
27 15 13 2 23 2 13 25 22 24 19 2 15 1 11 24 11 14 0 1
2 23 4 22 5 21 5 6 2 12 21 14 25 28 17 27 16 4 16 0

0 13 1 5 10 7 5 10 28 5 7 17 19 7 17 25 4 19 8 26
7 0 1 7 3 19 24 1 3 3 14 11 3 2 20 23 16 20 23 14
16 13 0 28 12 8 21 24 21 15 5 16 8 17 24 1 18 13 27 27
16 25 19 0 28 28 23 2 15 1 11 13 28 22 17 14 4 6 9 19
27 1 25 24 0 4 25 14 11 5 3 15 10 17 24 10 27 7 17 27
14 4 2 13 22 0 3 21 20 22 21 23 3 11 12 27 21 12 2 23
27 12 20 24 3 14 0 23 5 10 28 15 9 11 1 19 13 3 24 21
27 13 1 27 12 10 26 0 21 18 1 19 22 16 2 13 13 21 7 6
19 14 28 13 8 3 22 16 0 9 18 27 3 19 20 23 18 27 3 8
19 4 3 27 1 3 3 21 2 0 26 1 7 17 20 20 19 8 6 1
17 1 13 23 14 19 14 14 16 16 0 28 18 11 17 15 27 7 20 26
11 14 10 17 19 4 19 21 21 19 6 0 9 21 16 21 1 16 19 17
13 28 11 20 23 3 19 24 27 26 12 11 0 2 19 3 10 22 21 2
3 12 23 1 7 5 24 7 4 3 21 24 20 0 7 16 9 25 23 5
24 7 18 23 14 19 10 21 21 23 22 5 3 27 0 12 15 9 24 25
19 12 8 19 1 7 16 2 16 15 8 20 19 7 24 0 1 17 23 25
10 26 26 2 12 28 23 28 3 11 5 25 19 28 18 5 0 11 17 13
10 6 1 19 11 6 11 6 15 11 14 5 7 15 1 4 15 0 12 12
12 23 22 18 1 10 7 2 16 18 6 25 21 12 19 11 25 3 0 14
23 1 14 9 28 5 13 25 17 5 1 27 6 6 9 16 24 27 18 0

0 12 21 28 28 17 25 19 3 24 14 21 9 20 26 24 3 17 4 25
9 0 10 19 24 20 8 17 21 5 25 10 13 2 7 19 17 25 4 1
26 11 0 20 11 23 12 25 27 13 20 15 25 15 10 6 21 28 4 2
28 28 5 0 19 10 15 19 15 25 1 22 1 3 1 6 12 28 6 11
8 2 20 4 0 12 14 7 5 25 4 9 15 22 22 3 1 14 10 20
8 25 6 11 22 0 25 15 9 24 8 24 5 9 6 13 20 8 13 17
19 27 13 17 20 19 0 27 2 14 5 1 28 2 11 1 8 11 5 6
6 4 28 11 22 13 19 0 6 13 12 18 6 19 19 20 6 19 4 9
24 22 20 22 11 22 25 19 0 24 3 14 28 24 13 22 4 17 10 1
27 22 24 23 6 3 3 25 24 0 23 4 14 13 17 24 10 7 24 2
17 12 21 8 12 18 11 9 25 25 0 12 10 1 13 5 1 5 21 14
21 6 8 14 2 5 20 9 26 1 6 0 28 19 9 18 9 5 15 19
11 13 20 14 8 6 25 24 2 22 2 27 0 8 16 10 27 28 15 3
28 23 21 24 5 19 11 13 5 20 2 28 4 0 14 19 10 25 27 4
19 12 6 20 15 4 5 11 4 22 4 25 20 10 0 9 1 8 5 1
12 15 16 1 1 15 9 19 16 4 10 15 4 14 1 0 20 28 27 24
24 5 26 8 6 3 15 1 10 23 21 16 25 17 13 23 0 28 18 3
15 5 24 22 18 17 17 25 9 13 7 21 9 25 14 21 4 0 19 24
3 25 8 15 16 11 19 15 24 14 25 9 10 6 20 2 21 20 0 20
10 14 21 21 7 9 23 26 5 20 16 17 26 18 28 6 25 16 9 0

0 14 7 8 26 9 10 7 17 2 2 15 12 22 25 24 16 8 9 25
14 0 14 22 21 8 26 17 16 23 22 23 11 28 6 24 28 4 7 5
14 5 0 22 18 13 8 19 21 12 9 5 10 21 16 11 28 8 25 21
2 16 21 0 16 17 27 15 10 27 2 23 15 9 28 3 10 1 2 1
12 5 18 1 0 2 22 18 14 25 18 5 27 3 8 13 12 20 16 13
9 4 21 25 14 0 9 7 18 17 2 12 28 19 11 17 25 24 1 3
23 10 6 1 27 4 0 5 22 26 19 13 7 6 20 28 9 21 1 23
4 14 19 14 22 13 21 0 13 14 10 3 7 2 8 3 27 16 10 26
23 26 3 3 9 17 17 19 0 27 19 3 24 17 7 24 11 18 9 20
1 3 26 2 8 15 3 23 26 0 15 25 2 21 21 24 26 3 21 16
9 9 24 14 13 13 4 28 20 23 0 8 6 20 28 15 6 26 13 13
7 21 20 1 16 7 14 28 10 17 26 0 21 21 8 27 6 6 8 16
18 15 11 6 6 26 5 9 22 19 26 6 0 20 22 20 23 20 17 23
25 28 20 6 1 26 18 19 17 6 6 5 22 0 7 12 14 26 4 1
3 7 18 22 8 9 9 20 4 7 20 10 16 4 0 24 18 20 6 1
26 22 8 18 13 9 10 13 1 17 21 3 5 23 27 0 20 3 14 19
6 26 18 21 7 23 12 9 21 6 20 7 16 27 25 4 0 18 12 10
13 8 10 3 24 1 8 4 5 8 20 15 10 10 22 5 11 0 2 14
22 28 18 20 27 25 7 4 7 12 14 21 6 22 11 24 11 24 0 12
8 9 5 11 9 14 11 5 15 4 28 6 10 8 3 16 27 12 13 0

0 27 19 5 22 26 7 2 13 24 27 11 25 27 25 12 5 11 28 13
28 0 11 18 2 24 27 1 13 7 4 21 1 20 11 8 26 5 4 18
12 14 0 11 7 12 6 23 6 18 19 23 2 23 12 9 19 22 5 6
27 20 19 0 21 13 20 18 15 8 11 22 11 9 26 22 1 1 8 16
9 5 14 10 0 11 5 1 27 14 3 6 4 16 20 19 23 27 14 28
12 21 22 18 8 0 21 14 25 20 4 28 3 19 26 10 27 26 24 10
19 16 28 9 9 28 0 1 26 5 19 18 18 19 4 24 18 5 12 17
28 28 6 6 20 1 3 0 3 19 23 17 16 26 11 3 2 27 11 3
4 19 14 12 21 9 20 15 0 27 25 21 26 8 27 7 8 21 2 4
15 14 18 22 9 26 5 15 1 0 4 6 16 16 2 17 4 23 16 16
17 17 2 22 24 22 5 7 23 8 0 16 8 17 4 19 5 14 26 13
22 14 21 13 4 12 23 11 16 7 21 0 4 9 15 4 14 25 12 7
3 14 28 12 2 23 3 25 19 27 6 24 0 15 13 2 5 17 19 2
20 18 5 21 11 18 2 4 23 24 21 16 18 0 8 2 11 27 12 22
24 3 4 21 28 10 26 3 1 5 19 7 13 24 0 23 15 27 6 9
8 11 20 2 12 15 27 19 14 27 2 24 5 24 15 0 12 1 7 1
10 17 19 24 8 26 20 21 26 22 12 28 21 2 11 20 0 7 21 6
28 25 4 8 4 12 4 15 16 23 22 20 28 28 25 24 7 0 14 3
7 22 13 1 10 11 15 8 28 11 12 4 20 25 21 5 27 8 0 26
28 17 1 10 21 7 8 3 9 28 24 23 1 15 25 2 26 12 17 0

0 8 25 1 22 12 11 14 20 17 11 24 1 13 12 6 21 25 2 19
19 0 2 24 12 27 11 7 9 18 24 24 26 24 27 25 21 21 14 1
21 13 0 2 24 24 10 23 12 11 14 24 21 2 4 25 7 23 8 2
26 13 5 0 3 13 10 10 12 4 16 4 1 25 13 10 15 27 14 22
10 10 27 1 0 15 19 25 10 8 5 13 19 8 25 18 23 2 18 13
5 20 8 15 26 0 14 19 1 8 5 16 18 12 20 2 15 16 15 1
21 14 23 1 17 23 0 9 26 17 15 12 10 25 6 9 1 13 27 4
7 17 14 4 18 22 17 0 25 19 24 11 25 27 9 10 22 9 28 11
20 5 20 24 5 21 3 27 0 27 22 1 8 10 14 24 18 4 6 28
26 27 3 6 2 1 19 23 16 0 2 14 16 14 23 4 26 20 23 21
24 1 5 13 15 22 24 14 9 6 0 27 27 18 23 18 19 11 22 24
28 23 14 3 10 1 24 23 24 23 24 0 2 15 10 15 15 13 13 27
7 16 23 6 8 26 17 16 12 24 24 20 0 24 25 23 22 19 6 13
1 23 4 20 20 19 12 16 14 18 21 1 25 0 17 27 27 25 10 27
15 3 1 6 20 14 21 17 3 6 3 21 10 18 0 4 13 22 8 1
6 25 5 7 25 6 13 27 9 2 21 9 2 10 22 0 9 22 16 16
20 7 11 14 26 26 24 6 4 22 21 7 14 1 14 18 0 8 23 20
2 14 23 15 21 11 1 18 9 27 24 10 11 21 23 25 2 0 23 2
1 19 3 2 7 28 11 24 6 12 5 6 2 3 23 14 22 22 0 17
21 22 16 3 17 17 3 15 22 15 6 18 12 2 24 26 1 28 22 0

0 23 9 6 22 9 12 9 1 12 12 21 12 17 12 18 7 11 1 27
24 0 21 4 1 21 19 11 3 26 26 3 17 25 27 8 19 5 27 11
15 1 0 19 17 26 2 19 10 26 3 17 22 28 13 1 6 20 1 14
1 4 28 0 25 4 21 21 21 1 25 12 2 8 18 19 16 19 17 9
11 8 25 7 0 3 19 21 18 26 5 18 7 14 14 15 22 17 25 25
26 18 24 6 4 0 21 10 18 19 24 26 20 10 4 4 11 19 20 3
25 10 24 28 28 15 0 17 9 17 1 22 25 1 11 12 28 7 12 20
8 28 28 4 8 3 12 0 2 24 27 25 28 13 8 21 19 20 17 7
22 19 19 9 24 10 21 9 0 25 7 25 22 10 22 26 21 12 27 5
19 2 24 13 16 25 19 18 1 0 8 2 3 23 22 20 3 7 2 13
12 25 28 12 12 13 11 11 4 28 0 23 7 5 15 10 23 14 1 6
22 17 17 18 19 10 1 7 2 10 6 0 10 17 17 28 17 12 1 16
22 21 10 14 28 17 1 14 12 3 26 1 0 14 28 21 25 15 11 5
12 21 6 27 5 20 26 14 27 25 8 2 11 0 8 9 3 5 16 1
23 11 1 15 4 15 25 26 18 15 18 10 21 8 0 8 20 10 23 17
18 19 14 14 25 7 28 25 11 20 21 19 19 12 14 0 18 18 8 6
22 4 13 18 9 2 2 9 1 23 15 14 13 17 5 2 0 15 10 15
14 26 3 13 13 27 6 18 20 20 13 5 4 1 20 17 15 0 2 14
12 24 18 1 18 18 19 20 17 28 26 19 24 21 28 9 17 20 0 22
8 17 23 20 12 9 9 17 19 8 20 23 26 17 27 8 25 12 9 0

0 28 5 4 28 20 20 27 22 20 21 11 20 6 9 1 8 7 18 8
22 0 28 5 10 28 5 25 9 5 21 13 14 17 2 9 20 21 19 6
4 12 0 21 18 20 13 22 12 28 6 26 27 25 9 26 23 6 16 24
25 16 10 0 2 11 22 2 28 20 20 9 21 22 15 19 12 19 18 25
19 18 24 26 0 28 28 25 7 22 22 12 23 13 19 24 8 6 9 24
1 10 18 2 1 0 2 4 26 28 11 16 21 25 28 17 28 17 20 15
4 28 19 18 12 14 0 4 17 11 15 1 19 25 27 22 19 7 4 27
27 8 15 1 3 3 4 0 28 27 7 3 23 21 13 16 4 11 5 13
11 6 5 14 28 3 20 19 0 9 2 17 19 6 18 12 16 12 20 2
8 20 17 23 22 15 20 11 9 0 5 27 11 20 28 20 16 21 17 9
14 18 22 23 1 15 21 19 2 18 0 12 14 2 27 25 13 15 2 1
21 21 17 21 14 22 25 10 17 3 8 0 20 15 20 14 21 14 28 12
21 17 5 27 25 19 18 8 1 28 9 13 0 21 4 24 22 1 25 21
2 3 8 16 11 11 9 12 5 1 3 18 9 0 3 12 6 26 20 16
5 26 21 24 25 13 12 12 8 26 18 7 1 13 0 26 8 20 6 23
22 23 16 8 26 27 9 3 16 24 18 20 10 8 10 0 18 25 23 6
4 22 10 14 13 20 11 4 7 8 15 13 9 20 15 23 0 21 2 15
14 24 20 26 1 1 25 19 15 16 18 18 3 12 27 14 6 0 24 28
20 17 8 3 8 21 18 27 14 1 24 13 21 11 13 20 22 12 0 3
21 19 6 18 9 12 26 23 14 26 3 10 2 20 25 12 18 23 2 0
