30 10 3
10    1  0 66    1  2 84    2  3 26  2 26    2  7 29  5 29    1  9 94    2  6 98  7 98    2  8 7  7 7    3  5 98  9 98  6 98    3  1 45  3 45  9 45    2  4 43  0 43
10    3  3 32  2 32  9 32    2  0 97  4 97    2  6 55  1 55    2  2 88  5 88    3  8 93  3 93  0 93    1  9 88    2  1 20  8 20    1  4 50    1  7 17    3  5 5  8 5  0 5
10    2  4 43  8 43    3  3 68  9 68  7 68    3  8 47  3 47  9 47    1  9 68    2  1 57  5 57    1  6 20    1  5 81    3  2 60  1 60  6 60    3  7 94  9 94  1 94    2  0 62  3 62
10    3  1 57  9 57  0 57    3  5 40  1 40  2 40    2  0 78  2 78    1  6 9    3  2 49  1 49  3 49    3  9 17  4 17  2 17    1  3 32    1  4 30    2  8 87  0 87    2  7 77  0 77
10    2  0 52  9 52    2  4 30  0 30    2  3 48  2 48    2  5 48  8 48    1  1 26    2  9 17  1 17    2  6 93  4 93    3  8 97  7 97  5 97    2  7 49  1 49    3  2 89  8 89  5 89
10    3  7 95  4 95  2 95    3  0 33  7 33  2 33    1  1 5    2  6 17  4 17    1  5 70    2  3 57  5 57    3  4 34  6 34  9 34    1  2 61    2  8 62  2 62    3  9 39  7 39  5 39
10    2  7 97  1 97    2  5 92  6 92    1  1 31    2  8 5  6 5    2  2 79  8 79    2  4 5  0 5    1  3 67    1  0 5    3  9 78  2 78  7 78    1  6 60
10    2  2 79  0 79    1  4 6    2  7 20  6 20    3  8 45  0 45  2 45    2  6 34  5 34    2  3 24  4 24    1  9 26    1  5 68    1  1 16    3  0 46  1 46  4 46
10    3  7 58  9 58  4 58    2  9 50  8 50    1  2 19    3  8 93  9 93  4 93    2  6 49  0 49    3  3 25  0 25  8 25    2  5 85  8 85    3  4 50  2 50  1 50    1  0 93    1  1 26
10    3  9 81  0 81  7 81    3  6 71  0 71  4 71    1  5 7    3  1 39  0 39  9 39    1  2 16    2  8 42  3 42    3  0 71  2 71  5 71    1  4 84    1  3 56    1  7 99
10    3  8 9  3 9  6 9    3  0 86  3 86  6 86    3  9 6  0 6  1 6    1  3 71    2  6 97  1 97    1  5 85    1  4 16    2  2 42  7 42    2  7 81  4 81    2  1 81  4 81
10    3  4 72  1 72  8 72    1  3 24    3  0 30  5 30  9 30    3  8 56  1 56  3 56    1  2 43    3  1 61  7 61  5 61    2  7 82  8 82    2  6 40  5 40    1  5 59    3  9 43  5 43  3 43
10    2  9 43  5 43    1  1 13    3  6 70  7 70  8 70    2  7 93  8 93    2  0 95  3 95    1  8 12    1  4 15    2  2 78  3 78    1  5 97    1  3 14
10    3  0 14  2 14  4 14    3  6 26  0 26  4 26    2  1 71  8 71    2  3 46  6 46    1  8 80    2  5 31  1 31    2  4 37  6 37    2  9 27  1 27    3  7 92  3 92  4 92    3  2 67  4 67  7 67
10    3  2 12  7 12  9 12    1  0 43    3  5 96  4 96  9 96    2  6 7  7 7    3  3 45  0 45  9 45    3  7 20  2 20  0 20    3  1 13  4 13  5 13    1  9 29    3  4 60  8 60  0 60    2  8 33  4 33
10    1  1 78    2  5 50  3 50    3  6 84  8 84  0 84    1  0 42    2  8 84  4 84    3  4 30  8 30  3 30    3  9 76  8 76  2 76    3  2 57  1 57  0 57    3  7 87  9 87  2 87    1  3 59
10    2  4 49  1 49    2  7 50  6 50    1  1 15    1  8 13    3  0 93  8 93  6 93    3  6 50  8 50  4 50    3  9 32  8 32  7 32    2  5 59  2 59    1  3 10    1  2 35
10    3  1 25  6 25  5 25    1  0 47    3  7 60  0 60  3 60    3  8 33  1 33  7 33    2  4 53  7 53    1  5 37    1  9 73    3  2 22  4 22  3 22    3  3 87  4 87  9 87    2  6 79  3 79
10    2  0 84  3 84    1  6 83    1  1 71    2  5 68  4 68    1  9 89    2  8 11  1 11    1  3 60    2  4 50  5 50    1  2 33    1  7 97
10    1  1 14    2  0 38  3 38    2  6 88  2 88    3  5 5  4 5  6 5    3  4 77  9 77  5 77    2  7 92  0 92    3  8 24  4 24  7 24    2  2 73  7 73    1  9 52    3  3 71  4 71  9 71
10    3  7 62  6 62  0 62    2  9 19  7 19    3  6 38  5 38  0 38    1  3 15    2  8 64  5 64    2  2 64  9 64    2  4 8  7 8    3  1 61  6 61  4 61    2  0 19  2 19    1  5 33
10    1  2 33    1  5 46    2  4 74  6 74    2  0 56  8 56    3  6 84  7 84  2 84    2  9 83  8 83    3  8 19  7 19  9 19    3  7 8  9 8  3 8    2  3 32  8 32    2  1 97  4 97
10    1  4 50    2  3 71  8 71    2  6 50  1 50    2  2 97  3 97    2  9 8  4 8    2  0 17  3 17    1  7 19    1  8 92    2  5 54  4 54    1  1 52
10    3  8 32  4 32  2 32    3  1 79  7 79  0 79    1  3 97    1  5 38    2  9 49  5 49    1  4 76    1  6 76    3  0 56  2 56  6 56    1  2 78    1  7 54
10    1  5 13    2  3 5  0 5    1  2 25    2  0 86  1 86    1  1 95    2  9 28  2 28    3  6 78  0 78  3 78    3  8 24  6 24  4 24    1  7 10    2  4 39  1 39
10    2  7 48  8 48    3  2 59  3 59  5 59    1  0 20    3  9 7  8 7  0 7    2  5 31  9 31    3  6 97  7 97  1 97    1  1 89    1  4 32    1  3 25    2  8 41  5 41
10    2  5 87  7 87    2  0 18  8 18    2  9 48  8 48    2  2 43  6 43    1  1 30    2  6 97  8 97    1  7 47    1  8 65    2  3 69  8 69    1  4 27
10    1  6 71    2  5 20  2 20    2  8 20  4 20    1  1 78    2  3 39  5 39    2  0 17  6 17    2  7 50  5 50    1  2 44    3  9 42  5 42  4 42    3  4 38  3 38  2 38
10    2  0 50  4 50    2  9 42  3 42    1  3 72    2  5 7  1 7    2  1 77  4 77    1  7 58    1  4 78    3  2 89  1 89  3 89    1  6 70    2  8 36  7 36
10    2  3 32  2 32    3  9 95  6 95  3 95    3  2 13  3 13  9 13    3  0 73  9 73  4 73    1  6 97    3  8 24  3 24  9 24    3  4 49  6 49  2 49    2  5 57  2 57    3  1 68  3 68  0 68    3  7 94  6 94  0 94

0 2 13 10 21 7 2 24 9 24 9 26 20 5 18 6 3 19 11 3 2 7 17 4 21 10 19 26 5 13
15 0 19 8 17 15 24 25 1 4 14 17 13 5 7 15 12 24 9 16 11 14 17 15 13 3 12 2 22 6
23 1 0 19 6 24 1 7 1 6 8 17 8 6 16 15 18 7 14 18 22 12 22 10 14 5 19 18 12 22
10 15 8 0 3 12 7 14 18 13 15 11 20 1 6 13 8 25 13 22 15 2 8 24 23 17 4 17 2 26
10 10 17 6 0 16 19 13 20 6 6 4 17 11 15 23 3 12 12 11 4 26 22 3 3 20 16 9 2 4
10 7 13 9 20 0 24 6 4 17 26 15 26 20 26 25 26 11 8 4 4 7 21 14 2 9 23 22 15 21
4 6 23 26 24 12 0 24 25 24 20 19 10 7 23 5 17 16 18 3 26 20 16 10 22 6 12 25 6 11
21 12 26 8 8 14 24 0 17 1 17 22 17 2 23 8 2 14 7 7 14 9 6 19 21 12 8 25 2 21
15 12 16 23 10 11 7 26 0 20 14 11 11 21 20 18 8 11 6 6 8 22 15 16 8 12 13 21 20 13
26 15 11 3 5 12 10 1 10 0 9 23 15 5 24 8 20 23 19 17 12 22 9 10 4 11 11 9 21 5
23 10 22 20 10 5 10 8 9 10 0 7 6 19 14 5 9 22 2 24 24 8 24 23 10 11 1 12 15 13
23 19 16 15 13 23 7 15 4 4 19 0 26 5 5 20 11 8 20 16 18 20 12 19 11 6 25 2 19 20
17 8 11 21 13 25 1 11 1 7 6 2 0 16 13 20 16 22 25 16 22 25 4 24 15 6 20 5 9 9
5 19 12 7 25 22 26 21 24 13 26 24 16 0 8 8 18 6 17 9 26 13 7 14 15 15 8 5 20 17
18 8 16 3 26 18 17 18 17 8 2 9 18 24 0 2 2 24 8 3 10 8 24 22 20 23 2 6 2 23
12 22 12 8 8 17 13 18 5 15 26 23 26 26 15 0 21 12 19 16 25 10 13 25 7 15 9 6 24 7
18 20 24 2 9 11 16 10 5 13 14 18 1 4 4 1 0 7 17 26 20 22 14 16 1 25 8 12 24 1
18 17 4 23 26 5 8 8 10 17 24 7 2 18 18 16 25 0 16 24 5 22 16 23 22 16 5 19 18 26
7 16 7 5 23 19 17 1 4 21 2 26 20 17 10 15 4 3 0 25 16 8 22 21 15 17 21 24 3 5
21 25 24 6 6 8 4 4 11 12 3 5 26 19 22 20 17 15 15 0 7 24 17 17 10 14 2 17 20 6
21 20 24 10 24 26 2 13 26 8 14 26 25 17 16 14 13 4 10 25 0 4 24 20 4 1 1 11 6 13
6 2 8 24 20 18 17 13 23 20 24 24 4 2 18 21 20 6 14 26 6 0 19 24 17 6 14 5 10 26
4 20 18 26 18 19 16 7 19 2 16 18 18 12 22 5 5 15 10 3 4 1 0 1 24 15 1 7 7 6
6 21 25 18 8 26 6 21 18 15 21 3 3 11 4 13 16 8 9 26 11 15 14 0 26 15 18 18 5 14
13 18 2 6 14 24 1 5 12 23 5 23 21 10 2 2 26 25 15 12 13 19 18 20 0 16 5 14 9 6
19 10 4 25 24 7 25 9 13 26 13 15 22 9 6 22 19 25 6 5 10 17 25 2 7 0 17 24 19 1
1 11 12 12 19 25 18 6 17 2 24 23 11 5 20 3 2 7 11 25 26 21 21 17 21 14 0 4 4 25
26 10 16 2 19 9 4 17 21 20 23 18 25 6 18 22 17 4 2 23 2 6 19 20 24 22 25 0 23 3
25 15 19 15 7 17 22 1 10 3 5 13 1 17 1 26 8 6 7 22 6 12 20 2 2 22 7 16 0 11
26 5 12 16 15 2 21 26 8 7 23 21 1 10 21 16 8 17 6 10 19 8 20 7 17 15 21 11 4 0

0 16 25 18 16 9 2 24 14 9 5 3 6 10 26 11 26 25 15 25 16 12 7 15 19 25 13 25 22 22
26 0 20 5 11 4 16 26 12 15 12 13 18 13 18 12 18 16 9 20 4 8 2 7 21 5 15 12 5 16
24 24 0 11 9 15 16 23 17 6 24 2 25 3 6 2 3 14 25 3 22 18 5 16 21 25 4 18 16 1
26 15 20 0 6 7 26 9 16 20 3 8 1 20 22 26 9 22 22 5 19 11 26 9 8 8 22 18 9 8
9 25 5 6 0 23 7 3 4 5 20 18 5 18 13 12 6 1 8 16 15 16 6 7 17 21 14 13 1 4
11 5 10 21 25 0 13 4 21 11 2 3 16 25 3 19 6 14 21 19 19 3 7 23 17 1 19 10 11 7
20 21 6 11 19 15 0 21 24 26 25 9 16 25 9 10 26 25 5 21 26 21 2 9 14 16 14 7 20 5
18 6 9 23 9 19 3 0 24 15 10 26 15 24 26 5 2 1 18 9 6 6 15 20 24 11 21 8 22 9
21 6 12 2 3 19 7 12 0 6 18 19 2 13 18 24 8 12 9 6 16 22 10 25 20 6 8 10 12 3
18 25 7 15 14 20 14 22 12 0 16 10 14 8 8 18 14 5 5 23 22 9 16 22 24 12 18 7 5 2
21 24 12 5 5 10 15 20 17 3 0 8 18 24 2 8 6 11 18 18 12 25 26 7 2 26 20 16 9 22
14 6 12 10 2 8 1 13 22 6 14 0 26 4 19 10 11 12 20 9 5 17 5 11 9 14 5 6 11 6
10 10 25 5 8 11 19 1 23 21 24 20 0 16 16 17 4 25 24 12 15 20 4 3 9 15 7 16 4 15
20 19 10 13 26 13 21 15 17 8 26 23 20 0 26 14 20 2 7 13 1 8 22 3 20 21 11 10 26 25
22 1 21 19 14 5 14 19 18 21 11 1 23 6 0 26 4 15 13 12 4 22 17 10 1 14 2 26 21 20
1 22 25 12 1 19 18 22 7 5 25 26 11 1 17 0 19 10 11 8 11 22 17 2 17 14 17 1 18 15
14 24 1 15 7 26 5 7 17 24 16 13 2 5 8 19 0 4 26 14 3 19 5 3 15 20 14 9 13 15
5 12 17 25 20 15 13 16 12 9 26 3 2 9 7 3 1 0 1 3 9 1 25 25 20 5 10 9 25 3
19 21 4 7 12 3 14 15 18 14 2 17 1 16 25 1 6 11 0 9 25 10 1 12 26 11 17 10 17 14
5 9 15 23 23 5 11 13 6 11 21 21 15 6 22 5 22 9 7 0 11 12 3 24 9 10 25 18 2 23
9 3 11 26 19 15 19 19 14 3 10 12 5 7 3 4 18 11 24 13 0 24 16 16 6 9 8 3 18 1
26 10 14 16 13 16 2 9 24 26 23 4 10 3 19 17 11 20 17 8 22 0 24 8 23 26 2 21 3 17
17 9 24 14 1 14 6 1 16 14 7 16 16 14 10 17 12 17 22 23 22 17 0 9 3 9 8 16 7 7
23 20 22 7 22 12 12 14 14 5 10 19 2 25 16 25 10 15 9 12 26 26 22 0 16 20 23 18 13 25
10 4 4 14 19 9 8 7 14 13 15 2 5 6 7 7 26 22 1 17 24 12 26 20 0 26 23 15 17 10
11 1 7 7 1 26 4 16 11 4 22 15 11 22 12 7 20 14 19 21 6 21 12 12 1 0 5 17 16 13
25 13 14 2 14 16 4 22 12 18 21 12 8 15 13 14 16 4 17 1 5 15 3 6 25 4 0 24 16 4
18 13 11 26 26 5 15 9 10 12 26 10 6 20 4 17 5 19 9 24 22 17 2 18 23 6 14 0 14 18
13 14 6 16 23 26 23 3 22 10 4 2 1 19 5 26 5 9 6 10 18 12 16 26 16 5 6 23 0 14
8 25 25 15 19 8 5 23 17 23 16 10 3 7 6 17 5 3 4 9 9 3 16 4 24 3 22 23 15 0

0 25 25 15 7 6 10 9 3 12 3 4 12 5 23 8 14 8 3 9 3 5 11 14 17 11 5 3 19 12
19 0 6 4 14 4 22 20 12 11 26 5 12 6 24 1 26 18 3 15 1 13 10 19 15 26 4 9 2 11
26 22 0 1 9 17 2 21 20 2 15 5 2 1 13 15 21 7 4 25 18 20 16 6 3 17 2 23 20 13
23 24 25 0 5 23 24 6 13 24 13 15 25 11 26 25 8 2 23 20 15 5 22 14 5 5 19 5 23 13
16 1 9 8 0 18 8 10 9 4 23 10 2 13 26 11 6 20 8 26 15 6 16 18 24 15 26 6 16 1
17 9 21 16 23 0 7 14 10 9 11 26 26 20 1 17 18 1 18 7 12 14 24 6 19 21 8 5 17 8
11 15 19 12 1 26 0 22 4 25 14 8 19 7 12 5 22 25 14 3 11 25 9 12 12 13 19 15 24 5
20 4 19 22 22 19 19 0 22 20 25 23 3 16 13 22 25 4 25 12 17 25 24 13 8 14 1 26 12 18
25 9 17 18 7 21 11 9 0 26 5 2 22 19 20 4 17 3 22 3 8 10 11 26 25 18 5 5 9 26
2 23 3 5 21 2 12 10 14 0 11 10 9 20 26 7 21 4 16 26 9 14 25 24 3 1 21 4 15 9
25 8 13 26 16 25 24 21 20 2 0 9 6 16 14 24 24 5 13 25 3 18 17 22 21 17 23 24 17 14
6 8 2 25 8 15 5 5 11 15 21 0 16 17 20 22 26 16 7 7 1 6 13 17 25 6 16 6 8 25
11 3 2 22 20 22 25 1 22 4 1 23 0 2 24 13 14 26 21 23 12 1 11 2 5 5 10 23 20 16
14 12 10 5 6 25 13 3 3 25 26 24 17 0 5 12 2 16 15 23 8 4 21 5 4 2 18 15 15 23
21 20 15 10 22 6 15 3 5 8 10 14 2 14 0 18 1 1 19 12 7 2 26 15 22 16 10 18 21 25
1 6 10 23 23 9 1 9 26 23 14 13 12 13 10 0 8 6 5 15 11 25 25 1 9 1 2 22 3 18
25 12 8 5 9 18 3 16 13 17 7 13 1 5 19 12 0 17 10 5 1 24 13 12 17 4 26 13 9 8
20 4 18 19 13 5 22 3 23 17 15 25 19 10 19 15 24 0 20 1 1 1 20 8 21 10 20 22 13 5
24 17 5 9 19 26 14 23 12 18 20 18 22 6 23 16 3 10 0 3 7 24 1 12 21 6 6 18 6 23
17 19 9 21 3 17 11 16 25 24 9 2 22 26 14 3 17 2 23 0 19 22 24 5 11 20 2 21 23 4
18 25 13 9 12 26 20 21 21 18 18 7 15 25 2 14 10 19 6 8 0 10 3 26 26 5 9 19 2 14
18 9 23 17 23 20 14 6 8 10 5 24 20 6 10 7 25 3 13 19 11 0 8 11 17 19 11 19 16 12
5 2 18 2 18 9 1 26 16 17 4 16 2 6 21 24 6 25 21 20 3 10 0 8 11 25 4 10 17 8
13 6 26 15 7 21 9 11 1 2 14 14 1 26 14 21 16 15 7 16 23 22 14 0 3 23 7 23 12 23
10 3 12 25 14 25 15 24 3 6 11 26 25 22 5 19 7 10 4 21 3 13 17 1 0 15 19 20 1 8
19 19 23 14 6 4 9 11 6 19 11 24 3 17 3 11 25 21 7 1 11 16 12 19 17 0 2 5 12 14
15 10 14 14 2 2 23 14 17 18 6 18 15 18 3 7 9 24 9 3 22 16 19 17 26 2 0 22 26 12
20 4 15 24 11 12 23 9 26 1 17 4 2 6 1 13 18 23 11 17 23 3 2 2 21 21 15 0 4 22
13 7 26 24 4 8 7 4 9 2 6 15 13 9 25 11 12 13 5 9 23 25 5 15 25 26 22 24 0 18
8 18 25 1 19 26 11 21 8 24 21 3 10 9 14 7 20 18 4 7 13 14 7 10 22 11 25 23 12 0

0 5 10 4 1 7 19 10 26 17 15 5 8 17 2 15 13 18 21 14 24 17 11 22 7 6 14 17 9 6
18 0 15 7 18 5 15 13 6 16 17 9 1 20 9 2 16 1 5 12 6 6 8 20 21 21 6 4 3 10
4 19 0 5 8 23 9 4 21 17 13 15 1 13 9 2 6 25 5 19 13 26 10 19 7 12 4 21 2 23
14 10 14 0 24 13 10 16 24 22 25 17 5 18 25 16 23 22 15 22 26 15 18 5 20 20 25 8 16 26
18 20 9 3 0 17 18 23 10 3 21 8 18 15 25 22 25 12 18 14 2 5 4 7 14 15 3 12 18 10
26 8 19 14 21 0 8 24 17 24 16 8 24 22 12 13 25 7 19 10 15 17 22 14 3 15 15 2 21 18
23 5 8 20 22 21 0 13 6 18 2 13 22 3 25 4 18 11 8 19 21 21 4 8 18 21 19 14 23 7
2 2 14 19 20 8 26 0 9 24 3 18 5 2 22 11 12 25 1 26 2 18 21 24 18 6 1 22 26 25
13 16 3 9 11 25 14 13 0 2 13 15 4 13 10 5 10 1 15 3 6 18 7 2 1 23 24 19 22 7
15 9 22 3 26 14 14 19 10 0 24 7 16 10 5 9 22 10 26 8 24 6 14 3 25 19 17 17 12 15
14 23 9 19 4 21 20 14 20 24 0 20 16 23 14 24 8 9 23 24 11 26 20 11 2 12 9 10 10 20
18 21 11 26 22 17 17 23 9 3 13 0 8 13 8 5 17 18 14 20 3 5 17 3 10 17 16 21 13 26
17 24 3 2 15 17 9 1 14 3 7 17 0 21 6 24 12 8 17 16 21 16 25 15 1 26 14 12 24 26
17 1 22 7 17 23 15 20 21 5 8 7 3 0 21 1 13 23 4 5 12 13 6 25 21 22 13 13 6 22
6 5 21 9 8 22 12 4 3 20 1 23 18 4 0 15 22 9 22 20 23 22 26 17 1 22 19 25 14 17
12 6 23 5 3 2 20 24 22 25 5 14 5 19 16 0 6 18 14 18 22 16 10 24 25 20 9 19 17 15
23 8 17 22 26 9 26 18 15 11 26 15 4 13 24 6 0 16 2 5 6 8 2 8 19 9 7 9 1 2
25 15 12 2 18 3 20 1 24 14 26 15 7 22 22 2 23 0 17 12 7 23 3 6 22 22 14 13 1 10
6 25 5 2 7 9 26 7 24 3 19 7 4 7 1 15 17 23 0 14 1 1 19 21 1 12 6 22 22 16
9 19 13 20 16 17 4 10 9 16 22 17 8 17 19 26 18 20 3 0 7 13 25 5 7 19 4 2 21 24
7 21 12 13 1 11 3 11 12 15 18 20 18 11 3 8 23 16 20 13 0 23 16 14 19 13 16 14 14 14
18 19 22 1 4 20 13 5 21 9 1 26 24 6 25 16 6 2 8 25 22 0 16 25 5 1 10 9 20 7
14 11 13 12 15 19 7 9 16 4 24 9 7 18 1 7 14 16 25 15 26 13 0 14 17 17 12 8 6 9
26 8 25 22 15 13 2 1 24 15 25 24 8 26 25 5 17 18 19 21 5 12 24 0 25 19 11 14 13 23
26 13 25 16 26 13 23 22 4 5 10 9 14 1 23 21 13 24 7 16 6 14 23 3 0 10 17 26 4 4
26 20 10 8 25 20 7 13 8 3 17 8 5 21 21 19 14 20 9 21 8 17 3 9 3 0 4 19 19 9
14 21 9 2 7 15 11 13 25 8 3 8 12 20 23 10 6 24 5 16 12 19 10 20 9 23 0 18 3 8
5 22 11 17 8 26 2 15 12 2 12 2 15 14 23 8 9 8 23 26 23 13 11 2 23 21 19 0 21 17
15 1 1 24 23 5 16 15 2 17 13 1 7 11 18 12 18 3 20 25 9 15 10 12 23 25 9 14 0 26
14 9 8 5 5 24 14 23 8 1 1 9 25 8 22 16 24 24 19 16 7 19 21 25 4 14 9 26 21 0

0 1 25 2 16 25 1 23 6 4 3 10 20 12 13 19 11 9 7 25 24 9 20 6 11 20 19 15 13 26
24 0 1 7 15 4 9 10 1 21 18 6 5 10 20 5 19 9 18 7 6 26 3 16 2 2 8 16 10 9
25 22 0 19 22 2 4 25 3 17 7 21 11 22 11 8 24 20 2 24 6 3 3 18 15 21 16 23 10 18
6 11 8 0 4 21 11 23 1 26 26 4 20 19 11 11 18 6 11 4 17 26 1 16 3 21 2 5 7 13
13 19 1 9 0 26 1 22 5 24 8 25 23 22 23 2 22 13 21 17 10 3 26 8 23 6 14 5 17 24
12 10 5 18 22 0 9 8 25 20 12 2 16 11 17 14 21 14 10 12 25 9 1 9 25 4 15 1 12 5
2 7 21 13 14 13 0 17 18 3 7 6 15 16 15 20 7 3 14 22 11 26 16 4 8 17 8 6 23 26
21 17 22 22 2 18 13 0 11 4 22 7 7 12 4 20 7 10 9 10 4 13 19 24 3 22 18 23 1 22
26 23 6 4 19 21 7 4 0 5 25 7 19 13 3 5 12 24 21 2 5 14 7 16 18 6 18 4 19 1
18 16 19 24 21 3 3 26 7 0 25 3 3 14 26 9 24 3 24 21 21 11 23 13 20 14 14 11 17 25
19 12 25 6 1 26 13 19 9 22 0 4 5 6 16 14 6 4 16 16 7 3 25 10 4 5 19 2 9 11
5 10 12 11 17 17 17 15 15 3 20 0 12 15 23 2 17 3 10 21 8 13 25 15 2 13 22 7 14 20
5 23 2 5 22 24 15 14 11 6 4 24 0 20 17 7 5 4 26 12 13 17 21 18 9 25 15 10 21 22
11 7 12 6 9 12 2 20 26 1 16 15 26 0 1 25 14 15 13 16 14 25 3 21 22 22 26 2 25 10
9 18 1 2 7 21 2 20 7 12 18 15 26 24 0 25 11 6 6 19 6 5 3 16 4 19 4 12 17 11
5 13 4 22 15 11 24 15 6 12 8 3 17 19 6 0 13 19 9 25 10 20 18 20 18 24 16 13 21 15
11 17 24 17 22 21 25 17 12 13 24 2 14 5 23 7 0 19 17 15 3 16 3 25 6 15 14 5 15 3
22 23 14 1 19 24 2 15 2 2 13 12 10 20 16 14 8 0 7 14 6 8 8 3 21 25 1 1 25 22
10 11 22 18 22 16 7 18 11 2 5 15 4 1 8 2 12 20 0 23 2 3 26 20 7 9 5 1 21 1
2 19 5 9 11 12 25 3 11 8 15 20 5 26 13 23 23 10 18 0 11 23 12 22 23 2 18 3 19 7
10 4 12 10 7 26 26 11 21 6 21 13 15 17 8 1 18 6 11 16 0 16 8 9 14 8 15 22 22 14
18 5 10 25 22 19 9 11 23 1 13 12 7 25 8 5 26 16 1 12 22 0 10 23 5 2 19 21 8 17
12 15 6 10 19 16 2 2 8 19 7 22 17 4 26 8 18 21 18 22 9 11 0 6 15 2 20 6 1 13
2 9 21 14 5 7 1 8 13 5 9 8 21 2 19 20 5 4 11 18 18 20 12 0 16 21 23 22 11 26
18 10 18 21 6 22 5 26 21 16 26 16 2 1 14 11 17 6 13 26 21 19 25 17 0 6 9 12 17 10
12 14 9 26 9 16 17 20 17 18 6 7 4 5 21 9 7 19 16 1 1 14 10 6 12 0 18 17 24 20
20 24 3 23 19 17 23 5 16 7 13 13 19 1 15 25 12 25 4 22 15 18 7 17 3 18 0 19 7 11
21 16 25 23 5 13 8 10 5 20 17 9 2 10 15 13 20 9 3 21 18 9 2 22 19 19 2 0 9 9
19 22 14 5 21 1 2 13 25 13 2 9 17 26 25 1 1 23 12 14 5 1 11 3 11 2 15 7 0 9
15 23 1 14 24 1 6 12 5 18 9 13 10 6 4 10 15 18 1 26 24 23 2 20 7 2 7 20 11 0

0 15 21 18 15 12 10 22 24 10 16 23 18 23 25 15 22 14 9 19 26 12 12 10 12 16 7 26 20 5
22 0 1 20 17 23 4 8 20 24 15 11 3 16 20 7 22 18 9 9 10 9 26 1 18 4 9 17 1 21
4 23 0 25 14 19 17 12 11 15 21 12 21 16 19 25 20 11 25 15 20 3 10 5 9 19 2 9 4 10
26 11 23 0 20 22 12 26 16 1 20 22 18 19 11 11 5 12 17 10 5 22 23 4 17 21 4 1 16 23
15 18 26 16 0 8 20 26 25 23 6 26 25 20 7 13 4 17 24 6 20 21 19 16 24 19 25 13 2 10
13 2 5 24 5 0 7 10 22 10 23 6 24 22 16 9 7 12 15 14 6 26 17 1 3 18 13 25 10 18
9 18 2 24 16 6 0 18 17 10 20 16 10 16 24 14 16 21 25 7 9 9 11 17 6 7 25 26 22 26
12 20 12 4 16 11 19 0 22 21 12 3 1 22 15 2 1 25 14 23 16 21 6 2 2 17 13 5 11 1
8 11 15 26 13 16 26 1 0 11 15 17 3 11 5 25 15 10 22 20 3 6 13 3 14 11 3 2 12 6
11 9 20 12 4 6 7 15 1 0 21 10 13 7 19 8 8 3 11 10 2 12 22 9 24 22 26 18 9 21
3 22 1 24 5 25 9 16 15 21 0 19 12 18 22 2 12 8 17 13 11 22 5 25 15 21 13 26 19 23
26 2 1 8 2 6 26 8 12 12 17 0 17 7 12 4 23 26 21 23 20 5 2 1 13 18 22 26 4 25
17 7 8 10 18 7 4 10 23 21 26 8 0 23 26 4 24 13 25 4 10 4 14 5 25 11 8 1 2 12
11 25 18 23 2 25 23 9 16 3 25 15 22 0 26 21 24 10 3 6 9 21 6 16 24 19 16 9 18 18
25 8 3 23 10 19 5 10 23 2 6 16 1 13 0 21 8 2 22 25 26 17 19 6 24 5 6 17 16 1
13 25 20 4 3 4 6 15 18 7 4 16 4 4 25 0 23 16 18 15 3 25 13 20 22 4 11 6 14 4
11 11 18 11 1 14 25 18 25 2 7 8 13 16 25 10 0 17 19 3 18 15 14 1 2 17 2 15 26 11
16 3 7 21 25 22 5 4 11 10 21 10 17 1 26 1 13 0 22 15 9 20 26 19 16 20 13 15 2 5
5 22 16 13 9 14 24 14 21 25 6 13 14 15 15 2 22 6 0 6 13 13 18 5 2 13 11 8 4 17
20 9 11 23 24 10 2 20 15 22 16 24 18 5 19 1 14 25 26 0 21 12 14 1 15 18 25 25 12 7
22 1 3 25 4 3 1 18 14 21 5 10 26 23 2 3 15 7 13 6 0 25 22 20 17 1 1 12 3 14
18 24 16 9 10 16 5 22 20 20 9 6 10 17 7 9 4 3 1 7 13 0 6 11 10 24 5 12 21 9
4 2 10 11 17 25 12 10 5 12 5 8 6 8 19 19 8 15 3 14 19 26 0 26 11 12 23 7 18 8
8 17 23 20 21 24 8 12 5 13 7 19 23 3 9 22 19 24 16 23 14 12 22 0 14 2 16 21 8 9
5 4 10 15 22 17 20 21 22 18 18 26 9 14 19 14 21 14 9 14 1 19 14 12 0 2 3 1 12 22
19 23 11 5 12 2 7 15 24 18 15 8 13 25 18 14 9 9 22 6 10 10 17 10 1 0 10 22 15 7
14 5 7 14 10 22 2 13 20 25 7 25 24 14 12 26 22 5 21 20 1 20 24 22 15 11 0 25 10 20
20 18 11 5 4 16 14 11 23 4 4 6 8 19 5 16 20 26 7 3 24 25 2 1 3 12 7 0 24 20
20 13 10 24 6 13 22 19 20 13 20 8 4 5 7 25 25 15 7 24 2 13 15 3 5 22 13 15 0 17
16 23 10 9 4 26 26 17 13 3 10 15 5 2 19 17 8 3 13 19 26 9 8 17 18 25 15 14 13 0

0 13 18 15 24 12 1 18 19 13 11 3 21 23 22 17 5 13 25 13 1 13 17 5 15 25 24 23 3 19
7 0 13 18 23 15 6 19 7 22 23 3 2 25 7 22 18 7 15 18 14 22 9 11 2 6 21 1 24 6
2 6 0 4 25 20 7 8 23 14 14 26 12 20 19 15 13 24 19 13 23 8 1 25 23 22 15 11 15 12
18 15 8 0 10 10 17 25 9 26 12 6 10 18 21 17 18 8 3 25 6 1 22 21 10 22 25 19 12 14
7 10 22 11 0 17 12 16 19 7 17 14 23 3 17 1 10 2 23 2 14 25 12 18 23 26 23 10 22 25
13 18 18 6 11 0 8 6 26 20 5 14 4 13 12 7 25 9 16 3 20 1 24 14 5 25 25 13 5 21
12 13 8 21 6 20 0 13 10 20 9 5 24 24 7 22 24 12 21 19 25 15 13 4 1 2 3 17 20 9
11 20 25 19 22 3 25 0 23 5 9 8 15 14 13 21 9 11 21 2 26 10 5 10 4 2 4 10 6 7
19 22 5 25 19 22 22 9 0 4 25 10 19 17 11 4 19 16 1 23 4 20 3 1 3 14 7 26 7 2
4 23 3 6 21 15 16 26 22 0 24 5 4 7 9 16 16 12 10 12 4 3 19 24 13 1 4 4 26 9
10 7 11 17 8 6 12 15 24 11 0 5 10 2 13 6 9 17 1 11 21 2 10 14 14 24 11 24 1 19
22 12 24 18 19 18 18 15 26 19 16 0 2 25 11 12 10 26 14 21 10 15 2 16 18 15 14 14 19 6
26 4 23 23 2 4 11 20 3 25 20 25 0 22 5 5 2 1 23 22 17 11 4 24 8 17 1 14 1 7
25 8 17 24 25 18 9 7 18 14 9 13 11 0 11 25 17 25 11 21 9 21 19 5 26 21 1 4 16 18
21 19 18 9 10 7 16 24 8 26 2 20 17 4 0 23 8 11 26 24 18 17 6 1 5 6 6 2 18 26
4 21 19 5 23 10 24 2 14 12 19 19 17 24 23 0 25 10 9 25 10 12 22 5 25 12 1 5 21 18
10 2 16 9 6 1 2 8 25 21 22 19 13 21 16 24 0 25 13 6 14 20 10 15 5 18 24 22 16 10
3 18 5 22 4 2 11 9 19 10 10 18 12 11 17 18 24 0 20 17 10 14 26 9 19 22 19 13 16 13
10 8 7 24 15 13 11 3 14 9 20 11 19 5 6 13 4 9 0 5 4 18 5 4 26 15 6 17 2 15
10 1 13 16 20 19 3 3 2 11 22 3 18 25 22 14 14 22 23 0 5 20 1 17 16 21 24 21 5 11
24 16 13 7 16 24 25 13 18 26 12 21 22 21 14 23 10 3 3 6 0 19 1 22 24 10 9 22 9 4
13 25 26 14 3 16 2 18 6 2 4 8 1 8 22 8 20 6 5 9 12 0 5 7 3 15 19 11 19 13
4 15 4 15 4 9 15 23 7 26 15 5 8 1 15 17 11 25 18 22 13 7 0 25 9 10 5 3 13 19
5 9 24 6 23 13 24 26 1 18 8 25 8 22 16 12 3 3 1 9 8 5 4 0 6 9 24 8 10 12
21 26 1 26 26 24 13 20 1 13 24 1 21 18 25 4 5 2 17 22 23 23 23 9 0 1 2 22 19 15
19 17 5 25 2 16 18 3 14 21 5 22 1 20 1 6 19 15 8 18 9 1 22 24 26 0 22 21 25 7
12 18 24 21 4 16 3 26 25 9 25 26 9 2 26 25 14 24 3 6 9 21 16 11 13 17 0 9 25 2
2 6 3 22 23 17 9 13 21 15 8 25 24 1 20 22 11 25 22 8 23 20 16 14 9 26 16 0 4 26
25 24 13 23 8 1 8 25 6 26 25 10 4 12 2 14 1 16 8 16 17 7 1 6 20 22 26 4 0 19
15 2 5 23 9 3 8 9 17 23 4 4 12 21 4 24 6 18 21 1 1 17 16 10 21 20 20 12 13 0

0 20 12 1 5 14 5 25 19 1 5 3 2 22 12 6 3 17 2 14 11 9 21 17 19 23 25 21 22 20
21 0 14 1 10 8 7 18 17 17 18 4 9 11 23 25 20 23 3 5 25 25 12 15 8 8 20 16 16 7
24 20 0 6 20 4 16 7 16 19 13 7 12 20 5 22 23 3 13 8 22 13 18 1 24 24 14 7 20 18
20 22 4 0 20 12 21 23 2 22 18 8 19 7 6 12 6 24 18 12 8 26 7 11 21 18 7 9 5 22
25 16 10 5 0 14 4 9 19 9 17 11 3 12 18 19 25 22 2 7 5 17 26 17 5 21 9 7 2 6
1 26 4 4 11 0 18 5 10 7 21 11 12 23 10 26 20 26 16 17 24 8 25 19 3 26 26 6 16 19
7 24 16 17 12 10 0 10 25 11 13 4 4 21 20 14 23 23 6 7 26 3 8 16 2 13 11 10 7 3
9 23 7 5 3 9 13 0 3 4 6 23 22 9 26 16 1 5 7 11 11 11 23 5 18 8 1 2 7 25
4 14 5 25 14 23 26 7 0 16 19 9 23 9 12 20 23 1 1 16 1 14 21 3 22 15 10 11 10 7
18 17 16 22 16 4 16 17 25 0 18 16 17 6 20 23 24 18 26 10 25 19 23 8 7 5 17 18 10 3
23 8 3 17 7 12 25 4 18 1 0 14 13 17 21 10 17 4 9 10 24 13 23 3 6 6 3 10 9 23
23 16 26 21 24 15 11 8 11 10 1 0 11 5 12 11 20 13 4 15 20 19 16 9 11 1 4 8 19 6
22 2 12 7 26 3 12 10 10 1 7 22 0 5 18 17 6 20 9 20 1 17 18 16 16 25 4 25 25 16
22 2 6 7 20 1 1 17 15 4 14 3 7 0 12 16 26 20 21 19 11 20 11 13 3 18 2 1 1 12
16 21 13 14 22 6 16 19 25 26 17 12 5 6 0 17 14 15 13 20 4 22 13 8 24 5 18 20 22 5
12 9 16 11 23 21 26 20 7 26 7 3 19 6 4 0 5 3 11 15 9 21 13 13 13 18 3 25 13 3
24 4 7 9 2 17 21 12 4 17 4 23 17 8 20 8 0 25 1 1 19 25 1 16 5 13 11 20 17 3
3 17 3 9 21 15 2 23 24 9 9 9 11 13 15 2 7 0 21 2 9 13 23 20 26 1 1 26 12 18
14 2 22 23 11 18 10 14 17 17 2 14 16 11 4 5 2 2 0 18 5 12 3 26 19 24 11 24 6 3
4 26 7 24 4 10 18 19 5 3 23 4 16 22 12 4 26 1 3 0 20 18 16 23 4 8 5 14 16 12
24 14 12 22 15 14 9 16 19 5 16 9 11 4 11 23 23 26 9 14 0 9 26 25 17 20 14 24 15 15
14 21 13 13 7 22 5 13 26 6 19 14 20 3 15 2 7 3 15 25 20 0 19 16 16 12 24 18 21 2
10 10 4 5 20 6 22 2 16 10 22 11 25 15 21 8 11 25 2 9 11 25 0 6 5 3 15 4 6 23
26 9 10 15 10 25 6 17 1 10 8 20 3 9 2 25 3 26 8 3 11 14 22 0 25 11 10 15 16 24
11 26 11 26 3 4 4 17 8 14 4 17 13 22 24 16 20 26 2 14 19 8 5 20 0 26 2 9 12 11
8 6 10 24 11 8 8 17 24 10 25 20 21 8 22 22 20 15 24 20 2 26 1 20 5 0 6 19 10 6
13 12 24 23 20 22 18 11 13 19 17 25 13 13 25 12 8 2 20 19 21 20 6 4 2 1 0 20 15 22
14 20 9 10 24 1 20 12 7 22 6 5 17 3 9 20 19 26 10 23 6 4 23 18 21 13 23 0 19 21
12 13 16 11 25 23 4 5 2 26 19 25 4 3 21 7 23 8 16 10 23 12 17 14 3 7 25 4 0 4
26 12 19 13 23 14 8 3 18 3 11 23 9 14 15 10 7 5 19 3 16 25 11 20 23 3 8 25 26 0

0 15 1 20 8 6 20 17 16 21 24 2 13 7 7 26 10 16 10 18 26 17 17 8 11 6 18 26 1 24
6 0 9 21 13 16 1 6 14 22 19 19 13 17 1 11 10 19 6 18 9 9 8 2 24 20 16 17 26 10
6 20 0 12 13 20 13 15 4 15 9 1 12 6 8 21 26 15 7 26 4 17 9 19 18 9 11 18 16 22
5 22 10 0 20 23 7 8 18 2 22 10 2 2 9 21 5 2 24 10 2 3 4 24 19 11 5 4 19 8
1 5 25 25 0 6 26 26 14 8 5 16 24 9 12 26 24 3 13 8 2 7 19 19 2 20 6 24 11 7
21 1 5 25 15 0 25 11 24 13 14 17 11 2 12 14 26 24 10 9 19 18 5 18 11 24 7 19 14 23
17 5 5 15 2 21 0 17 14 23 6 5 24 14 8 5 11 8 4 16 4 4 17 8 21 20 18 14 19 2
11 21 16 2 9 1 10 0 6 25 15 22 20 7 9 9 24 24 13 26 17 1 23 9 5 5 19 16 3 14
16 16 24 20 7 17 25 6 0 9 25 5 12 26 21 13 17 14 19 12 20 14 18 15 5 16 12 25 21 16
19 11 10 14 1 3 24 20 13 0 1 15 18 11 4 10 21 19 2 14 15 16 5 8 6 14 3 3 25 13
20 18 14 17 15 22 7 5 1 20 0 3 12 22 15 18 6 11 21 22 23 6 10 7 24 24 22 13 13 2
3 19 13 25 19 3 10 6 7 10 16 0 5 2 8 11 25 9 24 5 4 24 16 14 3 15 26 19 7 11
4 6 4 23 8 7 18 25 16 12 8 18 0 23 24 18 5 25 8 10 12 13 20 12 5 11 26 4 16 11
25 6 23 12 5 20 10 7 23 26 7 26 7 0 6 22 24 17 8 5 1 22 3 21 6 16 2 2 24 22
23 21 10 12 24 25 24 7 3 3 17 20 20 10 0 6 16 18 6 8 16 19 14 1 8 12 15 14 8 23
18 9 20 5 26 25 24 20 9 24 11 17 12 22 25 0 26 16 9 13 9 17 20 26 14 26 17 4 15 1
12 21 15 17 11 6 25 23 23 19 1 13 22 9 25 2 0 8 18 8 7 19 5 8 2 25 2 16 26 14
4 1 10 9 15 16 3 19 22 15 14 8 7 11 2 15 6 0 8 23 11 9 16 16 23 2 18 23 20 1
23 2 18 4 26 12 22 11 13 26 4 16 20 10 8 19 23 24 0 23 5 4 14 12 21 14 14 16 1 26
10 25 8 14 3 10 15 10 24 19 20 17 19 15 18 18 19 22 21 0 15 26 26 2 22 7 11 7 14 14
10 22 17 3 19 7 19 22 4 11 25 12 2 16 7 18 1 2 20 19 0 5 11 13 22 14 2 18 13 9
21 25 11 15 21 7 13 4 12 24 5 15 9 16 17 14 6 4 4 7 18 0 14 11 25 25 21 18 12 10
8 3 15 9 11 26 12 16 22 17 23 18 9 24 16 19 12 24 7 13 13 13 0 25 4 19 9 4 15 13
16 9 3 9 9 24 24 4 26 15 7 20 19 16 23 24 24 10 7 21 18 15 15 0 14 5 25 6 16 1
14 9 25 5 16 22 7 8 19 14 12 22 12 20 5 26 10 24 16 17 11 20 20 25 0 22 24 23 15 5
24 1 15 26 14 21 24 13 15 25 26 2 24 25 9 24 4 15 5 9 16 6 15 1 5 0 3 19 20 16
11 4 24 24 20 16 13 15 7 11 18 1 19 19 12 12 16 1 22 26 21 15 11 13 7 12 0 21 4 7
26 7 11 3 14 17 26 21 23 15 26 6 15 2 19 22 19 14 22 23 15 16 4 10 10 15 3 0 23 3
2 18 17 4 4 2 19 24 16 23 15 4 8 9 6 5 5 6 8 21 14 26 19 15 4 15 6 9 0 4
10 13 6 23 15 17 6 7 25 12 26 19 3 25 9 3 23 24 25 12 15 16 18 26 4 10 17 25 15 0

0 5 10 22 5 17 8 20 13 20 15 23 2 17 3 23 11 24 6 26 2 18 10 15 8 24 1 4 15 26
8 0 9 25 22 14 26 4 3 12 11 4 23 13 3 1 16 15 15 24 21 18 4 17 18 26 7 15 8 15
3 15 0 22 5 12 16 17 15 1 25 21 3 14 6 17 5 4 7 5 21 25 21 14 18 6 19 7 3 12
12 14 20 0 8 13 21 1 15 18 23 3 6 15 17 1 2 19 8 2 6 13 19 7 7 6 19 22 5 13
3 1 8 23 0 20 14 24 2 3 2 10 11 19 17 5 8 20 16 15 4 12 25 6 10 12 8 4 8 14
6 6 21 8 10 0 22 11 19 18 21 13 7 3 11 18 14 24 25 15 13 11 17 23 22 19 4 18 16 14
22 14 18 1 4 12 0 4 5 9 9 25 5 26 12 1 12 20 7 6 6 24 20 16 12 22 14 10 19 20
4 21 25 20 12 13 1 0 17 7 4 25 1 13 16 19 19 18 22 22 22 20 16 18 18 26 15 1 14 22
18 22 11 1 1 7 26 14 0 14 18 1 17 9 20 20 26 9 14 9 24 14 5 12 19 14 16 1 23 19
13 19 19 17 3 11 13 2 15 0 9 13 16 24 12 10 16 18 19 16 12 2 26 21 16 19 20 3 3 6
15 18 5 13 24 14 18 21 2 15 0 11 16 20 26 25 25 19 25 12 20 3 3 7 22 26 25 11 26 10
9 20 13 10 24 11 8 12 15 6 20 0 3 15 16 5 17 3 18 7 13 25 18 2 4 22 11 8 18 26
16 14 21 18 4 19 6 11 26 19 14 22 0 3 1 21 8 9 23 16 6 8 7 13 4 7 9 19 6 1
10 22 14 5 13 1 11 26 24 6 2 9 18 0 6 24 23 14 22 17 22 4 7 24 20 4 15 21 14 11
22 9 12 18 4 19 8 3 13 16 5 4 26 8 0 26 22 25 23 24 1 20 10 5 16 19 7 22 21 1
14 17 13 4 24 10 16 22 16 13 25 26 8 2 2 0 19 17 9 9 9 19 2 3 24 13 8 18 26 11
6 8 5 8 23 25 1 4 19 18 23 1 9 4 16 17 0 25 13 20 2 11 7 11 22 16 3 21 4 13
12 9 18 12 24 14 24 19 24 2 2 8 16 3 12 15 5 0 16 20 6 3 10 9 6 24 26 26 12 2
8 11 23 26 14 20 17 3 3 2 9 22 5 20 24 26 26 4 0 18 13 1 11 24 9 22 12 17 7 10
26 2 19 2 8 8 20 7 2 4 26 15 14 13 13 17 13 20 7 0 13 20 18 13 15 21 3 17 18 23
18 6 7 9 8 4 18 23 8 4 20 13 1 1 4 21 4 7 1 6 0 26 15 17 7 11 15 21 24 1
16 3 8 7 21 9 20 11 6 11 4 10 1 3 8 21 6 21 14 16 3 0 14 6 17 10 13 21 17 13
23 14 4 17 26 2 21 17 4 6 26 26 21 3 1 25 16 15 20 15 14 7 0 19 4 13 24 22 18 12
12 19 9 5 10 22 19 3 12 25 4 17 26 15 15 19 6 26 8 25 11 21 19 0 9 14 21 17 14 22
9 10 21 21 13 20 26 20 23 20 6 26 18 6 5 5 20 19 16 24 18 18 20 18 0 16 10 23 6 5
23 21 5 16 3 17 5 2 4 2 1 16 3 12 22 20 24 10 7 17 14 8 25 12 25 0 1 15 15 4
26 23 6 5 13 8 24 24 5 22 6 16 17 5 14 2 1 16 23 23 10 7 2 14 8 1 0 6 13 26
10 7 16 24 18 11 11 16 18 1 19 14 16 10 15 22 24 21 12 10 5 10 11 23 23 4 19 0 22 12
13 12 22 24 20 16 6 18 19 12 21 6 23 20 21 9 2 7 2 13 8 3 25 13 4 10 12 6 0 25
6 26 10 23 8 11 3 22 25 15 7 4 11 5 21 5 12 16 2 25 20 10 3 17 2 14 9 4 10 0
