20 10 4
15    3  3 67  6 69  7 67    1  9 32    1  4 16    1  7 66    1  5 90    3  3 44  7 46  8 38    1  8 89    1  8 63    1  1 44    1  6 87    1  2 73    2  1 33  8 31    3  1 90  2 92  6 96    1  1 16    1  0 19
20    1  3 90    2  2 27  9 27    1  8 77    1  9 40    1  7 70    3  0 47  8 45  9 47    1  0 56    1  5 44    2  2 50  4 50    3  3 69  6 67  9 68    3  0 75  3 73  9 74    1  9 75    2  4 79  9 79    1  5 45    1  9 94    1  6 65    2  1 31  9 25    1  3 85    3  2 75  5 71  7 71    3  0 44  3 45  5 45
23    1  0 55    1  3 53    1  3 35    1  4 93    1  9 33    1  7 62    1  4 66    1  9 61    1  6 56    1  5 29    2  1 27  4 22    1  0 37    2  2 71  3 66    2  1 76  4 72    1  3 69    2  2 61  6 67    1  9 49    1  1 57    3  3 57  6 60  8 59    2  1 63  3 67    1  4 90    1  9 27    1  4 58
18    2  7 22  8 24    1  2 61    1  1 35    1  5 92    1  3 30    1  9 79    2  0 44  3 42    2  0 62  7 63    1  0 93    1  0 69    1  2 89    1  6 49    1  1 38    3  3 54  5 54  7 54    1  6 87    2  2 46  6 38    3  0 82  5 81  6 81    2  2 40  8 40
21    1  2 86    1  5 65    1  1 94    1  4 50    1  3 31    1  8 59    1  3 92    1  1 67    1  3 60    1  8 93    1  4 45    1  7 95    2  1 71  7 63    1  6 79    1  1 68    2  7 21  8 21    1  2 35    1  9 36    2  8 24  9 24    1  5 90    1  5 85
15    1  9 70    1  5 20    1  7 81    1  4 42    1  9 70    1  4 43    1  1 95    1  9 22    1  9 35    1  4 87    1  5 72    1  8 86    1  9 52    1  5 32    1  4 47
17    1  2 62    3  3 55  5 58  9 60    4  6 89  7 96  8 95  9 92    2  0 70  3 71    2  0 72  5 76    1  7 15    1  9 36    1  6 55    1  3 48    1  1 22    2  6 59  8 58    1  7 80    1  7 45    1  4 71    1  1 33    3  1 48  7 52  9 51    1  2 51
25    1  4 34    1  2 75    1  9 41    2  1 70  6 67    1  5 63    2  5 40  9 44    1  9 21    3  5 31  7 36  8 33    2  4 43  5 45    1  9 94    2  2 55  3 62    1  7 38    1  1 70    1  0 25    2  0 29  3 29    1  1 64    1  5 57    1  6 63    1  0 42    2  0 47  3 44    1  0 82    1  9 43    1  6 79    1  0 51    1  5 74
23    1  1 37    2  2 78  6 76    1  2 46    1  0 75    1  0 47    1  8 22    1  7 65    1  5 99    1  1 20    1  5 41    1  5 97    1  2 84    1  5 44    1  1 82    1  9 41    1  8 61    1  4 56    1  0 33    2  1 60  2 64    2  4 49  7 55    3  3 86  4 88  6 88    2  3 35  7 30    2  4 79  9 78
19    1  1 41    1  8 35    1  2 40    1  3 77    1  6 69    4  2 62  6 64  8 65  9 63    1  0 74    1  6 24    1  6 51    1  1 21    2  5 45  9 37    3  1 25  6 25  8 23    2  0 73  7 75    1  2 86    2  3 59  8 60    1  3 90    1  2 54    1  1 79    1  3 60
19    1  8 63    2  2 88  3 87    1  3 46    2  1 83  5 79    1  1 69    1  5 47    1  9 91    3  2 86  3 88  8 83    1  3 38    1  3 68    1  7 20    1  5 51    1  5 22    1  3 60    1  8 22    1  0 82    1  1 23    1  6 83    1  2 50
21    1  7 52    2  5 62  9 59    2  2 21  4 16    1  3 64    1  8 67    1  0 46    2  1 47  3 47    1  2 38    1  4 12    1  5 78    1  8 13    1  8 93    1  0 28    1  6 81    4  1 33  3 37  4 40  5 39    1  7 40    1  1 45    1  6 51    1  8 59    1  3 55    1  9 30
16    1  8 97    2  1 89  6 84    2  0 41  3 42    1  7 56    1  2 80    1  6 94    1  5 87    1  0 86    2  1 57  4 58    1  4 22    1  0 88    1  7 65    1  7 67    1  5 91    1  4 40    3  3 53  7 49  8 57
16    1  2 60    3  2 26  7 27  8 27    1  4 81    1  4 14    1  7 17    1  0 63    1  5 60    1  1 42    1  8 69    1  1 73    1  7 50    1  9 23    1  3 48    1  2 72    1  3 28    2  2 41  5 36
25    1  9 15    1  1 48    2  3 22  7 23    3  0 70  5 70  6 73    4  0 40  3 35  6 40  8 35    1  9 84    1  0 14    1  6 53    1  7 50    1  8 77    2  1 78  8 78    1  2 73    1  7 85    1  3 36    1  7 53    2  0 22  4 25    1  3 48    2  0 34  3 30    1  1 45    1  9 32    1  7 55    1  8 29    1  0 59    1  5 15    1  7 89
17    1  5 55    1  0 69    3  0 64  2 63  4 63    1  3 39    1  7 29    1  3 38    1  9 67    1  7 58    1  2 43    1  4 38    2  3 67  7 63    1  5 83    1  7 26    2  5 34  6 32    1  2 82    1  9 72    2  1 68  6 68
21    1  4 74    1  0 65    1  7 39    1  7 25    2  1 82  2 78    1  2 29    2  0 58  5 55    1  1 81    1  0 43    1  7 67    1  5 56    1  8 48    2  0 56  5 59    2  1 54  7 54    1  8 41    1  6 77    1  1 88    1  0 22    1  7 38    2  2 61  5 61    1  7 83
17    2  3 16  7 15    3  4 43  7 39  9 39    1  5 16    1  2 78    2  0 47  6 47    2  5 78  7 77    1  8 23    1  2 92    3  2 73  3 75  7 75    1  3 44    1  5 84    2  4 76  5 73    1  7 90    2  0 39  5 39    1  1 47    1  2 94    1  7 90
23    1  6 62    1  3 85    1  6 75    1  8 22    1  0 21    1  7 22    2  5 48  6 42    1  1 67    1  1 22    2  7 71  9 71    3  3 27  5 23  9 23    2  1 27  8 24    2  1 47  5 45    1  3 25    1  0 67    1  1 23    1  1 85    1  5 45    2  1 82  6 81    1  4 34    1  2 44    1  0 16    2  0 27  9 27
16    2  2 51  3 48    1  0 19    1  5 92    1  1 27    2  2 34  6 32    1  0 92    1  7 68    1  0 47    2  3 48  5 44    1  5 54    1  8 89    1  6 76    1  7 72    2  2 55  6 57    1  0 67    1  8 82

0 20 19 26 27 28 7 1 7 14 26 11 8 14 12 8 17 18 11 28
3 0 9 8 2 21 18 8 26 18 6 10 15 15 14 19 10 8 18 18
25 26 0 3 8 23 28 14 17 20 19 17 5 8 23 5 25 12 8 6
1 23 26 0 23 7 26 19 27 7 15 17 6 12 20 28 12 4 5 28
26 16 6 25 0 6 6 27 27 24 21 4 15 8 24 3 6 1 1 18
15 13 9 8 8 0 1 27 14 24 4 6 12 23 13 18 10 12 4 18
2 28 10 22 6 25 0 21 4 6 16 13 25 23 25 17 17 13 8 24
14 23 5 4 5 8 2 0 6 11 6 28 5 23 4 4 2 2 16 16
18 11 14 27 5 13 20 19 0 26 22 19 28 16 2 22 4 8 23 14
2 17 3 25 14 24 25 28 6 0 12 17 19 28 2 9 22 12 12 2
20 18 21 26 27 9 10 4 7 7 0 18 4 19 18 6 10 22 15 11
27 12 16 25 4 23 21 1 3 17 11 0 2 28 17 16 18 14 23 10
22 23 21 7 9 11 28 4 20 3 15 20 0 17 27 14 22 28 5 26
26 11 13 9 1 19 18 8 18 12 19 25 24 0 1 2 27 19 12 21
11 23 2 28 7 14 6 10 25 5 11 24 16 9 0 23 20 3 5 28
17 22 22 17 5 28 18 6 8 16 2 28 5 11 17 0 12 9 16 1
25 8 16 1 1 11 28 25 25 13 4 11 4 22 25 26 0 26 24 16
13 2 20 3 26 28 12 17 8 20 2 5 23 28 16 5 28 0 22 26
17 27 14 7 13 22 21 11 18 2 8 19 14 22 9 18 11 23 0 8
17 5 7 19 22 13 26 15 6 8 19 16 7 20 25 4 21 4 24 0

0 21 2 17 13 9 11 20 4 25 16 6 23 3 1 21 28 25 20 26
25 0 8 11 20 2 13 26 25 26 27 11 1 14 11 9 16 17 1 25
8 22 0 1 14 15 23 2 16 3 17 17 15 14 13 4 18 7 14 27
9 26 26 0 19 28 12 14 14 2 23 6 4 22 18 26 8 1 19 22
12 7 9 5 0 6 15 7 23 1 11 12 3 2 16 17 1 28 4 11
2 26 20 3 15 0 28 15 5 2 22 24 11 14 18 4 1 2 1 7
22 26 10 21 10 6 0 21 8 5 14 11 4 28 6 15 15 12 2 20
12 24 27 1 4 4 3 0 10 3 5 25 11 1 27 27 2 16 12 14
5 20 22 21 9 16 21 20 0 15 3 13 5 7 23 7 24 1 1 24
14 21 1 5 14 12 25 5 19 0 26 17 19 19 4 26 15 8 25 21
10 28 18 14 28 24 10 16 28 18 0 16 21 16 24 23 9 11 7 20
28 15 21 11 20 4 15 12 26 14 17 0 16 11 23 17 17 10 22 1
2 10 15 20 12 18 2 13 15 4 14 11 0 1 2 9 19 13 17 16
16 15 14 25 1 21 17 5 20 7 16 28 14 0 19 18 27 22 1 7
18 15 10 28 20 1 23 17 20 18 20 19 1 9 0 17 24 10 15 10
16 10 15 8 21 14 18 7 21 24 23 28 15 10 23 0 28 27 19 19
4 28 27 20 16 2 10 23 1 17 16 24 23 3 2 5 0 11 20 3
13 10 18 20 25 7 1 4 9 9 25 18 4 22 21 9 28 0 13 2
18 14 11 8 22 4 27 24 2 26 1 15 22 23 24 23 15 4 0 5
20 20 4 1 2 20 3 8 18 28 10 14 23 9 26 26 6 15 17 0

0 18 21 2 28 6 18 4 8 7 27 2 17 26 9 12 14 26 20 13
28 0 2 20 21 20 24 24 19 19 19 25 14 23 25 23 27 26 9 12
20 16 0 14 25 24 21 26 17 8 1 5 17 12 21 1 16 18 13 6
5 18 28 0 26 2 4 10 27 7 21 15 13 3 8 19 10 19 23 7
11 3 14 28 0 27 23 10 24 6 10 20 20 28 18 9 11 5 27 15
1 3 24 9 19 0 24 28 28 1 28 20 7 25 22 8 3 8 18 1
9 3 28 12 12 28 0 14 23 6 2 16 11 4 2 3 24 1 21 9
13 3 18 8 3 17 5 0 16 26 7 13 28 13 12 11 1 9 11 15
26 28 4 4 16 4 14 17 0 9 13 1 12 22 3 8 15 4 26 18
18 10 14 14 17 6 20 8 14 0 12 25 26 23 25 2 23 3 12 21
8 1 6 17 13 15 12 3 16 15 0 22 12 10 28 23 20 26 8 27
27 26 21 23 11 4 18 22 15 27 23 0 20 23 26 18 3 24 4 10
23 20 8 14 27 16 14 6 11 20 8 6 0 20 21 26 28 16 12 13
11 2 25 27 21 14 20 9 23 19 23 25 17 0 18 26 18 7 12 17
12 16 9 6 17 24 8 2 27 18 19 6 15 17 0 9 2 7 21 14
24 12 8 12 2 21 18 12 4 19 3 3 16 15 1 0 2 17 28 14
4 3 5 12 15 27 6 27 10 25 27 2 2 28 11 3 0 12 22 15
13 15 22 24 7 21 3 18 24 27 18 5 3 3 9 16 26 0 3 6
18 11 7 14 10 6 25 15 19 6 22 17 19 25 8 18 25 23 0 16
24 5 17 20 4 12 3 23 9 11 20 1 19 4 25 17 24 26 21 0

0 5 23 2 27 23 23 9 2 25 8 23 27 18 5 3 24 19 20 23
26 0 24 17 10 6 4 13 4 20 3 7 4 13 22 3 14 25 18 5
21 24 0 1 27 2 25 25 2 27 15 28 20 25 21 24 23 5 19 10
22 27 9 0 4 14 2 24 19 13 8 19 25 20 23 3 20 10 28 9
21 4 7 17 0 26 7 26 27 13 8 22 23 13 22 12 27 16 3 24
23 21 2 14 15 0 4 5 27 12 8 7 6 20 17 12 14 1 4 28
17 19 9 20 3 23 0 23 25 7 13 17 19 13 27 28 15 14 16 4
23 18 1 3 3 23 7 0 24 13 6 12 5 7 27 3 5 9 12 21
6 22 9 24 24 1 2 13 0 23 1 2 9 15 25 27 21 20 8 12
7 7 7 17 3 8 28 15 26 0 28 3 19 17 19 11 12 20 27 10
12 13 20 9 8 4 14 17 16 3 0 17 17 14 25 11 12 21 14 16
28 17 26 5 14 24 24 25 26 20 13 0 24 13 19 24 3 27 22 11
7 27 18 21 22 20 23 16 1 25 13 17 0 25 3 20 14 26 7 15
23 27 21 6 28 4 28 12 19 22 1 1 2 0 4 17 22 1 16 13
28 9 13 3 2 26 14 23 27 24 1 25 24 14 0 19 24 13 11 1
12 16 20 17 21 8 3 24 20 7 23 1 3 27 16 0 17 18 12 19
17 5 16 11 8 16 21 24 7 19 24 20 17 15 18 11 0 8 5 16
9 27 14 15 9 3 3 23 1 11 5 23 26 17 22 7 18 0 15 4
11 25 7 15 23 16 11 8 5 8 14 4 28 13 7 16 6 7 0 22
1 24 12 6 28 1 16 10 12 5 8 3 23 12 3 19 16 13 18 0

0 19 23 1 9 28 12 3 21 18 4 11 17 26 21 25 15 16 17 16
5 0 12 14 8 25 1 3 27 12 10 21 27 25 21 4 5 20 3 8
18 27 0 8 8 22 26 4 21 11 18 10 23 22 22 17 23 20 3 18
7 25 12 0 23 4 25 20 14 11 4 21 28 22 10 23 24 20 24 16
15 6 23 17 0 11 22 14 14 26 5 7 16 6 19 1 12 9 26 28
2 22 27 10 24 0 9 1 1 11 20 27 26 17 1 4 7 12 1 1
12 5 14 7 13 8 0 15 20 28 27 5 20 11 23 26 28 23 28 4
20 17 1 7 8 22 26 0 5 20 22 22 18 3 25 5 13 7 22 6
8 10 4 24 5 25 16 23 0 24 21 14 14 1 2 9 19 22 19 17
14 27 24 16 8 9 18 5 25 0 23 1 28 12 19 17 12 3 6 28
5 24 24 6 26 3 28 7 9 16 0 28 1 18 14 28 21 18 4 6
25 6 2 10 3 8 20 26 19 10 23 0 5 13 13 23 16 5 3 24
14 1 20 26 13 2 13 11 5 19 8 3 0 14 1 18 3 9 26 8
23 17 20 18 5 13 7 20 6 17 21 28 3 0 27 27 20 11 9 16
27 26 20 27 17 1 17 17 9 23 2 7 18 10 0 2 6 6 23 14
22 5 10 28 8 15 27 1 18 12 22 2 1 13 25 0 18 21 2 4
5 22 20 18 8 15 7 14 6 17 7 22 16 5 19 23 0 18 17 21
28 8 11 9 1 25 21 6 17 4 20 23 17 26 16 16 20 0 20 24
20 16 19 9 17 22 26 10 4 28 9 5 27 18 13 16 14 20 0 6
27 4 5 9 8 25 10 3 11 2 15 6 18 20 9 4 28 9 7 0

0 10 19 9 18 1 27 5 8 22 4 9 1 2 25 3 24 28 27 21
3 0 12 12 25 27 12 28 13 13 16 2 17 26 12 19 9 27 14 26
3 18 0 3 10 18 28 6 2 19 11 14 7 27 15 26 7 10 8 4
28 11 1 0 12 26 16 15 4 16 27 21 8 2 13 11 9 25 1 15
23 25 17 20 0 19 22 5 1 17 8 28 5 1 1 11 8 2 12 5
16 27 21 5 28 0 4 21 15 13 9 2 22 15 20 15 28 18 2 5
4 4 22 13 25 7 0 13 10 19 27 18 26 7 3 3 9 24 27 6
28 24 4 26 13 5 19 0 5 4 20 9 27 16 3 25 18 1 2 15
4 27 20 27 15 10 20 20 0 2 2 18 24 22 23 21 3 15 20 4
6 28 4 14 16 23 21 21 3 0 12 12 26 11 21 21 16 22 18 3
20 26 21 14 19 10 1 24 21 25 0 21 12 21 11 14 24 13 2 6
19 10 7 7 14 8 6 12 7 13 1 0 19 24 26 23 24 14 1 23
19 6 5 2 5 26 17 19 3 18 25 4 0 28 17 15 12 19 9 23
25 21 11 14 21 9 8 7 28 24 27 1 22 0 9 20 3 21 12 8
18 19 18 13 7 22 17 3 11 17 9 4 8 21 0 26 2 27 18 10
5 5 8 25 28 26 21 2 6 8 8 6 15 5 7 0 19 2 12 27
17 16 9 11 1 28 16 10 11 13 22 12 22 27 17 4 0 5 13 27
1 10 13 9 19 27 10 19 17 9 10 10 14 2 9 24 24 0 10 21
5 13 6 8 8 22 26 5 23 16 23 12 23 12 25 20 8 28 0 3
21 9 20 17 2 26 23 17 16 5 10 5 14 17 6 14 14 6 5 0

0 14 13 19 6 18 9 4 17 2 21 10 11 12 9 7 4 1 25 2
7 0 9 5 6 28 20 11 11 21 7 10 10 7 13 26 23 4 25 1
12 2 0 19 26 5 13 4 14 12 12 16 15 17 22 2 11 17 17 17
2 25 22 0 7 4 23 7 28 24 8 1 24 8 4 26 19 3 14 24
16 22 20 5 0 22 1 4 15 19 9 21 26 7 2 4 9 26 18 1
6 22 13 26 23 0 6 1 12 1 21 15 26 11 6 10 9 5 24 1
4 14 26 28 26 16 0 20 14 23 4 12 18 1 1 27 11 21 6 6
11 12 20 18 3 27 19 0 27 8 5 18 2 27 24 5 2 28 27 11
16 27 1 8 17 28 4 10 0 15 19 16 12 6 4 9 7 10 17 23
5 3 26 5 17 18 17 2 26 0 1 2 4 5 24 25 1 19 13 28
13 6 4 3 12 6 1 25 17 26 0 12 18 10 1 3 16 6 2 22
7 16 14 2 22 17 18 26 11 26 19 0 16 9 17 3 3 19 3 1
4 3 21 1 13 10 16 14 11 13 9 6 0 22 1 8 17 12 27 21
15 4 17 28 22 22 26 7 17 27 6 24 10 0 12 16 22 4 16 8
22 13 16 6 23 25 6 22 22 8 13 18 3 23 0 19 19 19 4 5
21 27 19 13 8 11 7 16 27 14 8 13 19 10 23 0 27 28 15 11
23 14 5 15 23 15 21 24 4 9 16 8 25 21 3 12 0 25 27 11
1 7 4 28 4 16 8 12 21 21 20 1 21 23 9 15 28 0 2 14
20 9 21 4 10 7 19 16 17 9 14 27 5 11 13 7 2 27 0 15
7 7 17 9 8 12 22 1 23 23 3 26 23 28 4 5 26 15 12 0

0 10 10 8 28 27 9 10 8 13 17 8 21 4 1 5 17 11 3 28
11 0 23 8 16 7 5 28 8 27 2 24 17 23 23 20 7 21 27 13
22 6 0 7 2 18 9 9 8 7 17 21 21 12 21 8 26 9 5 15
14 7 23 0 5 12 15 4 27 5 4 19 3 25 21 13 16 23 2 5
5 5 19 19 0 3 9 21 22 28 1 4 9 22 12 27 24 1 15 14
8 23 6 26 9 0 9 23 10 17 20 28 26 27 25 21 22 17 20 10
15 2 12 20 1 13 0 25 21 24 18 26 6 3 5 8 12 17 24 15
8 15 19 28 22 4 2 0 8 1 16 3 19 15 25 11 6 27 7 3
7 19 14 28 9 26 21 21 0 5 6 23 27 24 20 17 14 3 24 24
8 6 6 27 13 26 21 9 10 0 11 16 12 12 15 28 26 20 17 19
22 19 24 24 18 6 4 19 16 7 0 15 24 26 17 23 7 12 2 13
3 16 24 25 7 15 26 23 26 26 22 0 15 13 2 8 6 10 17 5
19 21 12 28 17 12 11 19 8 15 27 17 0 4 27 26 25 16 16 11
25 3 16 5 20 20 5 18 20 17 16 13 28 0 27 22 27 18 12 26
5 22 24 14 26 23 22 10 7 20 22 25 26 28 0 15 10 24 18 23
23 2 23 15 21 18 1 15 14 2 6 11 13 26 10 0 22 25 9 25
28 4 23 21 11 24 25 15 18 10 6 11 8 2 23 7 0 13 17 22
9 9 25 12 17 4 14 26 10 13 27 15 20 15 17 7 25 0 21 21
21 4 14 26 25 27 24 22 13 5 4 6 6 11 12 8 26 14 0 11
17 7 5 10 11 5 11 16 5 27 14 15 18 21 16 25 3 10 11 0

0 26 18 26 26 14 26 1 18 12 20 20 19 16 5 9 21 18 7 7
25 0 23 3 16 12 13 3 13 5 28 11 15 26 23 20 13 23 25 17
22 19 0 2 7 11 13 24 26 5 16 14 22 5 21 10 19 11 4 2
27 2 22 0 12 5 18 24 5 15 13 12 17 28 24 7 17 21 7 25
27 14 21 19 0 9 5 15 7 4 21 9 18 27 1 18 6 19 9 24
21 6 24 8 7 0 6 21 2 7 18 5 23 19 18 7 16 10 19 3
10 7 4 14 2 27 0 25 23 24 15 15 2 23 17 9 18 10 5 26
15 20 26 16 18 24 11 0 8 15 28 7 4 7 14 12 18 12 5 19
2 28 10 2 1 10 1 11 0 26 20 17 19 25 25 10 11 1 25 2
19 17 7 7 24 25 13 5 27 0 18 23 21 3 23 27 4 3 8 17
16 26 20 24 24 27 18 7 20 14 0 27 20 21 9 17 13 10 3 15
15 14 21 19 18 26 25 11 7 17 1 0 3 16 12 15 6 5 3 22
16 23 8 7 9 22 4 28 9 20 14 14 0 18 9 25 11 19 8 10
24 13 27 15 17 23 8 16 16 6 26 4 24 0 12 2 8 3 16 14
8 21 24 1 18 1 27 13 22 2 16 23 6 15 0 15 19 18 11 1
22 12 5 20 22 8 22 3 27 5 19 14 7 4 3 0 14 18 11 12
18 19 11 16 28 9 13 15 4 22 24 3 1 17 22 1 0 13 20 3
4 23 23 15 22 20 14 1 6 5 11 24 7 18 28 8 16 0 27 3
1 10 8 18 1 3 28 24 4 24 5 24 14 22 22 1 25 7 0 8
23 19 20 22 25 21 26 10 20 14 3 24 20 26 15 4 18 10 9 0

0 26 17 18 2 26 5 12 5 20 3 18 5 9 9 15 18 11 15 6
25 0 22 26 26 20 24 7 4 16 14 12 2 23 6 11 13 4 8 27
11 13 0 14 14 22 16 17 2 24 1 28 9 24 14 13 28 7 3 8
14 23 23 0 16 27 23 15 6 17 5 14 22 21 15 22 15 9 3 3
9 25 27 21 0 7 1 25 13 8 1 20 11 17 16 12 14 9 20 23
18 13 17 27 20 0 23 2 14 2 5 5 5 15 19 4 24 24 16 11
11 23 5 16 19 21 0 11 2 12 13 13 7 4 9 10 13 3 6 12
13 24 18 24 14 28 20 0 12 26 24 3 6 6 2 3 10 21 21 4
13 9 17 24 15 27 7 2 0 5 19 1 14 8 26 4 3 7 10 23
22 20 13 3 22 24 21 2 13 0 1 1 11 11 18 23 14 20 12 24
23 28 9 5 16 19 1 11 24 28 0 15 16 22 6 27 28 12 5 4
28 25 3 8 4 25 28 11 8 17 18 0 3 28 20 4 14 26 19 16
11 25 2 23 11 12 15 12 14 10 17 12 0 7 15 28 26 13 22 1
3 3 11 7 2 25 2 1 4 17 21 25 16 0 6 27 17 6 25 28
17 23 9 22 26 3 6 27 3 16 14 22 17 22 0 4 2 17 1 26
27 28 7 11 28 13 15 26 15 28 2 24 26 26 1 0 3 6 21 9
23 26 18 23 14 20 21 6 27 15 18 22 15 28 5 24 0 28 1 19
16 19 24 13 10 25 16 21 6 9 13 18 22 19 16 5 15 0 9 12
15 22 19 20 2 11 23 26 1 2 17 8 22 18 14 27 5 4 0 2
11 14 20 25 3 3 24 9 16 25 5 13 1 21 6 20 18 8 20 0
