20 5 3
5    1  3 5    1  4 58    2  2 44  1 44    1  0 9    1  1 58
5    2  1 89  2 89    2  4 96  2 96    3  0 97  4 97  1 97    3  2 84  3 84  4 84    2  3 77  0 77
5    3  2 81  4 81  0 81    2  3 85  0 85    3  1 87  3 87  0 87    1  4 39    2  0 77  3 77
5    1  0 15    1  3 57    3  4 73  3 73  0 73    2  1 21  3 21    3  2 31  3 31  4 31
5    1  2 48    3  4 71  3 71  2 71    2  3 70  0 70    1  0 40    1  1 49
5    3  0 10  2 10  1 10    1  4 82    2  3 34  4 34    3  2 80  1 80  4 80    1  1 22
5    3  2 17  4 17  1 17    1  0 55    3  1 91  2 91  4 91    2  4 75  1 75    2  3 7  2 7
5    2  3 47  2 47    1  2 62    1  1 72    2  4 35  0 35    2  0 11  2 11
5    3  1 90  0 90  3 90    3  2 94  0 94  3 94    1  4 50    2  0 64  1 64    2  3 75  4 75
5    3  3 15  2 15  0 15    2  2 67  1 67    3  0 12  3 12  4 12    2  4 20  2 20    3  1 71  2 71  4 71
5    2  4 93  0 93    2  2 29  0 29    3  0 52  1 52  4 52    1  1 57    2  3 68  2 68
5    3  3 77  2 77  0 77    2  1 93  2 93    2  0 58  3 58    2  2 70  3 70    3  4 7  1 7  3 7
5    2  1 63  0 63    1  3 27    1  0 95    3  4 6  2 6  3 6    3  2 82  1 82  4 82
5    1  4 36    3  0 26  2 26  4 26    2  3 48  1 48    2  2 56  3 56    1  1 87
5    3  2 36  1 36  4 36    3  1 8  4 8  2 8    3  4 15  1 15  3 15    1  3 76    3  0 36  3 36  4 36
5    1  4 78    2  1 84  0 84    3  3 41  0 41  2 41    1  0 30    1  2 76
5    1  1 78    3  0 75  2 75  4 75    1  4 88    3  3 13  0 13  4 13    1  2 81
5    2  0 54  3 54    3  4 40  2 40  0 40    1  2 13    1  1 82    1  3 29
5    3  1 26  3 26  4 26    1  4 82    3  0 52  2 52  1 52    1  3 6    2  2 6  1 6
5    1  3 54    1  1 64    2  0 54  2 54    2  2 32  4 32    2  4 88  1 88

0 9 6 24 10 22 15 26 22 12 12 11 8 13 4 14 13 17 8 7
3 0 11 1 18 10 25 4 14 5 19 4 2 21 7 24 5 19 8 16
19 10 0 5 13 18 23 19 7 16 1 20 23 20 10 16 22 4 10 13
3 21 10 0 15 13 13 16 22 13 7 16 8 16 2 26 8 11 18 15
22 18 26 9 0 3 25 1 13 19 10 22 22 24 3 16 12 26 25 16
13 24 20 25 6 0 5 22 24 21 23 5 14 18 11 1 23 19 3 6
20 18 14 13 20 23 0 23 7 19 18 23 22 15 6 8 20 11 25 25
23 18 26 9 13 16 12 0 9 1 11 26 18 25 14 16 5 26 24 22
6 20 18 14 12 15 18 9 0 8 15 2 26 13 5 7 2 1 20 14
21 9 23 11 17 4 21 17 10 0 9 5 11 20 23 13 26 8 3 24
3 18 4 9 16 5 11 13 6 8 0 25 14 24 17 10 24 26 9 11
10 26 16 18 26 11 16 20 21 9 15 0 8 12 24 26 8 4 9 14
19 19 12 5 24 10 23 7 25 18 2 1 0 7 15 19 16 15 18 24
9 23 1 1 16 6 20 4 11 24 17 5 17 0 21 4 17 22 17 7
18 8 6 2 8 19 3 6 25 21 26 16 8 19 0 25 19 19 14 21
10 25 1 22 12 16 12 19 6 17 12 5 26 7 1 0 23 10 16 6
21 15 17 4 7 17 23 21 6 11 12 12 8 14 3 7 0 19 15 7
23 6 25 9 12 4 18 6 23 24 7 5 12 17 14 24 2 0 12 6
15 20 19 15 16 2 5 9 7 11 18 13 4 8 22 24 23 9 0 6
4 1 2 11 17 15 22 15 10 22 14 15 21 18 5 26 6 12 6 0

0 7 7 11 11 12 26 17 16 24 26 4 9 10 18 12 3 12 19 25
8 0 15 16 12 7 2 14 2 18 17 8 19 4 17 25 24 18 8 13
24 13 0 2 18 2 17 5 3 10 12 4 3 8 15 7 4 8 3 11
20 17 10 0 20 10 8 10 1 24 22 15 8 14 26 25 15 3 26 9
6 14 4 26 0 15 17 14 4 21 20 22 16 23 15 26 17 7 1 21
16 22 14 19 14 0 8 3 10 17 6 10 20 11 8 16 15 22 23 9
22 17 23 16 10 13 0 23 3 16 1 5 7 18 15 13 21 19 10 16
21 12 20 24 21 1 17 0 10 19 18 12 7 26 10 3 24 3 9 23
9 21 25 11 20 22 13 23 0 1 24 21 4 5 26 9 12 22 12 5
11 25 25 2 8 9 23 9 20 0 23 10 3 12 6 20 21 6 22 9
12 19 5 10 25 25 8 18 24 23 0 24 18 13 2 1 14 15 8 12
21 3 12 7 14 5 12 5 22 22 2 0 23 20 19 5 7 9 22 5
19 26 12 2 7 4 20 24 18 3 24 3 0 18 23 23 14 20 11 13
12 17 1 15 2 21 22 9 2 12 11 23 3 0 2 12 1 1 19 22
15 20 5 18 9 21 3 6 12 16 7 3 13 1 0 19 14 4 24 26
13 16 11 9 2 20 14 18 21 3 16 6 18 2 14 0 2 8 11 1
18 7 2 17 21 6 16 8 3 22 13 5 20 7 11 10 0 8 11 3
17 6 22 8 13 1 12 25 15 2 1 4 11 3 14 1 3 0 10 11
22 14 20 2 20 22 24 5 17 10 9 8 12 2 22 7 8 1 0 3
8 6 13 24 8 3 3 25 21 11 15 25 21 5 21 7 14 22 19 0

0 11 19 1 4 10 13 12 3 9 25 8 10 6 8 26 9 19 5 6
14 0 16 22 5 25 26 11 4 5 16 17 9 12 22 25 5 14 7 8
3 20 0 23 19 21 21 23 11 26 26 20 16 20 18 1 5 7 2 24
2 4 22 0 4 15 2 19 8 7 22 24 24 15 9 1 14 26 7 17
8 13 25 1 0 4 1 23 24 23 9 4 20 12 18 3 21 18 6 20
11 6 18 2 6 0 9 13 12 4 18 25 1 14 18 25 20 24 15 16
23 8 26 12 11 9 0 2 26 4 23 5 5 10 23 20 18 7 12 24
2 5 16 18 6 17 23 0 24 24 21 19 25 12 4 9 14 24 12 9
25 20 23 1 1 23 14 13 0 19 22 11 8 23 20 7 16 8 11 5
11 9 25 4 6 14 3 9 24 0 16 18 1 21 19 19 12 26 20 15
11 17 15 11 26 11 1 21 21 16 0 10 12 26 11 12 9 20 12 20
14 16 11 18 2 25 8 4 15 14 8 0 10 7 21 1 23 3 6 23
20 3 26 20 1 26 11 24 18 10 20 21 0 3 10 25 19 22 17 2
4 26 22 22 15 4 7 2 20 7 23 1 2 0 7 19 17 5 18 16
20 11 16 5 13 26 12 4 12 26 21 8 10 1 0 21 20 3 15 4
5 20 23 4 23 23 19 16 11 24 4 5 22 25 18 0 22 18 12 22
24 7 15 1 14 20 11 1 17 23 9 14 20 4 5 15 0 4 4 22
1 19 19 16 1 18 9 6 22 12 26 23 7 24 10 2 16 0 16 20
26 12 18 24 13 7 2 11 15 16 10 2 23 11 23 14 4 13 0 13
23 18 21 9 25 13 8 8 9 4 9 9 16 8 6 25 13 2 22 0

0 18 1 18 24 17 26 19 5 15 19 6 12 8 21 7 2 16 6 22
17 0 18 18 17 10 13 16 26 15 11 25 25 5 22 10 10 14 11 3
21 4 0 8 23 26 24 15 22 11 7 17 16 16 1 15 11 22 3 19
25 13 18 0 14 5 17 17 2 13 7 13 19 10 21 6 16 14 12 6
1 11 10 2 0 9 13 15 25 19 16 6 17 1 4 7 12 5 12 5
11 21 25 16 7 0 11 10 11 23 11 6 21 6 11 14 14 21 14 11
5 17 3 17 24 3 0 16 25 17 21 5 17 15 3 15 17 22 9 22
18 21 11 23 3 1 1 0 2 7 21 24 2 26 17 19 16 6 23 18
10 23 5 17 11 18 24 21 0 7 20 17 16 1 13 1 16 5 26 16
23 1 9 18 2 4 4 25 5 0 6 11 24 18 19 6 15 8 17 6
5 7 20 4 1 6 25 4 17 7 0 21 13 6 17 15 22 18 19 22
7 1 11 21 3 3 1 17 20 18 8 0 17 18 2 19 7 8 23 19
4 7 24 8 17 7 20 23 23 19 12 26 0 19 20 24 15 24 8 17
25 6 22 10 1 3 5 6 9 12 20 12 14 0 21 12 20 11 5 3
2 2 17 1 9 15 20 6 20 2 13 13 21 6 0 4 20 6 8 11
5 4 17 12 17 9 9 13 11 20 25 14 21 15 4 0 8 26 17 18
16 7 5 2 9 21 18 10 17 22 3 11 10 16 18 14 0 11 13 18
13 1 1 23 14 21 4 24 14 7 17 1 14 1 10 13 24 0 19 21
6 5 12 20 20 2 18 13 8 25 4 24 13 11 15 8 16 24 0 1
5 2 23 21 19 10 6 24 13 7 7 3 9 12 17 24 16 22 3 0

0 10 10 24 26 3 21 16 7 4 20 22 1 18 26 4 10 8 17 14
9 0 23 21 2 16 26 3 26 4 1 13 1 6 20 21 13 14 16 14
6 5 0 1 10 14 7 3 24 11 20 25 13 14 19 26 15 14 24 24
6 16 16 0 13 15 25 8 11 3 7 1 25 5 22 13 12 17 25 15
12 8 19 11 0 2 26 14 7 25 1 5 20 19 10 7 5 3 23 22
19 15 1 10 7 0 19 26 16 21 8 5 18 21 25 13 8 1 13 13
7 17 17 13 6 20 0 19 22 4 6 2 25 20 13 7 1 7 7 22
9 18 7 19 10 2 18 0 7 24 23 25 15 22 4 1 25 20 15 4
11 16 21 23 18 13 23 3 0 9 24 25 23 1 25 10 23 20 11 12
26 26 25 24 22 2 24 3 10 0 11 25 16 5 21 17 1 9 18 13
23 7 26 11 5 21 11 13 15 9 0 22 8 6 18 15 7 6 3 11
17 23 9 2 7 14 14 11 9 6 26 0 7 19 21 23 1 26 20 11
25 6 5 6 1 22 2 9 16 19 15 12 0 15 6 9 14 14 7 19
11 26 11 1 26 8 11 22 1 2 25 21 26 0 18 17 2 16 24 12
10 7 9 10 20 6 6 21 6 2 7 9 13 2 0 14 16 17 7 6
25 22 24 17 4 23 12 6 14 5 25 12 8 25 22 0 15 25 16 7
23 25 21 1 18 13 1 22 7 24 14 26 5 17 19 21 0 12 22 16
5 7 19 10 17 22 15 19 20 3 17 19 16 12 12 5 7 0 19 13
15 9 12 5 13 16 4 12 7 6 18 20 3 20 17 20 1 3 0 17
9 11 8 23 16 7 8 20 26 20 1 12 21 11 7 19 8 25 22 0
