15 5 2
5    1  0 47    1  4 57    1  1 71    1  3 96    2  2 14  4 14
5    1  0 75    1  1 60    1  4 22    1  3 79    1  2 65
5    1  3 32    1  0 33    2  2 69  3 69    1  1 31    1  4 58
5    2  0 44  4 44    1  1 34    1  4 51    1  3 58    1  2 47
5    1  3 29    2  1 44  2 44    1  0 62    1  2 17    1  4 8
5    1  1 15    1  2 40    2  0 97  4 97    1  4 38    1  3 66
5    2  2 58  1 58    1  1 39    1  0 57    1  4 20    1  3 50
5    1  2 57    1  3 32    1  4 87    1  0 63    1  1 21
5    1  4 56    2  0 84  2 84    1  2 90    1  1 85    2  3 61  4 61
5    1  4 15    1  0 20    1  1 67    2  3 30  4 30    1  2 70
5    2  4 84  2 84    1  0 82    1  1 23    1  2 45    1  3 38
5    1  3 50    1  2 21    1  0 18    1  4 41    1  1 29
5    1  4 16    1  1 52    1  0 52    1  2 38    1  3 54
5    1  4 37    1  0 54    1  3 57    1  2 74    1  1 62
5    2  4 57  0 57    1  1 61    1  0 81    1  2 30    1  3 68

0 5 1 20 3 8 25 25 17 26 13 24 12 13 1
12 0 16 24 8 8 18 15 21 10 11 19 5 5 13
22 20 0 4 23 16 12 7 14 26 11 18 23 15 7
20 11 4 0 21 20 18 1 23 9 7 21 8 10 20
19 15 24 3 0 11 20 12 15 26 24 22 18 21 26
7 11 9 17 2 0 25 16 20 16 10 7 10 5 22
19 6 26 22 2 13 0 13 25 6 18 19 24 3 7
22 18 25 20 13 4 16 0 9 2 1 26 25 10 15
15 23 5 26 12 12 8 12 0 10 18 17 22 13 4
9 22 10 9 9 5 20 17 23 0 15 16 18 5 26
26 8 21 13 6 17 11 5 24 17 0 9 4 19 11
1 1 21 1 6 1 22 2 21 21 17 0 4 23 14
8 13 20 14 9 23 17 6 23 26 7 4 0 4 12
18 13 25 3 17 15 6 7 7 22 9 14 22 0 16
13 14 12 10 10 1 5 9 23 8 1 26 24 2 0

0 20 7 6 1 4 15 21 11 19 13 2 11 26 14
18 0 21 24 12 20 25 13 13 26 22 9 11 25 19
17 16 0 17 20 10 21 19 5 17 16 8 4 15 13
11 5 26 0 9 1 21 5 3 11 4 6 18 11 5
10 8 26 17 0 21 6 24 26 5 3 26 11 23 5
19 1 15 10 13 0 9 21 24 14 8 2 15 25 24
16 22 5 6 15 19 0 13 3 13 13 17 7 7 19
13 13 5 7 17 16 20 0 19 14 20 21 20 15 21
23 19 4 26 21 15 11 14 0 19 7 5 5 18 25
20 17 24 14 26 25 15 1 18 0 17 22 2 25 1
13 6 9 24 17 20 10 2 12 6 0 24 18 9 18
3 1 11 17 26 3 9 5 26 13 11 0 1 21 3
2 1 18 6 5 24 9 19 10 8 11 18 0 12 3
20 23 21 18 24 15 21 26 24 2 8 6 24 0 14
22 5 13 21 1 5 23 9 15 19 16 2 3 16 0

0 10 17 8 22 22 26 16 21 17 4 14 20 24 7
17 0 8 15 16 26 13 25 3 3 24 22 12 3 5
2 5 0 17 16 17 16 12 21 6 10 1 6 2 19
16 26 4 0 1 7 24 12 14 11 6 15 1 7 14
21 18 21 2 0 9 20 20 20 26 15 5 15 7 11
18 25 25 5 6 0 14 13 2 14 25 12 21 3 21
24 16 22 4 9 12 0 15 8 3 20 20 21 25 3
26 25 26 3 11 13 19 0 3 21 13 24 24 7 12
22 3 1 9 17 21 24 22 0 25 6 8 26 19 21
10 24 10 1 7 26 10 13 8 0 16 11 19 13 2
12 2 18 16 20 9 1 26 2 10 0 5 5 21 11
26 16 14 12 3 3 1 8 24 10 21 0 7 7 9
5 6 16 5 22 15 20 9 22 21 16 9 0 14 20
15 22 14 14 17 9 16 23 26 17 16 2 2 0 3
19 5 19 5 24 5 8 9 6 25 1 25 10 7 0

0 12 9 6 10 15 3 25 22 20 26 17 15 9 20
7 0 8 5 18 7 7 21 7 24 2 12 16 15 15
18 1 0 13 11 15 1 11 20 1 9 9 22 21 21
1 14 11 0 15 24 25 22 5 1 12 13 17 2 25
7 19 23 25 0 18 9 10 2 20 22 12 3 3 7
2 4 19 12 23 0 14 18 6 11 2 5 25 26 5
5 11 13 15 20 1 0 23 20 14 17 7 24 17 15
26 14 10 2 24 13 26 0 22 9 21 12 22 9 3
24 1 17 8 1 24 7 17 0 9 24 19 11 7 1
15 13 17 1 7 24 9 10 23 0 18 9 8 18 3
16 1 17 1 21 9 11 15 19 13 0 1 11 14 26
13 1 2 3 4 17 21 8 1 2 25 0 26 24 3
7 16 5 3 26 3 13 22 24 21 25 13 0 17 5
10 25 16 6 11 5 5 21 2 9 8 18 12 0 22
3 15 26 10 18 18 12 20 9 17 11 26 13 18 0

0 25 17 7 2 20 23 2 22 17 3 8 6 12 9
26 0 2 5 14 1 17 13 14 19 1 7 16 25 20
4 10 0 6 24 8 4 18 13 22 24 3 1 19 13
7 20 18 0 18 10 25 19 1 23 2 18 12 19 8
8 10 16 13 0 3 12 20 9 2 9 14 5 18 6
11 16 23 19 9 0 21 7 17 24 17 7 14 11 15
26 16 24 15 22 17 0 25 11 23 25 12 20 9 19
10 12 18 14 25 25 9 0 21 6 16 4 22 14 11
3 22 5 23 10 18 15 20 0 1 8 6 3 1 2
9 10 13 24 3 3 13 4 25 0 21 13 5 10 8
21 10 21 20 25 7 14 19 26 22 0 1 4 6 20
14 3 8 10 18 17 23 18 26 15 9 0 11 11 17
14 4 14 7 12 7 16 14 10 5 19 4 0 13 1
22 24 3 22 22 9 5 15 21 11 17 20 13 0 2
13 5 4 25 21 20 7 4 5 21 8 8 9 20 0
