10 10 8
10    6  0 29  2 29  3 29  4 29  5 29  7 29    6  1 78  3 78  4 78  5 78  7 78  8 78    6  1 9  2 9  5 9  6 9  8 9  9 9    5  0 36  1 36  3 36  6 36  8 36    5  1 49  2 49  3 49  4 49  6 49    5  0 11  2 11  4 11  5 11  9 11    5  0 62  2 62  4 62  6 62  9 62    4  1 56  2 56  5 56  7 56    4  3 44  5 44  7 44  8 44    4  0 21  5 21  7 21  9 21
10    5  0 43  5 43  7 43  8 43  9 43    3  1 90  2 90  4 90    3  1 75  2 75  4 75    4  0 11  3 11  5 11  9 11    3  2 69  3 69  4 69    8  0 28  1 28  2 28  4 28  5 28  6 28  8 28  9 28    5  3 46  5 46  6 46  8 46  9 46    2  5 46  6 46    3  0 72  3 72  7 72    3  1 30  6 30  8 30
10    4  1 91  3 91  5 91  6 91    3  0 85  4 85  6 85    4  2 39  3 39  6 39  9 39    3  0 74  2 74  6 74    5  4 90  5 90  7 90  8 90  9 90    6  3 10  4 10  5 10  6 10  7 10  8 10    6  0 12  2 12  4 12  5 12  6 12  7 12    4  2 89  5 89  6 89  7 89    5  0 45  2 45  3 45  5 45  9 45    3  1 33  4 33  5 33
10    3  0 81  1 81  9 81    4  0 95  1 95  2 95  7 95    5  0 71  4 71  5 71  7 71  8 71    5  0 99  2 99  4 99  8 99  9 99    6  2 9  4 9  6 9  7 9  8 9  9 9    6  0 52  1 52  2 52  6 52  8 52  9 52    4  2 85  3 85  7 85  8 85    4  3 98  6 98  7 98  8 98    6  1 22  3 22  4 22  7 22  8 22  9 22    6  1 43  2 43  3 43  4 43  5 43  8 43
10    5  1 14  2 14  4 14  6 14  8 14    3  0 6  2 6  5 6    7  0 22  1 22  2 22  3 22  5 22  8 22  9 22    3  1 61  5 61  7 61    5  3 26  6 26  7 26  8 26  9 26    6  0 69  1 69  4 69  5 69  8 69  9 69    5  0 21  1 21  4 21  5 21  8 21    6  1 49  3 49  4 49  5 49  7 49  9 49    3  1 72  5 72  9 72    6  1 53  2 53  3 53  4 53  6 53  7 53
10    5  1 84  2 84  5 84  7 84  9 84    3  1 2  5 2  9 2    4  2 52  3 52  5 52  7 52    3  3 95  4 95  5 95    4  0 48  1 48  5 48  8 48    6  0 72  2 72  3 72  5 72  8 72  9 72    7  0 47  1 47  2 47  3 47  5 47  8 47  9 47    5  0 65  4 65  5 65  6 65  7 65    5  0 6  2 6  4 6  5 6  9 6    6  1 25  2 25  3 25  5 25  6 25  7 25
10    4  1 46  2 46  3 46  8 46    4  0 37  1 37  3 37  8 37    4  0 61  1 61  3 61  4 61    2  0 13  2 13    5  0 32  2 32  5 32  6 32  8 32    2  1 21  5 21    4  2 32  7 32  8 32  9 32    5  0 89  1 89  2 89  7 89  8 89    5  0 30  2 30  3 30  6 30  7 30    4  1 55  4 55  7 55  8 55
10    3  2 31  4 31  5 31    3  0 86  3 86  6 86    5  1 46  3 46  4 46  7 46  9 46    1  5 74    3  2 32  3 32  4 32    5  0 88  1 88  2 88  3 88  6 88    4  2 19  3 19  6 19  8 19    6  0 48  1 48  3 48  6 48  7 48  9 48    5  1 36  2 36  4 36  7 36  8 36    3  3 79  4 79  8 79
10    6  0 76  1 76  3 76  5 76  8 76  9 76    4  1 69  2 69  4 69  9 69    5  0 76  2 76  3 76  8 76  9 76    3  5 51  8 51  9 51    4  2 85  3 85  4 85  8 85    3  2 11  6 11  9 11    6  0 40  2 40  4 40  6 40  7 40  8 40    5  1 89  4 89  6 89  7 89  8 89    6  1 26  2 26  3 26  4 26  5 26  6 26    4  1 74  2 74  7 74  8 74
10    6  1 85  2 85  3 85  4 85  7 85  9 85    8  0 13  3 13  4 13  5 13  6 13  7 13  8 13  9 13    4  0 61  2 61  4 61  9 61    3  0 7  3 7  6 7    3  7 64  8 64  9 64    4  1 76  3 76  4 76  9 76    4  2 47  3 47  4 47  5 47    5  1 52  3 52  4 52  7 52  8 52    5  2 90  4 90  5 90  6 90  8 90    5  0 45  3 45  4 45  6 45  7 45

0 17 16 18 3 1 4 12 10 20
13 0 6 7 12 24 13 25 8 21
23 8 0 11 15 24 21 19 3 6
10 7 5 0 23 15 7 9 10 6
18 6 23 2 0 3 8 10 2 3
9 9 4 17 17 0 9 11 12 2
3 3 8 5 1 16 0 6 18 18
11 21 13 18 4 15 21 0 25 2
1 3 5 19 5 4 7 19 0 9
17 5 12 19 20 8 5 11 3 0

0 20 14 6 8 17 16 8 16 15
13 0 11 9 6 16 9 24 11 9
21 16 0 21 6 8 23 15 17 18
14 22 22 0 18 5 7 24 14 10
13 1 15 23 0 2 14 17 12 11
23 3 5 11 2 0 4 18 21 11
18 17 23 14 4 14 0 10 6 4
6 12 22 22 5 2 9 0 16 6
22 18 2 16 4 14 20 10 0 11
4 22 23 13 2 17 18 9 12 0

0 22 2 22 17 13 2 13 11 18
17 0 18 3 23 2 13 25 25 7
16 9 0 23 17 16 4 15 16 8
13 14 21 0 16 25 24 25 10 13
11 25 19 22 0 12 23 10 18 15
19 12 23 15 24 0 23 3 13 2
24 10 25 12 7 6 0 19 9 16
13 4 18 14 5 7 25 0 18 7
13 25 18 12 16 18 22 22 0 12
11 5 6 10 24 23 18 16 11 0

0 21 20 22 6 7 4 24 1 20
17 0 18 2 21 18 23 14 11 2
22 4 0 24 7 14 15 2 9 23
9 4 20 0 24 1 15 11 11 2
10 5 19 24 0 4 6 3 1 5
24 24 5 6 11 0 5 23 3 20
3 14 18 11 2 9 0 4 1 20
21 11 1 11 14 3 17 0 17 1
11 9 15 21 5 25 6 8 0 24
5 11 24 15 21 17 16 20 3 0

0 24 19 6 10 12 25 20 8 11
15 0 23 9 9 12 2 13 20 17
25 3 0 25 7 2 8 15 7 23
12 16 5 0 11 4 21 1 7 13
23 7 2 18 0 18 3 24 8 3
9 15 20 5 16 0 22 7 4 16
5 5 6 12 11 6 0 22 9 19
24 19 24 22 18 20 10 0 20 2
3 3 21 8 12 2 22 24 0 6
22 7 9 12 14 11 20 17 9 0

0 24 24 18 7 3 14 5 18 20
16 0 19 19 8 2 10 10 1 3
25 12 0 24 12 16 1 3 7 12
14 23 11 0 17 8 9 15 24 8
13 7 10 22 0 21 18 23 6 24
18 6 16 3 6 0 17 24 24 20
24 24 13 5 4 23 0 11 22 25
14 13 13 25 3 7 25 0 22 17
2 1 1 5 23 12 13 13 0 24
20 2 25 24 14 23 1 13 11 0

0 11 25 15 13 24 7 10 2 16
13 0 23 17 4 11 15 12 13 10
25 15 0 16 9 23 10 4 1 5
20 4 12 0 10 16 11 13 20 1
25 6 12 12 0 18 2 1 18 6
19 23 23 22 21 0 17 17 22 23
5 20 24 21 10 15 0 22 21 1
11 18 13 22 23 21 3 0 22 6
3 8 17 2 15 3 11 3 0 1
15 25 11 11 4 5 15 8 3 0

0 25 12 15 20 18 11 22 23 18
10 0 1 3 12 8 2 7 25 2
12 16 0 24 7 23 18 5 6 21
5 8 5 0 11 9 18 4 25 3
13 17 3 6 0 4 9 14 24 8
25 13 15 1 6 0 4 7 24 9
7 7 18 9 22 14 0 5 6 6
21 7 6 1 16 20 25 0 12 17
15 14 3 11 20 13 9 11 0 10
16 17 5 22 9 24 9 23 16 0

0 21 24 17 21 2 9 1 4 4
3 0 2 4 7 9 18 2 7 16
7 14 0 25 23 17 2 6 7 24
1 20 14 0 22 13 17 12 3 10
12 9 15 23 0 20 7 3 7 23
4 7 7 10 11 0 8 15 14 17
3 14 7 7 23 23 0 25 14 8
13 13 25 2 6 5 17 0 7 25
14 5 1 22 3 12 7 12 0 8
14 19 7 19 24 12 4 11 20 0

0 15 15 20 5 20 22 2 13 17
6 0 4 5 7 24 22 14 23 2
10 12 0 11 1 14 22 12 14 4
12 24 15 0 11 16 7 10 14 2
20 16 15 20 0 19 17 21 16 5
12 6 5 10 18 0 24 4 3 15
16 7 17 1 6 8 0 11 20 3
3 23 10 11 12 20 21 0 25 4
8 19 12 16 21 20 20 17 0 6
12 2 5 10 6 9 8 14 7 0
