15 10 8
10    2  1 84  7 84    5  3 58  5 58  6 58  8 58  9 58    3  2 77  8 77  9 77    5  0 44  2 44  3 44  5 44  7 44    5  0 97  4 97  5 97  7 97  8 97    5  0 89  5 89  6 89  8 89  9 89    3  2 5  3 5  8 5    3  1 58  2 58  3 58    7  1 96  3 96  4 96  5 96  6 96  8 96  9 96    4  0 9  1 9  2 9  9 9
10    3  3 21  6 21  8 21    4  1 87  2 87  3 87  4 87    3  4 15  7 15  8 15    6  0 39  1 39  3 39  5 39  8 39  9 39    3  2 81  7 81  9 81    4  1 85  3 85  4 85  9 85    4  2 31  3 31  7 31  8 31    6  0 57  5 57  6 57  7 57  8 57  9 57    6  1 73  2 73  5 73  6 73  8 73  9 73    3  0 77  4 77  7 77
10    4  0 40  4 40  8 40  9 40    5  0 71  1 71  3 71  5 71  9 71    6  2 34  3 34  5 34  7 34  8 34  9 34    4  2 82  4 82  7 82  9 82    3  3 70  6 70  8 70    7  3 22  4 22  5 22  6 22  7 22  8 22  9 22    3  1 10  4 10  9 10    7  2 80  3 80  4 80  5 80  7 80  8 80  9 80    5  0 48  1 48  2 48  4 48  6 48    5  0 49  1 49  6 49  7 49  9 49
10    1  5 75    4  2 17  3 17  5 17  8 17    6  1 7  3 7  5 7  7 7  8 7  9 7    4  2 72  6 72  7 72  9 72    3  0 11  3 11  4 11    6  0 62  1 62  2 62  5 62  7 62  9 62    5  1 47  5 47  7 47  8 47  9 47    5  3 35  4 35  5 35  6 35  9 35    5  1 91  2 91  4 91  5 91  6 91    5  0 55  1 55  6 55  7 55  8 55
10    5  0 20  3 20  5 20  8 20  9 20    3  4 12  6 12  7 12    8  0 71  1 71  2 71  3 71  5 71  6 71  7 71  9 71    6  2 67  3 67  4 67  6 67  7 67  8 67    3  0 64  4 64  6 64    4  1 94  2 94  4 94  9 94    5  2 15  3 15  7 15  8 15  9 15    4  3 50  5 50  7 50  8 50    4  3 75  4 75  5 75  9 75    5  0 90  1 90  2 90  5 90  7 90
10    3  2 93  5 93  6 93    3  1 93  5 93  7 93    3  1 57  6 57  9 57    6  0 70  1 70  4 70  6 70  7 70  8 70    4  2 77  3 77  7 77  8 77    6  0 58  1 58  4 58  6 58  8 58  9 58    6  0 52  2 52  4 52  5 52  6 52  8 52    5  2 29  4 29  7 29  8 29  9 29    5  2 7  4 7  6 7  8 7  9 7    4  1 68  3 68  5 68  6 68
10    4  3 56  4 56  6 56  7 56    5  0 95  2 95  4 95  6 95  7 95    2  1 48  8 48    4  1 26  2 26  3 26  4 26    4  0 82  1 82  2 82  7 82    5  1 63  2 63  4 63  7 63  9 63    5  1 36  2 36  4 36  8 36  9 36    4  1 27  2 27  3 27  8 27    4  0 87  1 87  6 87  7 87    5  0 6  5 6  6 6  7 6  8 6
10    4  0 76  1 76  3 76  4 76    3  1 15  5 15  8 15    5  2 78  3 78  4 78  8 78  9 78    4  1 8  2 8  4 8  9 8    4  1 41  5 41  7 41  8 41    7  1 36  2 36  3 36  4 36  6 36  8 36  9 36    7  1 30  2 30  3 30  4 30  7 30  8 30  9 30    8  1 84  2 84  3 84  5 84  6 84  7 84  8 84  9 84    4  0 36  1 36  6 36  8 36    6  1 76  4 76  5 76  6 76  7 76  9 76
10    6  0 75  1 75  3 75  5 75  7 75  9 75    6  0 13  5 13  6 13  7 13  8 13  9 13    5  0 81  2 81  3 81  6 81  9 81    2  5 29  8 29    6  0 54  2 54  4 54  7 54  8 54  9 54    2  0 82  6 82    6  1 88  3 88  5 88  6 88  8 88  9 88    3  1 78  2 78  8 78    6  0 40  3 40  4 40  5 40  8 40  9 40    3  2 13  3 13  7 13
10    6  0 6  1 6  2 6  3 6  4 6  6 6    6  1 26  2 26  4 26  7 26  8 26  9 26    4  0 32  3 32  6 32  7 32    6  0 64  1 64  3 64  5 64  6 64  9 64    5  1 54  2 54  4 54  6 54  9 54    4  0 52  2 52  3 52  5 52    3  2 82  5 82  6 82    6  0 6  1 6  2 6  3 6  6 6  8 6    4  0 88  4 88  7 88  9 88    4  0 54  5 54  6 54  8 54
10    6  1 62  2 62  3 62  5 62  6 62  8 62    7  2 67  3 67  4 67  6 67  7 67  8 67  9 67    3  4 32  5 32  6 32    5  0 62  2 62  5 62  7 62  8 62    6  3 69  4 69  6 69  7 69  8 69  9 69    3  2 61  3 61  5 61    4  0 35  1 35  4 35  5 35    6  1 72  3 72  4 72  6 72  8 72  9 72    6  0 5  2 5  3 5  4 5  5 5  9 5    5  1 93  3 93  6 93  7 93  9 93
10    4  1 78  2 78  5 78  7 78    6  0 90  4 90  5 90  6 90  8 90  9 90    5  0 85  2 85  3 85  4 85  8 85    5  0 72  1 72  2 72  5 72  8 72    5  0 64  3 64  4 64  7 64  8 64    5  0 63  1 63  5 63  6 63  8 63    7  0 11  1 11  3 11  4 11  6 11  7 11  8 11    4  2 82  4 82  7 82  9 82    3  1 88  5 88  7 88    3  2 7  4 7  5 7
10    3  0 28  3 28  4 28    5  0 11  2 11  5 11  7 11  9 11    5  0 50  2 50  4 50  5 50  7 50    4  2 88  3 88  6 88  9 88    2  0 44  9 44    6  0 31  1 31  2 31  5 31  8 31  9 31    7  0 27  1 27  2 27  5 27  6 27  8 27  9 27    1  1 66    5  0 49  5 49  7 49  8 49  9 49    3  2 35  3 35  6 35
10    3  2 14  7 14  8 14    6  4 39  5 39  6 39  7 39  8 39  9 39    4  1 56  2 56  4 56  6 56    4  0 62  2 62  4 62  9 62    8  0 97  1 97  3 97  4 97  5 97  6 97  8 97  9 97    3  3 66  8 66  9 66    4  0 69  7 69  8 69  9 69    4  0 7  1 7  3 7  8 7    5  0 47  1 47  4 47  7 47  8 47    3  0 76  5 76  6 76
10    5  1 18  2 18  4 18  5 18  9 18    6  0 93  1 93  2 93  3 93  4 93  8 93    6  1 58  3 58  4 58  6 58  7 58  8 58    3  1 47  3 47  6 47    4  3 69  4 69  7 69  9 69    2  5 57  9 57    6  1 41  2 41  3 41  4 41  5 41  6 41    2  0 53  5 53    4  2 79  4 79  7 79  8 79    3  0 64  4 64  7 64

0 25 23 8 7 21 15 27 12 3 21 6 26 26 16
3 0 27 21 16 2 25 3 3 4 5 25 4 8 6
1 20 0 26 9 11 18 6 20 22 24 18 27 4 27
1 17 15 0 22 19 10 4 27 20 1 20 6 27 21
6 27 9 17 0 18 20 21 2 9 26 4 1 7 7
22 13 25 18 26 0 13 10 5 8 1 19 23 13 5
12 13 2 6 23 27 0 24 7 9 1 17 7 15 15
25 12 3 15 4 14 3 0 9 9 25 6 2 1 22
19 14 24 22 18 25 8 7 0 19 21 21 7 16 5
17 8 24 5 5 23 6 20 1 0 21 6 4 13 2
14 16 16 1 19 10 9 13 7 27 0 27 18 11 24
8 8 20 12 23 14 21 15 10 22 6 0 10 27 1
12 10 3 14 5 11 22 18 22 7 20 13 0 7 19
10 14 26 7 6 10 25 13 15 2 10 13 10 0 4
27 11 14 24 3 15 3 13 25 21 16 14 20 7 0

0 11 13 26 26 7 1 6 4 15 19 20 23 20 2
22 0 13 13 3 14 4 22 14 4 19 27 25 10 19
20 16 0 5 20 20 24 18 9 1 20 2 26 7 16
15 4 5 0 9 20 27 2 2 22 3 21 20 6 23
12 11 24 19 0 17 17 8 6 9 2 2 13 27 25
12 7 9 21 11 0 23 1 5 21 15 2 17 10 21
9 20 23 9 4 7 0 23 2 6 15 23 15 23 11
27 19 16 22 22 1 4 0 9 18 1 7 3 22 9
24 19 21 26 20 27 1 8 0 3 21 10 6 27 13
23 20 21 3 6 18 7 21 6 0 11 13 11 11 25
19 22 27 20 14 10 15 8 20 1 0 21 16 24 19
1 9 27 6 26 21 13 25 22 18 15 0 1 11 2
4 10 16 4 15 8 8 15 17 23 25 7 0 3 16
13 3 8 24 14 25 20 23 3 14 4 1 21 0 2
6 1 10 25 22 11 3 3 5 8 26 3 18 26 0

0 17 1 15 27 3 9 2 8 11 23 1 5 2 22
1 0 21 16 8 23 26 18 20 24 2 4 5 6 13
9 4 0 5 13 4 20 18 18 1 17 21 13 24 11
27 23 6 0 18 26 19 27 18 22 5 24 26 17 5
4 16 15 15 0 9 13 23 2 13 6 10 24 26 22
4 17 5 27 22 0 8 27 14 22 20 11 16 27 16
14 2 2 24 25 8 0 4 6 13 19 9 21 17 12
3 9 19 5 20 7 8 0 24 9 25 17 8 17 20
20 5 5 19 10 4 13 24 0 6 16 23 12 3 15
15 3 3 4 16 5 22 14 8 0 12 22 15 1 12
18 19 21 4 23 7 6 3 19 6 0 26 13 5 6
10 7 1 3 25 15 18 21 27 7 18 0 10 26 27
18 22 2 5 25 21 6 12 1 23 3 15 0 10 19
1 4 5 17 11 25 23 13 21 8 11 5 3 0 14
9 20 2 6 19 10 6 27 14 27 7 10 6 13 0

0 21 16 9 24 16 1 11 24 21 6 27 18 15 11
21 0 7 20 1 7 15 6 27 20 20 3 9 11 19
9 14 0 4 19 23 21 23 16 3 5 16 26 27 11
18 4 12 0 12 17 5 15 17 12 18 10 9 16 1
12 5 14 6 0 8 15 25 25 25 24 12 16 20 5
22 18 5 16 13 0 22 16 27 2 25 17 1 15 16
9 7 8 4 7 27 0 25 27 5 2 17 6 25 13
26 2 26 27 17 12 24 0 11 25 6 1 21 3 3
18 11 27 25 24 8 21 8 0 2 24 22 11 16 1
21 23 9 10 9 25 8 8 5 0 20 5 16 13 24
2 24 12 16 20 16 20 25 15 26 0 20 27 21 25
16 14 16 23 19 16 15 20 23 22 22 0 2 22 4
12 23 24 24 21 11 5 22 6 18 27 17 0 22 24
23 7 19 4 8 13 6 4 14 6 20 14 8 0 18
10 3 12 6 22 27 14 11 20 5 17 23 15 16 0

0 7 16 2 17 1 26 26 25 7 11 14 26 3 25
6 0 5 19 3 1 24 14 16 7 25 5 14 4 11
18 27 0 8 18 6 21 14 14 4 27 12 25 26 1
8 10 14 0 21 2 23 8 27 25 8 6 25 21 8
18 16 21 11 0 16 17 25 19 16 23 19 5 16 6
24 15 2 4 19 0 10 24 4 20 9 12 5 21 7
14 7 26 25 21 1 0 18 25 21 25 7 6 26 18
7 5 9 17 24 10 2 0 16 3 27 25 10 4 26
25 12 16 20 7 11 22 26 0 10 23 20 11 19 16
16 21 9 18 21 11 27 26 15 0 9 16 8 23 26
16 2 20 14 5 27 7 17 3 6 0 17 2 13 21
12 15 18 14 15 25 19 6 17 17 9 0 16 4 19
1 25 15 8 10 4 19 26 1 13 18 17 0 23 11
24 25 15 24 25 1 3 2 22 21 1 19 2 0 3
16 19 4 22 9 5 20 5 13 7 27 6 27 18 0

0 22 18 13 4 21 5 13 8 6 9 21 7 14 20
22 0 5 7 19 18 20 23 18 10 8 13 17 19 1
24 12 0 4 19 25 6 9 10 27 27 13 10 11 21
26 12 26 0 15 24 23 22 17 10 8 5 24 18 6
3 14 17 26 0 15 9 26 4 7 13 11 21 16 5
13 1 23 4 6 0 8 25 27 11 6 4 10 10 9
15 5 20 16 12 23 0 19 12 26 6 22 6 14 10
19 14 10 24 11 3 24 0 21 14 22 10 9 16 27
6 10 7 9 5 11 1 20 0 13 15 8 24 2 19
12 27 15 7 12 13 8 23 22 0 14 11 23 25 25
8 14 1 24 9 23 27 21 19 4 0 24 18 4 16
9 5 3 12 14 4 13 27 8 16 10 0 10 22 12
4 8 6 15 25 17 2 3 10 17 6 12 0 22 18
22 24 11 14 19 4 20 7 4 14 15 6 10 0 14
20 20 13 22 25 12 4 7 23 15 2 6 15 1 0

0 24 27 7 8 9 2 13 14 23 15 6 14 19 9
11 0 6 3 10 25 2 27 16 5 2 26 26 7 20
19 20 0 21 4 26 24 2 19 21 9 6 7 22 27
14 20 18 0 10 6 12 14 4 19 22 21 7 26 26
17 21 22 22 0 21 11 7 1 19 5 22 18 11 18
18 27 10 21 4 0 8 18 21 6 21 20 8 6 16
27 23 5 16 3 21 0 13 10 8 4 21 25 15 3
2 2 18 7 11 19 7 0 27 27 11 24 23 13 25
15 27 17 2 16 27 2 20 0 7 22 27 18 11 15
15 6 10 11 9 5 6 17 20 0 21 25 21 6 6
24 14 27 24 12 21 27 26 17 27 0 16 7 25 14
8 24 10 15 4 23 12 18 17 3 25 0 22 10 17
23 1 17 2 4 19 8 1 5 24 3 4 0 8 20
2 24 12 17 27 7 14 21 11 7 13 10 13 0 21
18 7 11 13 23 8 25 17 17 13 5 17 6 26 0

0 6 24 18 26 7 15 12 3 17 10 18 19 2 24
14 0 4 9 11 1 19 14 11 7 18 3 6 3 1
26 20 0 27 2 10 20 2 14 15 24 16 21 1 25
8 22 12 0 18 23 25 21 1 9 6 18 19 25 22
7 8 10 26 0 25 1 23 21 11 19 10 25 6 10
16 12 5 22 11 0 8 27 18 8 12 11 9 14 19
13 27 27 6 2 12 0 4 15 15 2 24 13 10 5
13 12 5 6 17 24 17 0 20 4 6 7 24 4 12
23 6 19 15 22 15 12 18 0 22 1 8 25 18 25
4 19 13 25 12 10 20 14 24 0 17 7 22 13 14
8 19 26 18 20 8 20 6 19 4 0 6 21 5 17
14 17 15 20 8 15 3 26 1 20 27 0 27 15 27
1 16 26 22 11 27 17 24 8 14 5 9 0 13 10
20 22 9 15 21 19 5 6 2 6 8 16 10 0 15
25 4 3 16 5 18 10 12 19 2 22 7 27 27 0

0 16 10 25 17 27 22 10 5 22 10 3 9 3 14
1 0 21 9 4 14 6 16 16 11 21 15 12 4 9
4 4 0 9 14 3 24 10 13 16 4 5 27 5 26
26 13 7 0 5 1 5 3 18 16 13 17 17 20 16
23 13 7 3 0 2 11 19 24 23 16 10 9 1 16
21 13 25 9 17 0 4 11 17 16 10 15 11 4 25
6 9 9 1 21 22 0 4 21 9 3 13 10 17 26
21 12 8 3 22 4 20 0 3 6 11 17 23 19 3
21 25 18 2 12 25 7 21 0 22 12 8 10 3 11
22 1 10 26 18 21 24 22 6 0 22 27 22 10 27
25 21 23 17 6 23 15 24 16 15 0 13 7 26 12
21 6 5 3 8 25 27 24 3 13 5 0 21 20 27
16 9 9 3 20 18 10 15 27 5 27 13 0 16 13
1 24 16 12 27 12 15 27 26 11 7 11 23 0 27
16 1 8 23 4 26 9 24 1 10 22 2 16 20 0

0 23 4 14 11 1 20 4 26 19 3 11 18 25 21
21 0 27 19 13 24 23 13 16 6 22 27 2 21 1
27 25 0 1 22 25 10 17 7 6 16 16 3 14 14
26 10 13 0 5 8 12 9 5 4 3 27 12 3 5
2 2 16 25 0 12 22 17 25 23 16 12 26 16 20
24 20 18 1 16 0 18 20 14 7 5 19 19 21 19
9 26 12 11 10 16 0 3 11 19 9 22 17 19 10
11 5 15 1 3 8 11 0 17 21 2 15 16 8 12
27 16 15 19 1 6 13 27 0 11 15 17 26 19 4
4 22 23 11 17 7 1 3 2 0 19 6 11 3 25
15 24 22 14 19 2 12 14 6 20 0 27 11 18 15
23 9 19 25 2 19 11 18 6 1 25 0 13 23 25
17 17 22 25 25 4 25 16 26 12 25 23 0 16 17
12 12 14 20 20 3 18 4 13 3 11 9 23 0 24
26 6 4 10 12 11 15 8 21 26 14 12 18 22 0
