20 10 3
10    1  8 14    1  2 38    2  7 44  2 44    2  0 76  5 76    1  5 97    2  3 12  7 12    2  4 75  7 75    3  6 66  9 66  3 66    2  9 12  0 12    3  1 29  6 29  2 29
10    2  0 43  2 43    2  2 85  5 85    2  3 82  5 82    3  5 38  3 38  0 38    1  4 58    2  9 89  8 89    1  8 92    1  6 87    3  7 69  8 69  0 69    2  1 80  8 80
10    3  3 41  9 41  7 41    3  7 7  3 7  9 7    1  9 5    2  0 43  5 43    1  2 14    1  4 8    3  5 61  2 61  1 61    1  1 84    2  8 66  9 66    3  6 48  1 48  9 48
10    1  2 42    3  3 74  9 74  1 74    1  4 59    3  6 41  1 41  2 41    2  1 8  2 8    1  9 73    3  8 43  1 43  3 43    3  0 96  4 96  2 96    1  5 19    1  7 97
10    2  7 23  0 23    2  8 42  0 42    2  4 37  9 37    2  6 55  0 55    2  0 7  3 7    2  5 5  0 5    1  2 70    1  9 38    2  3 75  1 75    2  1 48  4 48
10    3  8 9  7 9  5 9    2  6 43  1 43    3  7 31  8 31  5 31    3  4 25  7 25  2 25    3  5 73  7 73  2 73    1  3 95    2  0 79  4 79    1  2 72    2  9 60  5 60    3  1 56  6 56  9 56
10    1  1 7    2  5 21  2 21    3  8 53  7 53  5 53    2  6 16  1 16    2  4 94  6 94    1  0 97    2  3 78  8 78    3  2 64  1 64  8 64    2  7 86  0 86    1  9 31
10    1  2 65    3  6 59  2 59  7 59    1  7 85    2  1 33  0 33    1  4 30    2  8 44  6 44    3  0 61  2 61  9 61    2  3 86  1 86    2  9 63  7 63    1  5 32
10    1  6 45    3  2 44  1 44  4 44    3  5 61  9 61  7 61    3  8 93  1 93  6 93    3  1 30  8 30  9 30    1  7 90    2  9 84  0 84    3  4 11  0 11  8 11    2  3 16  8 16    3  0 60  2 60  1 60
10    1  4 47    1  7 36    3  8 31  0 31  7 31    3  1 49  0 49  4 49    1  3 20    3  2 28  0 28  9 28    1  6 52    2  9 35  3 35    3  5 11  2 11  4 11    1  0 32
10    1  2 77    3  4 10  3 10  6 10    3  9 68  3 68  6 68    3  5 17  0 17  1 17    1  0 85    2  1 84  0 84    1  8 20    2  6 49  7 49    2  7 74  4 74    2  3 34  4 34
10    3  0 17  1 17  8 17    1  5 7    3  1 85  5 85  9 85    3  3 29  8 29  1 29    3  2 17  4 17  7 17    2  4 76  7 76    3  6 59  0 59  8 59    2  8 71  5 71    1  9 13    3  7 48  5 48  3 48
10    2  6 87  5 87    1  4 39    3  8 43  7 43  0 43    1  7 11    2  2 15  3 15    1  3 32    1  5 64    2  0 19  2 19    1  1 39    1  9 16
10    1  5 33    3  3 99  2 99  4 99    3  6 32  0 32  4 32    2  4 91  8 91    2  8 82  6 82    1  2 92    2  9 99  1 99    2  7 57  6 57    2  1 83  3 83    1  0 8
10    1  3 91    3  5 39  4 39  7 39    3  2 69  7 69  9 69    1  8 27    3  7 7  4 7  9 7    2  6 21  7 21    3  1 38  0 38  9 38    3  9 62  2 62  7 62    2  4 88  0 88    3  0 48  1 48  4 48
10    2  2 67  7 67    3  7 80  8 80  0 80    2  3 24  4 24    1  0 88    2  4 18  3 18    3  1 44  8 44  0 44    1  8 45    2  9 64  8 64    3  5 80  0 80  8 80    3  6 38  5 38  8 38
10    1  9 59    3  3 72  2 72  1 72    2  6 47  2 47    3  4 40  2 40  6 40    2  7 21  1 21    2  5 43  6 43    1  0 51    1  8 52    3  1 24  8 24  6 24    3  2 15  8 15  4 15
10    3  3 70  8 70  7 70    2  2 31  9 31    1  6 20    3  8 76  6 76  5 76    1  1 40    3  7 43  0 43  3 43    3  0 32  1 32  7 32    2  5 88  7 88    1  9 5    1  4 77
10    3  4 47  3 47  7 47    2  5 64  9 64    2  9 85  3 85    2  3 49  0 49    2  7 58  5 58    1  1 26    2  0 32  4 32    1  8 80    2  2 14  1 14    1  6 94
10    2  5 59  4 59    1  2 96    1  0 5    2  7 79  3 79    2  8 34  6 34    2  4 75  0 75    1  3 26    1  6 9    3  9 23  5 23  0 23    3  1 11  4 11  7 11

0 9 12 15 21 16 25 20 7 25 25 7 7 22 13 22 24 14 16 9
9 0 20 6 18 3 7 4 7 7 17 17 10 16 7 7 15 10 17 24
9 1 0 12 7 21 7 25 3 13 6 3 10 20 4 18 15 21 7 7
5 25 19 0 19 17 16 24 1 8 1 3 25 4 18 20 2 6 6 22
23 5 8 6 0 18 12 23 20 12 8 12 9 23 1 4 17 3 16 25
10 4 11 5 17 0 6 21 16 19 18 20 23 2 8 25 3 12 1 15
8 20 24 8 21 11 0 19 24 24 17 5 7 1 10 9 7 21 9 15
8 25 16 15 1 3 16 0 15 12 12 14 13 22 22 5 7 17 9 16
22 23 15 6 18 15 3 6 0 21 18 25 8 20 23 3 25 12 22 23
19 23 21 23 12 19 19 18 17 0 22 19 15 10 17 20 24 3 8 9
21 19 4 9 25 14 5 14 11 24 0 10 4 14 7 1 13 2 14 15
15 6 9 10 18 15 4 22 9 2 18 0 17 19 19 5 4 12 6 14
4 18 21 5 14 3 23 13 9 23 17 17 0 12 4 1 8 8 23 8
12 8 25 6 21 19 19 15 21 4 20 23 5 0 18 14 12 1 8 6
10 19 17 13 23 19 20 16 11 11 23 8 3 18 0 25 10 10 18 25
19 17 1 6 23 25 3 19 9 2 5 12 15 13 17 0 19 11 21 5
25 24 13 19 21 4 3 23 13 24 23 20 7 19 6 25 0 11 18 21
16 2 1 13 10 18 6 7 10 12 6 24 24 9 22 7 15 0 4 21
19 21 13 22 15 22 19 5 14 18 3 1 20 3 14 9 8 11 0 22
2 1 18 12 5 4 14 21 13 16 24 7 7 18 11 18 13 11 9 0

0 8 18 25 18 13 4 23 24 14 24 22 25 11 9 24 10 12 18 25
12 0 6 18 1 15 19 19 24 20 9 4 14 7 3 1 3 17 8 3
10 2 0 18 9 2 5 22 22 6 20 14 8 16 17 10 5 21 16 8
16 4 8 0 16 22 5 21 11 13 8 23 16 13 13 5 14 16 18 25
25 19 24 22 0 9 16 24 20 5 19 16 17 14 5 22 20 11 15 25
6 7 24 12 12 0 17 12 21 1 4 14 10 18 5 23 7 12 4 8
11 1 11 11 18 13 0 17 6 11 21 22 20 4 25 5 24 1 7 14
2 19 24 12 19 10 21 0 7 25 8 13 24 17 9 17 10 13 22 4
3 17 19 18 20 5 6 24 0 19 8 6 23 6 6 19 15 6 15 15
22 24 2 11 18 5 8 8 8 0 20 25 8 10 18 14 9 25 24 11
21 7 22 21 15 12 9 19 21 4 0 2 8 14 8 11 14 6 8 1
6 10 4 20 20 3 5 1 3 12 18 0 1 14 13 21 25 8 11 25
24 10 7 23 4 19 24 23 24 20 14 5 0 24 2 12 4 17 3 10
18 10 6 14 24 17 18 13 6 10 9 9 16 0 3 13 1 5 17 2
16 14 13 22 12 13 8 18 25 2 3 12 9 13 0 25 17 9 17 16
21 2 13 17 20 4 24 18 13 7 25 10 23 1 15 0 2 6 20 17
25 12 2 1 5 14 5 9 22 6 8 17 13 14 3 6 0 9 21 17
24 9 14 16 1 15 11 2 24 7 8 13 6 10 8 15 16 0 3 22
5 25 4 22 23 4 10 4 2 17 8 6 16 8 13 19 16 18 0 12
5 8 11 18 22 9 12 25 23 22 3 16 4 19 15 11 17 8 10 0

0 8 21 1 24 24 7 1 7 5 14 22 16 21 23 12 21 20 13 25
11 0 16 6 22 20 12 7 7 12 1 15 3 19 2 3 1 25 2 12
5 10 0 15 15 10 9 8 8 18 19 7 20 23 2 15 15 7 23 8
3 11 22 0 22 20 19 7 13 17 3 20 10 24 24 18 2 6 4 10
22 1 22 16 0 20 9 21 25 2 12 19 17 13 25 19 1 22 9 18
18 17 5 20 19 0 8 5 19 17 3 21 23 15 4 21 17 16 16 7
22 19 18 13 9 24 0 2 6 3 6 4 12 6 20 3 22 18 22 15
14 7 13 6 14 8 17 0 12 9 14 6 3 14 22 8 12 23 15 22
18 1 17 24 7 13 17 16 0 22 15 8 23 19 6 1 23 5 9 22
13 3 23 12 3 24 2 6 7 0 21 17 17 23 12 10 22 6 22 13
7 14 2 14 19 13 16 3 14 1 0 20 7 5 24 12 3 9 2 6
21 12 10 3 20 14 24 14 16 18 20 0 24 18 25 18 23 15 18 13
6 4 16 5 10 23 2 4 19 13 25 18 0 18 11 16 4 3 24 5
2 23 24 11 6 4 25 5 15 25 19 11 24 0 5 2 2 3 6 7
1 16 15 23 15 15 7 19 7 13 3 25 21 21 0 13 5 20 4 25
19 25 24 16 21 21 3 13 19 22 4 23 20 10 4 0 15 23 11 24
1 7 21 11 21 5 5 25 19 19 8 6 8 25 6 8 0 12 18 21
16 24 3 6 15 3 22 16 5 21 25 12 4 11 2 16 5 0 25 21
18 21 7 2 14 13 11 5 13 23 16 24 23 24 21 6 14 1 0 12
11 23 13 21 1 17 12 22 7 18 16 7 4 5 15 18 13 4 8 0

0 1 10 2 14 10 7 16 24 9 19 17 8 22 5 14 24 4 18 2
4 0 12 23 24 6 23 5 8 6 17 1 19 3 12 7 17 10 17 3
4 17 0 16 20 23 25 11 1 7 17 12 5 3 9 2 14 15 5 25
19 14 20 0 20 19 14 6 8 7 4 2 2 18 9 1 14 18 13 3
14 18 5 4 0 25 7 2 12 12 2 21 20 3 19 11 5 5 6 15
12 25 21 12 9 0 24 4 13 18 25 17 1 4 2 2 1 21 11 8
10 13 2 8 25 1 0 25 21 9 17 25 18 19 7 9 1 22 2 6
10 14 19 22 6 17 3 0 1 8 6 10 17 14 22 20 2 1 24 22
21 11 1 11 23 16 19 14 0 24 23 13 12 20 4 16 25 17 10 25
18 22 25 13 21 3 12 2 11 0 8 6 10 10 5 5 11 21 11 25
1 17 20 25 18 11 23 17 20 1 0 2 17 8 10 6 20 13 9 12
3 18 24 7 7 7 21 6 7 11 22 0 19 22 21 9 23 14 1 23
13 13 20 15 19 5 4 23 19 6 14 10 0 6 2 7 19 3 20 22
22 12 4 1 16 24 11 8 20 3 18 23 17 0 5 12 1 11 9 24
18 24 1 11 22 3 9 7 16 15 16 11 1 19 0 17 3 20 1 24
14 11 16 12 8 19 21 22 13 10 3 21 12 9 21 0 20 15 11 18
17 12 13 10 20 25 20 23 16 12 18 7 9 5 2 13 0 9 10 25
13 22 2 21 20 2 22 5 10 5 2 8 8 15 13 25 13 0 7 18
8 13 24 3 2 17 24 6 25 20 12 3 19 15 13 6 7 16 0 13
13 6 14 25 20 15 19 22 7 13 11 10 15 22 7 22 14 10 25 0

0 8 4 23 1 17 2 23 10 3 24 5 16 6 12 17 11 3 20 20
6 0 23 22 6 11 2 4 18 2 8 11 22 13 17 20 2 6 20 12
21 13 0 15 21 21 8 25 7 6 21 4 19 9 15 12 1 1 1 12
17 14 6 0 8 8 16 4 11 2 20 16 10 9 21 25 2 1 24 16
4 14 4 14 0 22 20 18 18 17 5 13 5 7 13 9 1 18 5 24
14 23 5 19 2 0 5 20 19 15 20 18 22 12 20 9 11 8 17 5
1 16 21 1 11 3 0 18 17 21 11 15 23 15 15 11 21 23 24 1
3 18 5 1 7 3 17 0 18 6 1 20 24 18 4 11 1 23 8 9
8 23 3 2 17 13 15 24 0 17 19 11 18 3 23 11 19 13 9 22
4 7 13 2 11 5 9 14 9 0 25 24 23 24 16 7 8 8 8 10
24 15 13 4 25 7 8 22 22 24 0 13 23 12 9 22 17 2 25 7
21 25 8 15 25 13 13 8 24 17 11 0 9 9 23 12 11 1 3 3
9 22 14 6 9 10 21 13 6 8 23 14 0 14 13 19 1 6 1 15
24 3 14 18 10 17 5 15 24 17 4 1 11 0 12 5 7 3 7 7
14 20 11 7 3 13 23 14 24 13 17 24 12 2 0 17 3 10 12 18
15 15 22 23 24 5 18 21 14 25 7 23 3 25 7 0 20 19 4 5
15 12 6 16 12 5 21 25 6 10 23 11 16 14 19 5 0 10 19 12
23 16 11 12 6 22 5 2 15 8 3 20 21 14 21 12 23 0 6 17
25 8 6 5 13 6 8 12 22 17 6 2 25 15 8 15 23 4 0 24
10 11 24 1 2 5 1 20 21 13 21 14 18 14 16 2 20 24 10 0

0 19 15 13 25 5 12 11 6 10 13 18 22 3 2 8 4 5 18 24
16 0 18 19 23 22 1 15 16 3 4 1 23 5 22 9 23 13 21 16
20 17 0 3 19 10 11 4 16 2 20 12 7 23 13 8 6 18 12 11
12 14 19 0 16 5 17 19 8 11 14 24 18 6 15 16 12 17 19 25
5 5 15 9 0 15 10 13 3 25 7 13 13 20 8 3 10 11 10 17
20 9 15 21 23 0 14 23 7 5 21 12 11 2 8 13 17 1 20 18
6 18 18 2 12 8 0 4 18 7 18 24 6 6 17 17 23 12 20 24
24 3 16 7 1 5 2 0 5 16 20 9 19 1 16 2 5 16 1 2
17 1 24 22 24 10 16 7 0 25 18 24 20 23 5 4 19 5 10 8
3 14 11 25 24 3 23 11 14 0 23 24 19 16 25 18 9 16 19 4
16 16 10 14 24 10 24 12 8 5 0 19 25 3 14 17 13 6 24 15
14 8 24 4 2 17 21 20 10 3 18 0 19 19 5 13 24 1 4 9
4 22 13 16 14 5 8 15 25 11 22 21 0 14 4 16 2 5 13 6
21 17 11 6 4 20 15 15 15 21 6 24 10 0 3 12 7 9 22 10
23 13 11 9 19 5 7 21 20 21 4 7 4 22 0 4 5 21 12 5
14 6 22 20 4 22 6 19 1 9 10 18 12 10 15 0 4 23 6 23
20 12 18 24 18 4 13 3 14 20 23 8 17 1 2 10 0 6 9 25
18 15 16 4 19 21 11 16 12 16 4 18 21 19 18 11 8 0 23 6
4 23 18 15 4 13 8 2 12 12 12 22 23 12 21 1 6 25 0 14
1 19 17 22 25 10 6 11 20 21 18 22 5 15 12 14 23 6 8 0

0 12 18 13 17 14 4 6 11 3 2 11 14 21 11 14 6 18 22 10
9 0 6 23 1 11 8 19 23 24 18 2 7 7 8 10 21 7 14 25
6 17 0 14 12 18 17 11 23 7 10 2 23 20 7 25 5 16 5 17
22 1 17 0 24 9 9 15 11 19 25 23 8 11 24 24 11 7 16 24
18 5 7 4 0 9 23 9 10 4 20 21 5 16 21 17 18 11 24 24
14 15 13 17 10 0 17 13 2 3 4 1 8 2 21 23 14 22 4 13
20 15 8 5 22 25 0 2 16 14 1 15 25 15 23 21 5 22 1 22
20 24 25 25 17 15 11 0 21 8 17 17 19 21 11 20 16 23 1 23
1 13 20 7 10 16 21 23 0 25 24 20 19 4 19 3 3 22 10 22
23 19 6 8 15 22 12 14 15 0 7 9 2 19 12 15 18 17 2 12
5 25 12 1 15 7 3 23 12 16 0 10 1 1 22 20 1 11 17 18
4 22 19 10 16 8 7 22 25 2 19 0 16 11 11 3 16 13 24 13
5 17 8 3 13 15 17 17 6 12 8 17 0 18 18 6 7 10 20 17
17 21 3 4 4 12 10 8 16 11 25 11 20 0 4 23 21 16 13 3
25 25 4 22 24 20 8 16 13 6 21 21 17 9 0 6 25 19 9 8
25 20 18 12 7 5 10 2 20 12 5 9 6 2 10 0 20 23 23 12
24 14 19 23 16 16 14 24 8 18 22 21 23 24 4 13 0 7 17 22
1 12 4 7 7 4 2 21 12 14 4 4 22 10 9 22 13 0 14 20
1 3 3 17 25 22 16 3 23 4 7 17 22 3 11 16 9 8 0 12
8 16 14 20 6 16 15 7 25 2 4 20 20 8 15 13 7 6 9 0

0 23 5 8 9 20 24 12 18 13 25 11 24 1 3 22 24 21 24 8
10 0 11 12 20 2 13 12 22 19 4 12 15 11 24 10 4 11 12 16
2 23 0 3 11 2 25 6 1 24 21 7 16 5 24 18 12 17 1 12
24 11 18 0 2 3 25 9 24 21 16 16 5 17 6 3 17 1 14 6
1 12 11 15 0 10 22 8 12 16 6 17 20 1 24 3 7 10 10 19
2 10 16 25 9 0 11 11 12 3 10 15 23 23 11 11 11 12 22 16
5 23 15 10 15 16 0 12 6 14 20 12 20 9 2 2 9 4 18 25
6 10 6 7 9 19 8 0 22 10 15 16 6 20 17 10 8 3 15 10
17 18 8 25 10 18 20 14 0 1 10 24 5 7 4 10 15 15 18 22
6 9 21 10 19 21 24 24 8 0 13 21 21 9 4 25 20 18 15 11
9 19 24 10 7 16 9 22 7 14 0 16 25 5 22 16 16 12 17 3
14 1 22 15 17 24 16 14 12 13 20 0 6 10 3 3 20 11 7 19
9 22 8 17 22 10 10 14 7 24 24 18 0 3 11 21 24 6 9 9
22 15 24 14 19 25 16 4 16 15 9 6 6 0 17 1 15 25 24 6
4 16 8 23 7 19 22 24 19 10 10 11 3 20 0 24 3 19 12 15
13 19 15 1 2 4 9 19 16 11 14 19 17 9 23 0 2 16 24 12
6 5 6 12 9 10 14 16 10 4 6 21 22 14 7 7 0 2 9 21
21 18 5 21 24 1 10 16 17 24 21 24 21 14 19 3 22 0 13 6
15 19 2 12 4 2 19 14 25 3 2 18 23 5 18 16 9 10 0 9
22 16 16 23 14 15 7 21 14 9 11 1 23 9 14 5 9 17 11 0

0 1 25 3 21 16 6 21 22 15 18 8 20 3 3 1 4 14 10 21
9 0 1 17 13 18 10 2 15 11 23 7 9 15 3 25 21 25 15 19
25 12 0 21 16 5 5 9 5 17 21 4 12 11 12 6 13 2 20 5
14 14 20 0 11 23 12 6 21 12 21 5 5 18 9 2 7 15 11 9
9 11 2 8 0 20 16 15 16 12 20 20 6 22 22 8 15 17 10 11
20 16 20 14 14 0 16 14 4 13 16 12 7 21 3 18 22 12 19 18
24 24 1 4 21 5 0 20 24 20 21 19 12 19 19 4 13 24 13 1
2 14 7 1 16 10 5 0 16 11 16 23 17 1 20 8 11 18 11 6
15 2 9 1 22 13 8 18 0 10 4 18 7 17 17 6 17 16 15 1
2 5 14 21 13 7 11 11 13 0 15 21 8 21 16 25 13 22 20 1
20 8 21 17 1 5 11 7 8 15 0 19 16 14 9 2 9 4 23 12
3 9 5 9 24 16 4 2 12 14 8 0 18 17 22 3 11 23 6 17
25 5 4 14 1 17 16 6 7 14 9 17 0 5 20 23 22 4 15 3
5 9 22 5 3 15 1 3 17 2 13 18 2 0 18 15 21 12 7 1
5 24 1 16 22 18 7 8 16 10 22 8 9 23 0 14 8 6 8 13
17 16 17 18 3 4 2 22 5 18 2 18 14 6 23 0 1 13 7 7
6 6 1 11 23 19 1 6 12 12 25 7 17 24 15 9 0 22 22 12
16 14 11 25 24 25 16 12 24 12 7 13 25 4 21 4 15 0 10 20
24 16 20 25 18 7 5 7 24 18 19 10 1 2 19 7 11 22 0 23
15 20 5 20 21 22 3 12 20 16 1 8 23 3 16 15 7 12 4 0

0 16 17 2 11 25 10 6 14 19 5 7 14 2 6 19 22 1 25 7
4 0 9 5 11 7 23 17 6 20 24 20 21 19 17 14 17 7 10 20
17 19 0 17 6 14 12 15 9 6 14 1 2 22 11 12 20 12 7 23
24 15 10 0 23 8 20 15 16 9 21 22 11 10 4 24 21 19 22 10
20 23 24 7 0 4 6 5 2 14 16 8 3 1 11 19 25 10 1 9
12 2 12 24 14 0 11 16 2 20 21 20 18 3 14 20 10 11 19 19
19 4 22 19 19 12 0 23 10 11 7 8 25 22 20 8 5 4 19 6
20 15 16 14 23 23 3 0 3 5 19 7 15 22 25 21 9 10 11 9
21 1 18 17 19 12 16 5 0 3 7 22 7 21 8 23 16 7 19 17
13 25 19 16 22 25 6 9 1 0 2 22 1 1 2 23 18 5 19 25
18 15 1 7 19 10 23 16 19 4 0 3 19 14 6 19 1 7 22 15
12 24 18 7 20 23 16 5 21 4 8 0 19 3 5 4 16 4 17 16
10 10 21 12 8 22 11 19 5 17 5 8 0 2 25 1 23 4 8 13
23 5 12 16 19 22 2 19 1 7 14 3 18 0 1 3 18 23 5 17
23 2 15 7 19 24 14 20 21 4 10 11 17 15 0 19 24 23 19 11
17 24 4 9 13 14 2 18 4 17 16 22 19 8 3 0 19 15 13 25
2 10 8 24 12 7 23 25 11 19 2 5 22 5 15 5 0 13 24 25
24 23 17 25 8 9 6 23 4 17 20 23 14 1 13 17 11 0 4 10
24 8 18 7 4 6 2 7 22 13 20 19 18 19 18 8 14 22 0 6
11 8 6 12 20 11 17 17 22 17 23 2 17 7 8 10 10 4 19 0
