15 10 3
10    1  7 8    1  9 75    1  0 72    1  6 74    2  4 30  7 30    1  8 43    1  2 38    1  5 98    1  1 26    1  3 19
10    1  6 19    1  8 73    2  3 43  5 43    1  0 23    1  1 85    1  4 39    2  5 13  8 13    1  9 26    1  2 67    1  7 9
10    1  1 50    2  3 93  2 93    1  5 80    1  4 7    1  0 55    1  2 61    1  6 57    2  8 72  9 72    1  9 42    1  7 46
10    2  1 68  2 68    1  7 43    1  4 99    1  6 60    1  5 68    1  0 91    1  8 11    1  3 96    1  9 11    1  2 72
10    1  7 84    2  2 34  0 34    1  8 40    1  5 7    2  1 70  2 70    1  6 74    1  3 12    2  0 43  5 43    2  9 69  7 69    2  4 30  7 30
10    1  8 60    1  0 49    1  4 59    1  5 72    1  9 63    1  1 69    1  7 99    1  6 45    1  3 27    1  2 9
10    1  6 71    1  2 91    1  8 65    1  1 90    1  9 98    1  4 8    1  7 50    1  0 75    1  5 37    1  3 17
10    2  8 62  2 62    1  7 90    1  5 98    1  3 31    1  2 91    1  4 38    1  9 72    1  1 9    1  0 72    1  6 49
10    2  4 35  7 35    1  0 39    1  9 74    1  5 25    1  7 47    1  3 52    1  2 63    1  8 21    1  6 35    1  1 80
10    2  9 58  4 58    1  0 5    1  3 50    1  8 52    1  1 88    1  6 20    1  2 68    1  5 24    1  4 53    1  7 57
10    1  7 99    1  3 91    2  4 33  7 33    1  5 19    1  2 18    1  6 38    1  0 24    1  9 35    2  1 49  8 49    1  8 9
10    1  0 68    1  3 60    1  2 77    1  7 10    1  8 60    1  5 15    1  9 72    1  1 18    1  6 90    1  4 18
10    3  9 79  3 79  8 79    2  1 60  6 60    1  3 56    1  6 91    2  2 40  0 40    1  8 86    1  7 72    1  0 80    2  5 89  7 89    1  4 51
10    1  4 10    1  2 92    1  5 23    1  6 46    2  8 40  9 40    1  7 72    1  3 6    1  1 23    1  0 95    2  9 34  2 34
10    1  2 24    1  5 29    1  9 49    1  8 55    1  0 47    1  6 77    1  3 77    2  7 8  8 8    1  1 28    1  4 48

0 7 3 5 14 20 7 24 4 13 25 20 13 13 17
13 0 17 2 14 22 10 24 9 15 15 14 14 8 20
24 4 0 11 25 5 15 7 16 4 18 16 20 9 11
8 2 21 0 19 6 22 23 11 1 3 12 24 21 2
25 11 9 6 0 8 22 16 26 7 22 20 19 5 5
9 8 8 12 16 0 19 5 1 11 21 21 1 8 11
11 14 1 9 16 1 0 26 26 19 18 2 2 20 15
2 21 7 11 21 25 23 0 14 11 4 13 25 3 12
14 24 1 12 26 20 10 19 0 18 16 14 22 18 3
4 3 19 1 24 17 23 4 11 0 7 9 12 16 24
23 11 25 1 4 13 17 24 19 26 0 1 13 23 5
26 12 22 12 2 1 15 2 9 5 2 0 14 25 1
20 24 26 19 18 2 2 26 9 1 17 23 0 10 16
21 12 24 2 19 3 10 16 17 8 20 3 21 0 19
24 19 21 7 7 13 5 21 26 19 16 26 6 18 0

0 4 16 14 18 11 10 24 18 6 2 10 6 16 1
23 0 11 22 4 16 5 25 14 20 6 11 22 2 16
16 19 0 2 4 14 20 26 10 19 10 17 25 11 2
25 9 25 0 21 15 21 11 7 15 11 26 18 23 10
22 18 20 16 0 13 1 20 20 10 1 13 13 16 26
25 3 7 5 12 0 23 6 8 25 15 1 21 14 2
11 17 11 13 8 21 0 13 21 9 22 16 14 7 16
24 23 18 9 3 18 22 0 19 7 11 15 22 18 2
9 25 14 5 8 11 22 2 0 10 19 10 2 4 3
21 19 18 5 10 21 7 21 4 0 23 16 6 14 12
26 16 13 7 25 2 4 15 24 26 0 5 6 4 5
15 24 13 14 19 26 2 25 7 18 17 0 8 18 23
18 9 3 11 15 19 12 20 12 26 8 6 0 17 24
20 17 5 12 25 13 21 1 1 13 19 2 24 0 23
16 10 20 10 24 3 2 26 24 16 16 23 18 23 0

0 15 2 18 4 15 6 10 18 19 10 3 7 1 21
16 0 24 16 6 5 21 3 10 19 11 22 25 20 19
7 19 0 12 21 5 2 5 4 17 19 15 26 3 13
26 15 14 0 3 25 19 15 14 21 1 19 8 15 21
4 21 3 11 0 24 26 11 17 20 9 6 20 21 1
2 5 21 26 24 0 2 17 19 2 21 10 13 21 18
10 8 22 5 25 21 0 24 24 26 26 26 8 11 3
14 20 22 7 13 19 20 0 2 10 10 7 6 22 6
5 19 21 7 5 15 7 1 0 16 2 17 21 25 25
26 12 2 1 24 7 4 14 24 0 6 19 23 23 23
16 17 7 1 20 6 23 15 16 24 0 10 24 23 3
24 15 9 17 6 26 4 4 22 5 1 0 22 8 23
17 2 3 9 8 8 7 15 21 10 21 4 0 16 20
5 11 2 5 15 3 15 21 7 10 20 10 7 0 11
23 16 24 15 23 4 7 1 10 26 21 16 15 12 0

0 6 3 22 12 8 10 15 26 24 10 15 8 4 13
12 0 17 9 10 19 25 6 18 20 24 20 17 4 24
6 10 0 7 25 3 6 5 21 25 4 20 25 12 26
26 15 17 0 10 16 5 24 24 23 4 23 2 21 10
22 9 24 8 0 9 10 19 4 7 8 4 17 21 22
8 24 17 18 6 0 7 25 8 15 24 14 18 22 4
25 13 6 6 22 7 0 26 17 22 19 5 19 17 6
22 17 12 26 23 2 16 0 15 4 10 14 17 7 11
26 2 18 15 18 12 7 5 0 11 10 7 9 20 9
3 15 26 8 19 5 24 18 15 0 2 16 26 3 16
3 24 11 14 11 14 19 25 24 12 0 24 8 11 26
12 19 7 11 9 6 16 4 15 14 9 0 19 5 15
19 7 1 17 13 4 6 10 18 6 6 13 0 10 24
14 3 1 12 12 26 14 3 16 21 17 25 12 0 9
9 15 8 8 24 14 8 25 19 10 26 21 15 6 0

0 16 16 17 9 18 21 16 14 24 5 7 23 18 7
11 0 7 16 6 17 25 17 24 14 11 25 1 9 11
26 12 0 13 23 24 10 17 11 17 6 2 13 9 16
11 8 11 0 8 26 8 2 21 24 14 19 3 25 20
4 25 8 15 0 5 3 24 20 26 25 16 24 20 7
2 23 21 18 24 0 14 21 17 7 17 13 24 21 8
8 25 22 6 7 11 0 13 4 18 20 15 23 24 12
8 8 13 23 11 4 7 0 1 10 16 6 1 5 15
26 21 15 12 13 12 4 12 0 17 25 1 9 3 10
16 1 26 10 1 26 5 5 10 0 20 3 9 17 18
10 9 23 24 6 9 1 12 1 13 0 15 10 18 21
16 9 19 24 11 14 19 19 21 2 7 0 19 21 10
16 25 2 4 13 10 18 3 4 13 12 26 0 17 7
10 13 3 11 13 21 26 2 4 21 3 11 26 0 17
2 26 3 10 4 23 9 16 19 26 23 12 13 13 0

0 12 4 16 19 11 11 22 24 9 8 15 18 24 4
17 0 21 13 6 15 16 11 26 18 6 21 10 25 10
18 3 0 8 19 1 12 19 14 23 25 25 12 16 15
18 9 17 0 24 12 13 1 16 7 22 25 16 16 18
16 9 24 12 0 5 7 1 14 20 16 5 14 9 23
20 7 11 21 13 0 15 6 3 8 8 20 4 21 26
15 23 25 4 4 14 0 15 1 11 10 2 25 12 14
23 1 12 19 21 15 9 0 26 19 1 15 25 11 13
11 15 1 1 20 7 5 9 0 9 21 6 10 26 17
20 12 21 7 10 17 5 12 5 0 12 5 10 22 18
26 16 3 22 23 12 17 15 1 2 0 15 14 26 14
5 23 14 15 18 10 11 17 24 8 13 0 10 13 15
12 12 8 13 10 24 23 12 17 17 26 16 0 10 25
26 21 19 11 13 1 17 11 11 8 11 18 15 0 4
19 17 17 20 25 6 17 8 7 19 1 12 4 15 0

0 13 7 4 3 5 13 24 13 2 13 6 6 17 6
6 0 19 26 5 9 16 4 5 11 22 7 7 23 9
16 5 0 10 18 18 1 7 3 1 16 8 2 16 6
24 5 1 0 18 2 3 23 8 24 16 26 8 23 16
20 25 20 25 0 14 14 4 15 10 20 2 4 11 5
10 13 1 4 8 0 10 3 10 18 6 7 3 22 5
17 21 6 23 25 15 0 25 6 22 18 7 21 11 2
4 18 9 12 25 12 20 0 5 25 20 25 7 20 3
15 11 4 19 3 9 5 19 0 5 6 2 22 16 5
25 6 21 21 8 17 19 20 1 0 21 19 11 12 1
20 6 13 20 8 8 25 22 12 9 0 13 4 17 23
1 24 20 25 4 13 25 19 5 26 5 0 22 10 17
10 6 25 8 25 7 11 5 25 12 22 26 0 8 1
14 19 4 15 10 2 9 9 7 17 2 23 18 0 11
22 4 13 21 26 22 6 5 5 7 2 12 19 5 0

0 2 15 20 10 6 18 6 3 23 25 7 13 7 11
12 0 18 2 7 1 15 5 10 7 15 21 15 10 1
2 7 0 22 26 4 18 24 13 9 25 24 4 23 13
14 23 25 0 23 26 21 2 4 7 13 24 20 18 13
4 12 2 18 0 9 20 23 2 11 3 18 18 19 25
17 3 5 23 19 0 21 2 14 12 4 22 14 6 2
24 14 5 14 18 10 0 1 14 26 18 18 15 4 18
5 3 9 7 10 2 6 0 10 20 8 25 9 5 25
2 5 1 20 4 18 16 12 0 11 14 7 14 21 12
25 20 7 19 14 26 16 13 16 0 2 8 23 16 24
19 21 26 16 16 11 9 18 23 14 0 22 1 18 22
20 3 18 26 8 8 21 14 19 15 11 0 11 17 5
1 19 16 6 13 4 2 25 1 15 2 25 0 6 25
14 10 18 12 26 16 17 14 20 22 9 21 24 0 4
20 5 12 10 18 9 16 2 13 16 3 20 22 13 0

0 12 15 22 24 19 4 11 22 25 21 24 17 14 24
26 0 20 7 22 19 5 26 16 21 26 17 16 5 3
12 3 0 17 3 12 10 15 10 20 26 14 4 4 26
24 26 18 0 15 10 23 10 1 19 13 8 18 18 26
1 24 14 9 0 14 9 11 11 24 26 19 23 25 5
16 20 9 8 6 0 13 21 22 4 15 8 16 1 23
11 26 11 18 12 20 0 10 9 16 11 5 6 26 8
1 7 14 25 24 18 25 0 5 24 7 9 6 2 2
22 6 25 8 15 25 25 24 0 20 1 7 19 2 17
7 26 8 8 4 4 14 6 15 0 21 3 19 10 8
12 14 8 14 18 15 9 12 4 13 0 4 14 2 21
6 16 5 20 15 18 19 10 25 25 10 0 5 16 18
13 25 2 22 5 13 7 8 26 14 8 8 0 9 20
25 12 15 6 16 22 2 8 19 9 10 16 16 0 25
14 13 14 9 3 15 24 4 6 5 5 1 8 3 0

0 24 16 15 23 24 26 16 13 1 23 22 4 7 21
16 0 17 16 3 15 24 25 24 24 3 5 7 13 24
14 1 0 3 16 11 3 2 1 17 25 16 17 14 6
11 9 11 0 16 25 22 8 13 24 10 4 11 1 3
18 26 19 5 0 25 25 10 26 16 10 8 12 16 16
16 2 5 23 19 0 6 3 22 1 25 1 24 12 18
4 15 19 10 10 1 0 3 8 10 9 12 9 14 6
17 4 4 3 18 15 12 0 15 16 16 7 18 5 17
21 5 2 17 25 13 16 21 0 25 2 13 14 24 17
26 2 22 19 23 8 4 19 7 0 18 21 25 16 19
2 18 4 22 18 26 14 14 23 24 0 26 4 2 14
22 18 4 15 3 12 6 11 21 26 6 0 11 13 9
3 4 3 11 8 6 23 15 26 11 18 2 0 22 4
20 22 21 20 1 12 12 2 10 3 13 18 13 0 10
15 18 15 16 10 1 19 24 18 12 9 15 14 7 0
