20 5 2
5    1  0 6    1  2 40    1  1 81    1  3 37    2  4 19  2 19
5    1  2 40    1  3 32    1  0 55    1  4 81    1  1 9
5    1  1 46    1  4 65    2  2 70  0 70    1  3 55    1  0 77
5    1  2 21    2  4 65  0 65    1  0 64    1  3 25    1  1 15
5    1  2 85    2  0 40  4 40    1  1 44    1  3 24    1  4 37
5    1  0 89    1  4 29    1  1 83    2  3 31  4 31    1  2 84
5    2  4 59  1 59    1  3 38    1  1 80    1  2 30    1  0 8
5    1  0 80    1  2 56    1  1 77    1  4 41    1  3 97
5    1  4 56    2  0 91  2 91    1  3 50    1  2 71    2  1 17  4 17
5    1  1 40    1  0 88    1  4 59    2  2 7  3 7    1  3 80
5    2  0 45  2 45    1  1 29    1  2 8    1  4 77    1  3 58
5    1  2 36    1  0 54    1  3 96    1  1 9    1  4 10
5    1  0 28    1  2 73    1  1 98    1  3 92    1  4 87
5    1  0 70    1  3 86    1  2 27    1  1 99    1  4 96
5    1  1 95    2  0 59  2 59    1  4 56    1  3 85    1  2 41
5    1  1 81    1  2 92    1  4 32    1  0 52    1  3 39
5    1  1 7    2  4 22  2 22    1  2 12    1  0 88    1  3 60
5    1  3 45    1  0 93    1  2 69    1  4 49    1  1 27
5    1  0 21    2  1 84  4 84    1  2 61    1  3 68    1  4 26
5    1  1 82    1  2 33    1  4 71    1  0 99    1  3 44

0 20 12 9 26 5 13 6 13 26 16 13 12 20 23 4 2 26 19 7
24 0 1 6 9 10 14 25 12 23 11 3 24 9 3 7 10 27 6 2
26 27 0 13 17 22 10 16 18 7 24 24 18 8 22 12 7 23 7 21
3 24 20 0 15 26 23 1 24 5 15 22 1 16 27 23 13 2 7 1
18 22 13 1 0 22 18 7 2 20 13 9 24 15 3 22 18 23 23 16
16 12 27 26 12 0 22 1 14 16 11 1 9 9 19 21 17 7 26 4
8 12 20 3 22 26 0 10 18 1 27 24 1 13 19 22 1 2 7 1
8 5 23 1 23 20 22 0 9 14 7 24 3 11 3 1 2 27 5 7
1 9 16 20 18 7 3 25 0 16 10 12 22 9 16 22 2 22 24 18
23 4 21 20 2 7 11 18 24 0 17 25 14 5 9 24 20 20 25 19
11 20 18 23 14 9 3 19 7 25 0 19 20 6 11 21 13 9 7 5
21 22 5 6 17 5 9 12 15 18 10 0 7 15 2 13 8 16 12 4
4 20 10 19 27 20 3 24 22 14 8 23 0 2 15 19 3 4 16 10
14 24 6 15 5 4 16 27 10 25 1 18 12 0 9 3 2 2 20 16
14 11 15 1 12 10 5 4 13 1 16 4 7 6 0 1 18 23 14 5
12 9 15 1 6 10 10 23 1 16 20 2 27 25 7 0 18 7 26 2
14 15 6 7 14 22 26 25 21 24 11 3 26 24 3 21 0 2 18 24
21 12 8 19 18 5 13 2 17 16 11 24 26 21 3 11 16 0 10 10
8 18 8 24 22 17 14 19 3 9 8 19 22 10 18 27 7 23 0 14
16 6 8 19 1 23 27 15 25 24 22 3 16 9 14 8 16 18 24 0

0 1 5 27 12 8 7 25 10 5 14 27 11 10 23 12 12 12 2 1
8 0 10 24 14 17 25 26 16 21 21 25 15 16 25 19 21 1 23 2
21 24 0 19 1 25 15 13 5 7 27 11 13 26 6 6 18 18 9 25
7 24 22 0 15 23 26 8 3 16 25 18 10 9 26 26 14 7 21 19
27 17 22 24 0 21 15 9 14 6 5 8 21 12 9 1 5 3 8 6
12 17 8 19 25 0 13 4 4 7 7 19 4 6 15 17 7 18 4 8
4 15 14 9 17 13 0 21 13 18 4 27 15 3 5 27 25 15 4 8
22 23 13 1 10 16 25 0 12 12 18 23 4 10 2 3 26 8 21 14
6 26 12 14 17 8 26 18 0 15 4 1 5 19 8 15 4 12 5 11
23 12 22 25 26 18 21 1 11 0 19 26 6 16 2 25 12 10 3 10
10 27 6 17 18 4 10 11 27 19 0 3 9 16 21 19 7 20 25 1
24 22 7 27 3 4 24 15 1 20 2 0 14 2 26 9 11 24 21 4
11 15 7 25 22 8 16 3 16 24 26 12 0 2 8 8 4 19 20 16
22 11 15 16 21 15 15 8 9 26 12 24 17 0 16 1 10 17 10 23
21 10 24 27 4 26 20 6 2 4 13 7 9 4 0 16 15 2 25 2
4 20 13 21 19 18 25 27 4 2 27 24 24 25 3 0 27 3 23 19
11 9 14 19 8 9 11 16 21 14 11 14 27 17 17 22 0 16 23 13
13 27 23 10 19 24 27 9 4 23 25 9 17 13 27 26 20 0 19 10
23 3 21 8 15 19 19 21 13 22 8 16 2 12 8 4 22 23 0 8
6 1 14 20 19 25 26 15 16 11 11 10 21 9 19 17 20 20 27 0

0 24 8 10 4 2 25 22 23 20 13 20 5 13 3 6 11 7 2 4
4 0 20 13 7 22 24 16 17 27 25 13 3 25 23 11 14 13 4 4
21 6 0 16 12 17 1 3 16 9 24 12 11 12 1 21 24 22 17 8
18 17 11 0 1 25 6 5 18 12 10 14 20 20 4 7 21 12 26 11
26 2 14 2 0 22 22 17 15 3 23 11 22 6 9 25 19 7 10 5
12 4 24 2 3 0 13 24 3 2 8 12 3 19 15 6 2 13 5 17
6 8 22 9 19 10 0 26 6 13 23 19 9 18 14 15 10 1 14 12
16 6 21 23 5 20 21 0 18 18 14 15 17 16 25 4 12 24 2 18
17 2 3 19 16 24 16 15 0 10 17 6 17 17 8 22 27 19 16 14
22 7 24 6 11 17 6 12 17 0 24 25 25 13 11 21 8 2 4 13
21 24 9 6 9 2 21 8 12 15 0 24 4 21 27 26 18 3 25 20
1 25 18 13 4 24 14 24 15 1 5 0 20 2 21 8 13 20 3 18
6 27 4 4 3 2 23 4 10 6 16 11 0 2 19 12 12 23 2 6
12 15 27 15 9 8 15 2 2 22 26 18 23 0 8 14 13 27 26 13
4 11 23 23 1 25 24 1 26 9 7 10 21 21 0 2 22 21 24 22
6 23 16 20 16 25 24 26 21 17 15 13 14 18 15 0 10 24 11 22
2 8 12 16 13 23 14 21 23 1 3 22 9 2 13 17 0 27 12 7
8 8 3 3 27 13 20 11 8 25 3 12 16 3 22 25 7 0 9 15
16 27 17 15 21 9 10 13 1 17 4 4 7 23 22 5 11 4 0 24
3 4 5 25 4 25 5 1 10 10 8 5 25 14 6 7 19 22 5 0

0 24 16 21 6 7 11 22 9 3 27 8 26 5 10 10 13 16 25 22
18 0 8 17 21 2 14 1 5 12 19 11 17 3 26 23 15 11 8 15
7 11 0 8 17 25 23 7 16 2 6 24 25 24 27 17 20 15 19 21
21 16 17 0 24 16 24 22 4 6 23 14 16 2 1 6 13 8 3 18
12 1 7 2 0 24 6 2 1 8 12 11 19 4 16 11 22 14 1 11
18 11 15 10 26 0 3 11 1 23 4 20 19 17 25 4 23 17 14 19
24 11 18 5 20 8 0 1 16 6 2 7 26 17 21 5 11 24 14 14
4 4 9 16 3 11 4 0 6 7 23 8 27 8 10 19 8 18 14 25
5 1 23 17 12 25 22 21 0 3 15 7 24 13 5 23 19 18 7 15
21 7 9 19 15 18 15 4 13 0 10 2 27 12 3 3 27 27 22 16
5 19 21 18 21 17 16 21 8 16 0 13 22 20 2 6 15 20 20 20
8 25 5 14 26 9 24 17 22 8 25 0 9 15 22 8 14 14 4 20
7 11 25 16 10 7 17 10 24 9 21 27 0 25 27 15 3 7 12 26
11 25 19 17 6 8 26 14 22 6 14 6 24 0 18 8 20 12 20 3
9 3 15 7 27 17 22 11 17 2 2 1 25 11 0 1 9 27 15 26
21 20 24 20 22 16 25 18 10 1 5 23 19 23 26 0 8 21 20 4
4 19 19 2 18 18 18 19 9 13 12 22 8 16 10 5 0 15 26 10
25 11 10 8 14 15 26 11 17 13 19 1 20 9 11 2 3 0 9 8
22 3 18 18 23 12 7 10 8 19 7 19 26 13 4 15 12 10 0 4
8 26 26 24 10 3 8 27 7 16 21 23 15 12 23 23 27 21 21 0

0 2 11 27 21 12 18 2 10 12 15 25 16 15 3 10 17 19 15 24
9 0 22 16 4 10 7 10 22 5 11 27 6 21 11 3 6 23 23 19
20 3 0 8 1 12 18 20 16 27 3 2 12 17 11 11 27 18 18 11
3 6 10 0 19 1 5 20 12 17 3 2 5 5 2 20 16 24 13 23
14 9 3 27 0 21 26 25 23 2 14 11 19 12 6 3 27 9 25 27
2 6 3 16 9 0 10 5 5 13 14 14 4 17 3 7 16 17 1 27
7 14 14 20 7 2 0 27 19 7 3 16 27 9 21 11 24 22 25 7
7 15 22 7 17 26 1 0 23 19 14 23 17 5 17 6 7 13 18 4
9 2 19 24 26 7 19 15 0 8 1 7 17 18 3 13 18 7 10 16
8 5 10 11 17 18 6 9 18 0 26 1 8 25 27 17 2 19 23 18
13 9 26 15 2 21 9 8 15 24 0 21 3 21 12 12 13 24 26 17
21 16 26 18 5 14 9 11 21 15 10 0 19 5 15 17 8 17 16 3
8 13 22 24 9 5 14 13 15 17 26 17 0 13 3 5 20 5 5 2
23 2 8 23 15 20 1 1 12 13 18 19 22 0 13 20 6 20 3 23
25 6 12 15 5 21 17 20 20 8 16 25 18 10 0 13 16 25 3 1
26 19 10 7 14 7 16 19 12 18 1 3 7 2 20 0 23 16 21 20
12 8 8 26 26 9 6 13 27 6 4 24 17 12 14 14 0 4 27 8
2 2 14 2 19 13 26 27 12 6 22 18 6 25 4 19 3 0 19 18
18 25 18 25 4 26 3 6 18 26 8 12 20 19 25 18 18 20 0 21
11 20 10 21 10 16 15 20 3 24 18 26 15 20 27 21 4 20 10 0
