15 15 12
15    8  1 26  2 26  5 26  6 26  7 26  9 26  10 26  14 26    7  0 67  2 67  7 67  8 67  10 67  12 67  14 67    7  0 72  2 72  3 72  5 72  9 72  10 72  13 72    10  0 74  2 74  3 74  4 74  6 74  7 74  8 74  9 74  11 74  12 74    6  0 13  1 13  7 13  9 13  11 13  14 13    5  0 43  4 43  5 43  8 43  11 43    6  0 30  2 30  3 30  4 30  8 30  14 30    8  0 19  1 19  2 19  3 19  4 19  6 19  7 19  13 19    9  1 23  4 23  7 23  8 23  9 23  10 23  11 23  12 23  14 23    6  5 85  6 85  7 85  8 85  9 85  11 85    9  0 98  1 98  3 98  4 98  5 98  9 98  10 98  13 98  14 98    8  2 43  3 43  5 43  10 43  11 43  12 43  13 43  14 43    6  1 38  2 38  6 38  12 38  13 38  14 38    5  2 8  3 8  7 8  9 8  10 8    4  4 75  8 75  9 75  12 75
15    7  0 42  2 42  6 42  9 42  12 42  13 42  14 42    5  0 39  3 39  5 39  11 39  14 39    6  1 55  4 55  8 55  9 55  10 55  12 55    8  4 46  6 46  7 46  8 46  9 46  10 46  11 46  12 46    4  1 19  4 19  7 19  10 19    7  4 93  5 93  7 93  8 93  9 93  12 93  13 93    7  0 80  2 80  3 80  9 80  10 80  11 80  13 80    11  0 26  1 26  3 26  4 26  5 26  6 26  7 26  8 26  10 26  12 26  14 26    6  1 7  4 7  7 7  8 7  9 7  10 7    7  0 50  2 50  5 50  6 50  7 50  8 50  14 50    5  2 57  7 57  8 57  11 57  13 57    7  2 73  3 73  5 73  6 73  7 73  9 73  11 73    4  0 9  1 9  2 9  4 9    11  0 61  1 61  5 61  6 61  7 61  8 61  10 61  11 61  12 61  13 61  14 61    7  2 72  5 72  7 72  8 72  10 72  12 72  13 72
15    5  0 96  3 96  4 96  13 96  14 96    7  2 99  4 99  8 99  10 99  11 99  13 99  14 99    8  0 34  1 34  3 34  8 34  11 34  12 34  13 34  14 34    7  0 60  2 60  3 60  5 60  6 60  7 60  10 60    9  0 43  1 43  2 43  3 43  5 43  7 43  9 43  12 43  13 43    6  1 7  3 7  5 7  6 7  7 7  14 7    7  0 12  2 12  4 12  8 12  10 12  12 12  13 12    4  3 11  7 11  8 11  14 11    6  2 70  3 70  9 70  10 70  11 70  12 70    7  1 43  2 43  6 43  7 43  9 43  10 43  14 43    7  0 91  5 91  6 91  8 91  10 91  11 91  13 91    8  0 68  1 68  2 68  6 68  7 68  8 68  11 68  12 68    7  1 11  3 11  5 11  8 11  9 11  11 11  12 11    7  0 68  3 68  5 68  7 68  8 68  9 68  11 68    7  0 72  2 72  6 72  9 72  10 72  11 72  13 72
15    4  1 63  5 63  13 63  14 63    6  2 45  8 45  10 45  11 45  12 45  13 45    6  0 49  3 49  4 49  5 49  9 49  12 49    7  0 74  1 74  2 74  5 74  6 74  8 74  9 74    6  3 27  5 27  6 27  8 27  9 27  14 27    7  0 30  2 30  3 30  6 30  9 30  10 30  11 30    6  7 72  8 72  9 72  10 72  12 72  13 72    3  2 9  7 9  13 9    6  1 99  7 99  9 99  11 99  12 99  13 99    6  0 60  3 60  6 60  8 60  13 60  14 60    8  1 69  2 69  3 69  5 69  7 69  8 69  10 69  11 69    6  3 69  4 69  6 69  10 69  11 69  13 69    8  2 84  3 84  5 84  6 84  8 84  9 84  10 84  14 84    9  0 40  1 40  2 40  3 40  4 40  5 40  7 40  9 40  11 40    9  0 59  2 59  4 59  5 59  7 59  8 59  9 59  10 59  13 59
15    4  0 91  2 91  3 91  4 91    5  0 75  7 75  8 75  9 75  14 75    7  3 98  4 98  5 98  9 98  10 98  13 98  14 98    12  1 17  2 17  3 17  4 17  6 17  7 17  8 17  9 17  10 17  11 17  12 17  13 17    8  0 72  3 72  4 72  6 72  9 72  10 72  12 72  13 72    8  2 31  3 31  4 31  5 31  6 31  7 31  8 31  13 31    7  1 9  3 9  6 9  10 9  11 9  12 9  14 9    6  0 98  2 98  3 98  6 98  12 98  14 98    8  0 50  1 50  3 50  6 50  7 50  8 50  9 50  14 50    7  0 37  4 37  5 37  6 37  9 37  10 37  14 37    9  3 8  4 8  5 8  7 8  8 8  9 8  10 8  12 8  13 8    7  0 65  3 65  4 65  6 65  8 65  9 65  14 65    8  0 90  1 90  2 90  6 90  8 90  10 90  11 90  13 90    8  0 91  2 91  4 91  7 91  8 91  11 91  12 91  14 91    7  4 71  5 71  6 71  7 71  11 71  12 71  14 71
15    5  2 35  4 35  5 35  9 35  11 35    7  1 80  3 80  4 80  6 80  7 80  10 80  13 80    7  0 39  1 39  2 39  3 39  4 39  10 39  11 39    5  0 62  3 62  4 62  8 62  11 62    8  0 74  5 74  8 74  10 74  11 74  12 74  13 74  14 74    7  0 72  1 72  4 72  5 72  10 72  12 72  14 72    6  1 35  10 35  11 35  12 35  13 35  14 35    5  0 25  1 25  4 25  9 25  14 25    9  0 49  1 49  3 49  4 49  5 49  6 49  9 49  11 49  12 49    7  2 52  3 52  6 52  8 52  9 52  11 52  13 52    9  0 63  2 63  5 63  7 63  9 63  10 63  11 63  12 63  14 63    11  1 90  2 90  3 90  7 90  8 90  9 90  10 90  11 90  12 90  13 90  14 90    5  2 21  3 21  5 21  9 21  13 21    6  2 47  4 47  9 47  11 47  12 47  13 47    8  0 38  3 38  4 38  6 38  7 38  10 38  11 38  14 38
15    6  2 19  5 19  8 19  11 19  13 19  14 19    9  1 57  2 57  3 57  4 57  7 57  9 57  11 57  12 57  14 57    6  1 24  2 24  9 24  10 24  13 24  14 24    8  1 91  2 91  6 91  7 91  8 91  9 91  10 91  13 91    7  1 50  3 50  6 50  7 50  9 50  10 50  14 50    4  0 5  2 5  4 5  5 5    5  3 49  4 49  9 49  11 49  14 49    6  0 18  5 18  7 18  9 18  10 18  12 18    6  4 58  6 58  8 58  9 58  11 58  12 58    8  0 24  1 24  2 24  3 24  4 24  5 24  7 24  10 24    7  1 52  3 52  7 52  8 52  9 52  10 52  11 52    8  0 88  1 88  2 88  5 88  6 88  11 88  12 88  13 88    4  0 68  2 68  5 68  6 68    8  1 20  3 20  4 20  6 20  7 20  8 20  13 20  14 20    4  0 53  4 53  6 53  10 53
15    10  0 77  2 77  4 77  5 77  6 77  7 77  8 77  9 77  10 77  11 77    7  0 72  1 72  3 72  7 72  8 72  9 72  14 72    6  2 35  3 35  5 35  6 35  8 35  12 35    7  1 90  3 90  4 90  6 90  7 90  8 90  11 90    8  2 68  4 68  5 68  6 68  7 68  10 68  12 68  13 68    4  1 18  5 18  6 18  11 18    6  0 9  1 9  3 9  7 9  12 9  14 9    5  0 33  2 33  4 33  5 33  14 33    7  1 60  6 60  8 60  10 60  11 60  13 60  14 60    10  1 18  2 18  3 18  4 18  6 18  7 18  8 18  9 18  10 18  11 18    7  0 10  4 10  6 10  8 10  10 10  12 10  13 10    4  4 60  6 60  7 60  13 60    6  1 38  2 38  9 38  11 38  13 38  14 38    6  2 99  3 99  6 99  8 99  9 99  12 99    7  3 15  5 15  8 15  9 15  10 15  12 15  14 15
15    6  3 6  5 6  7 6  8 6  11 6  13 6    11  0 86  1 86  5 86  6 86  7 86  8 86  9 86  11 86  12 86  13 86  14 86    5  0 40  2 40  3 40  11 40  12 40    9  0 79  1 79  2 79  4 79  7 79  8 79  9 79  11 79  14 79    7  1 92  2 92  4 92  5 92  10 92  12 92  13 92    6  0 23  4 23  7 23  8 23  11 23  13 23    6  0 89  1 89  4 89  5 89  8 89  11 89    7  0 95  1 95  8 95  10 95  11 95  12 95  14 95    6  1 91  5 91  6 91  7 91  10 91  12 91    6  1 72  7 72  10 72  11 72  12 72  14 72    7  0 80  2 80  7 80  8 80  12 80  13 80  14 80    9  1 60  2 60  5 60  7 60  10 60  11 60  12 60  13 60  14 60    8  2 56  3 56  5 56  7 56  8 56  9 56  11 56  13 56    8  0 51  1 51  4 51  7 51  10 51  11 51  12 51  13 51    5  6 23  10 23  12 23  13 23  14 23
15    9  1 46  2 46  5 46  6 46  7 46  9 46  10 46  12 46  13 46    6  0 28  3 28  6 28  11 28  12 28  14 28    5  0 34  3 34  5 34  9 34  14 34    6  2 77  5 77  10 77  11 77  13 77  14 77    5  4 47  10 47  12 47  13 47  14 47    6  0 10  1 10  2 10  9 10  10 10  14 10    5  0 49  2 49  7 49  11 49  14 49    10  0 77  1 77  4 77  5 77  6 77  7 77  8 77  9 77  10 77  13 77    7  1 48  3 48  5 48  9 48  10 48  12 48  14 48    4  4 24  7 24  8 24  9 24    5  0 8  6 8  7 8  11 8  12 8    7  1 72  2 72  3 72  4 72  9 72  10 72  14 72    7  1 55  3 55  6 55  7 55  11 55  13 55  14 55    7  3 29  4 29  6 29  9 29  10 29  11 29  13 29    11  0 40  1 40  2 40  3 40  4 40  8 40  10 40  11 40  12 40  13 40  14 40
15    10  0 22  1 22  2 22  5 22  9 22  10 22  11 22  12 22  13 22  14 22    8  0 89  1 89  2 89  3 89  4 89  6 89  10 89  11 89    6  0 79  4 79  5 79  6 79  8 79  12 79    6  0 7  2 7  8 7  9 7  10 7  14 7    6  1 15  2 15  7 15  8 15  9 15  11 15    5  1 6  7 6  8 6  12 6  13 6    6  1 30  3 30  8 30  9 30  10 30  11 30    5  3 38  4 38  6 38  9 38  10 38    4  5 11  7 11  10 11  14 11    6  5 52  6 52  8 52  10 52  12 52  13 52    3  3 20  11 20  14 20    3  7 5  8 5  12 5    4  8 9  9 9  10 9  14 9    8  2 20  4 20  5 20  6 20  7 20  8 20  11 20  14 20    5  2 28  5 28  9 28  10 28  13 28
15    5  0 73  4 73  5 73  7 73  9 73    9  0 56  2 56  3 56  4 56  6 56  7 56  9 56  12 56  14 56    6  1 37  2 37  3 37  5 37  6 37  9 37    7  0 22  3 22  4 22  8 22  9 22  13 22  14 22    5  1 25  2 25  9 25  13 25  14 25    9  0 58  1 58  2 58  5 58  6 58  8 58  10 58  11 58  13 58    7  1 8  3 8  6 8  7 8  8 8  12 8  13 8    4  1 93  6 93  7 93  8 93    8  1 88  3 88  4 88  5 88  10 88  11 88  13 88  14 88    5  5 17  8 17  11 17  12 17  13 17    6  2 9  4 9  8 9  9 9  12 9  14 9    5  2 69  5 69  8 69  11 69  13 69    6  0 71  7 71  9 71  10 71  13 71  14 71    9  0 85  1 85  5 85  7 85  8 85  9 85  10 85  11 85  14 85    9  0 55  2 55  3 55  4 55  8 55  10 55  12 55  13 55  14 55
15    6  2 85  4 85  9 85  11 85  12 85  14 85    5  1 58  5 58  7 58  8 58  14 58    9  2 46  3 46  4 46  6 46  7 46  8 46  9 46  11 46  13 46    5  0 64  6 64  8 64  12 64  13 64    7  0 49  2 49  5 49  6 49  10 49  11 49  14 49    8  1 37  2 37  4 37  6 37  9 37  10 37  11 37  12 37    5  1 33  2 33  6 33  10 33  13 33    9  0 30  2 30  3 30  4 30  6 30  8 30  9 30  12 30  13 30    4  5 26  8 26  10 26  13 26    4  0 20  6 20  7 20  10 20    8  2 74  5 74  6 74  8 74  9 74  10 74  11 74  13 74    6  1 77  3 77  6 77  7 77  8 77  10 77    8  0 99  1 99  2 99  4 99  8 99  9 99  12 99  14 99    3  2 56  7 56  11 56    4  0 21  5 21  7 21  14 21
15    8  1 17  2 17  3 17  7 17  8 17  10 17  11 17  12 17    6  3 24  4 24  5 24  11 24  12 24  14 24    8  2 89  4 89  5 89  8 89  9 89  10 89  11 89  12 89    4  0 15  5 15  9 15  10 15    5  1 60  4 60  8 60  9 60  11 60    8  1 42  2 42  3 42  6 42  8 42  9 42  10 42  12 42    5  1 98  7 98  8 98  9 98  10 98    5  1 64  2 64  5 64  9 64  10 64    2  5 92  13 92    4  0 63  2 63  11 63  12 63    6  0 52  4 52  6 52  7 52  10 52  13 52    6  5 54  7 54  8 54  9 54  12 54  13 54    5  4 75  6 75  8 75  9 75  12 75    7  1 23  2 23  4 23  5 23  6 23  10 23  14 23    5  1 38  2 38  3 38  9 38  14 38
15    5  0 8  3 8  10 8  13 8  14 8    6  5 17  6 17  8 17  9 17  11 17  13 17    5  6 56  11 56  12 56  13 56  14 56    8  1 93  6 93  7 93  9 93  10 93  11 93  12 93  13 93    9  0 26  1 26  2 26  3 26  7 26  8 26  11 26  13 26  14 26    7  0 62  1 62  3 62  6 62  9 62  10 62  12 62    5  1 7  6 7  7 7  12 7  14 7    5  1 88  2 88  5 88  8 88  10 88    6  0 97  4 97  5 97  9 97  12 97  13 97    8  0 7  1 7  5 7  6 7  8 7  10 7  12 7  13 7    5  2 43  3 43  6 43  7 43  10 43    6  8 29  9 29  10 29  11 29  12 29  14 29    8  0 35  1 35  2 35  6 35  8 35  12 35  13 35  14 35    7  4 87  6 87  7 87  8 87  9 87  12 87  14 87    6  4 57  5 57  7 57  8 57  10 57  11 57

0 6 18 10 11 8 1 2 1 7 8 17 16 1 6
22 0 10 2 24 20 6 3 9 16 5 13 18 5 12
24 13 0 26 24 11 25 12 15 10 3 19 15 21 16
23 7 18 0 22 6 23 21 16 20 7 26 4 17 23
3 1 16 11 0 26 8 17 25 17 16 24 6 3 13
6 21 2 17 6 0 1 26 4 7 25 8 26 17 3
20 12 1 6 17 20 0 2 22 25 15 16 13 22 17
4 7 17 23 9 17 16 0 19 21 8 13 26 20 18
3 19 24 12 2 23 26 1 0 3 14 15 25 17 18
5 24 24 26 1 13 10 26 14 0 26 15 14 12 3
15 11 8 23 26 22 14 24 18 13 0 1 6 21 16
17 22 1 23 24 4 11 6 20 23 6 0 2 13 20
12 22 20 18 8 5 6 19 5 20 7 9 0 20 9
17 9 14 3 5 22 18 8 14 3 15 18 7 0 2
12 1 25 5 4 14 8 2 2 23 11 11 24 25 0

0 13 16 9 1 24 14 1 10 17 1 18 22 12 4
1 0 22 11 4 3 25 23 26 11 11 24 6 18 9
11 7 0 26 9 16 25 25 22 24 10 14 13 21 3
2 23 17 0 21 8 25 11 26 11 25 1 4 25 20
21 13 12 12 0 9 11 4 21 7 23 7 1 20 20
25 24 22 15 23 0 21 13 21 18 8 21 16 15 20
12 15 18 17 7 14 0 18 15 1 23 10 12 13 2
3 18 5 23 14 14 23 0 22 10 17 22 19 24 12
9 14 19 18 25 4 19 11 0 24 24 8 11 6 4
20 19 6 12 8 13 7 12 7 0 25 18 14 22 13
11 22 6 10 13 18 15 24 13 18 0 22 4 4 24
10 23 21 8 19 17 21 7 14 3 26 0 15 23 11
22 24 1 12 26 4 11 15 24 2 25 21 0 5 12
2 26 16 21 25 2 11 10 20 4 8 12 23 0 17
5 24 9 17 12 12 13 3 2 17 1 13 10 24 0

0 18 14 26 25 10 26 13 26 6 20 6 14 26 20
17 0 15 7 18 1 19 17 14 25 4 19 22 10 16
17 23 0 18 8 23 25 9 23 22 15 9 8 6 20
7 16 12 0 14 7 3 7 23 7 5 6 14 2 25
15 25 1 18 0 4 2 15 8 12 23 24 6 14 19
19 9 13 15 16 0 13 4 15 21 12 2 22 21 2
9 23 1 12 26 8 0 8 4 26 24 9 6 4 25
17 3 2 14 1 2 26 0 13 5 7 18 16 5 10
11 13 12 11 4 25 18 3 0 5 16 3 21 8 20
10 5 3 24 20 1 25 2 5 0 24 2 8 25 21
13 20 17 3 18 19 26 25 9 5 0 15 3 2 18
5 1 7 13 7 15 4 7 15 5 1 0 2 9 2
5 23 8 24 24 6 10 12 1 24 22 15 0 26 26
21 7 5 9 2 2 12 18 18 22 2 1 9 0 22
16 1 21 12 2 1 3 22 13 21 12 21 24 24 0

0 10 25 6 6 4 14 18 12 21 11 2 4 4 10
16 0 14 12 19 6 12 16 26 25 3 2 16 6 14
20 7 0 14 24 19 18 15 8 1 4 20 17 6 20
18 17 4 0 20 3 21 11 17 12 4 13 15 20 19
3 19 13 8 0 24 25 10 16 6 11 5 15 21 26
9 11 21 6 3 0 1 16 1 18 4 23 19 16 20
18 10 11 2 2 18 0 13 18 24 18 3 11 11 1
25 10 26 26 26 17 19 0 15 10 14 7 10 7 17
10 24 4 17 18 15 22 4 0 25 26 25 21 2 22
18 18 5 18 4 15 16 17 16 0 17 1 24 26 15
25 4 13 8 23 8 10 23 6 2 0 20 11 22 16
3 26 17 17 12 24 17 11 9 10 16 0 7 5 20
18 15 18 13 20 7 13 1 9 13 14 26 0 3 18
8 19 23 3 16 14 8 4 11 13 22 18 15 0 2
17 16 26 22 8 21 13 20 25 23 24 1 11 8 0

0 5 7 20 1 12 20 7 20 18 10 22 20 10 18
23 0 16 18 13 7 10 16 16 25 8 8 9 22 8
10 17 0 25 12 2 18 10 13 11 3 12 10 12 13
24 21 23 0 4 6 3 22 1 22 10 14 26 22 19
3 1 3 24 0 19 26 23 24 24 14 17 4 5 7
20 13 14 15 19 0 7 24 20 22 22 15 26 3 4
7 10 6 3 24 15 0 7 26 12 13 21 12 4 10
8 23 13 9 4 8 1 0 4 7 18 20 2 17 6
10 20 2 5 6 17 25 7 0 14 16 20 9 5 18
3 6 23 9 26 1 9 23 4 0 18 11 8 2 15
5 24 16 17 5 14 4 3 15 16 0 26 10 23 16
11 18 2 2 15 13 6 9 24 13 3 0 8 18 17
2 5 11 1 6 7 22 9 16 7 2 24 0 26 25
11 4 19 8 12 16 3 10 2 25 10 19 16 0 25
5 24 22 23 9 11 22 25 3 14 20 2 21 21 0

0 14 20 23 17 22 3 2 8 16 26 7 19 5 18
26 0 10 20 20 20 1 22 14 24 12 13 16 6 11
21 5 0 10 13 14 15 19 23 5 14 24 21 8 23
22 21 9 0 19 20 2 17 25 13 6 9 14 6 6
10 8 11 13 0 2 22 19 22 11 19 16 5 10 7
10 26 3 20 8 0 10 8 9 26 18 6 6 23 26
19 20 9 21 8 3 0 24 3 8 17 22 12 22 16
17 5 11 20 7 12 9 0 1 4 14 21 11 19 17
13 18 16 12 10 12 8 24 0 4 9 12 20 3 17
21 20 14 2 9 7 16 12 20 0 19 16 15 20 14
24 20 4 6 4 21 1 21 7 22 0 1 17 4 12
5 3 17 19 6 24 16 14 12 3 18 0 5 15 15
14 7 18 25 19 5 7 20 21 19 1 23 0 13 5
2 5 5 7 4 8 3 11 20 15 6 6 14 0 20
7 19 7 10 9 20 8 23 14 16 7 15 11 25 0

0 20 1 17 6 24 21 16 12 11 23 26 2 16 9
11 0 22 3 21 12 6 12 4 24 2 11 5 12 7
25 13 0 2 19 6 11 23 17 15 18 7 23 20 9
19 9 20 0 11 9 15 24 18 20 15 6 5 8 19
25 17 2 6 0 16 16 20 12 19 25 10 15 25 22
17 20 26 4 17 0 21 1 2 9 22 20 8 13 23
15 19 11 10 18 23 0 7 6 5 4 6 21 15 10
11 11 18 3 16 13 16 0 3 8 10 3 18 24 15
18 9 8 10 22 4 4 16 0 18 26 8 5 22 11
18 4 5 18 23 11 16 2 4 0 19 19 23 1 23
7 25 10 19 6 25 24 10 20 21 0 24 13 16 19
10 19 11 15 25 16 24 11 25 14 9 0 3 17 10
18 14 14 13 9 8 24 9 9 14 24 24 0 10 3
1 20 11 15 7 18 9 4 16 23 25 1 9 0 14
4 11 26 19 6 10 24 10 16 14 16 13 18 22 0

0 17 13 6 22 18 23 16 23 12 25 12 25 12 24
17 0 21 1 6 4 1 23 26 23 21 26 12 9 20
26 5 0 8 4 23 20 8 23 26 2 5 17 9 18
3 26 22 0 17 13 20 23 11 15 5 5 1 15 8
21 19 4 24 0 12 10 6 7 11 12 4 24 9 2
17 12 1 14 18 0 25 20 14 2 3 15 18 2 6
8 16 21 5 26 12 0 18 5 22 13 26 20 3 17
5 3 13 10 10 21 18 0 14 4 1 14 1 6 1
1 13 4 15 8 1 1 7 0 23 4 12 8 18 23
5 14 24 9 10 25 3 1 9 0 22 11 2 8 20
14 6 7 8 10 6 22 3 19 15 0 22 9 3 3
19 25 14 7 20 8 15 8 8 18 8 0 17 4 1
16 17 9 22 1 6 1 18 4 19 20 6 0 16 10
3 14 25 3 25 13 8 8 12 1 7 21 19 0 9
10 13 3 11 14 7 16 7 20 12 25 26 17 12 0

0 16 11 23 6 16 9 17 5 21 25 25 7 13 26
1 0 7 8 4 3 22 15 5 6 7 13 5 1 15
14 9 0 9 20 11 17 14 15 24 16 1 21 2 23
15 23 14 0 21 20 5 24 15 22 12 2 6 22 2
23 19 12 14 0 23 13 17 23 16 12 6 7 16 26
22 15 20 6 16 0 15 6 11 13 9 5 25 16 18
15 11 21 12 18 10 0 8 11 23 7 20 16 25 23
6 24 17 1 23 22 9 0 21 8 9 4 19 4 12
10 12 19 23 25 6 21 20 0 9 15 4 4 4 12
4 12 5 26 14 7 15 20 11 0 17 6 10 1 12
12 21 11 15 2 5 23 2 25 3 0 10 21 26 4
11 26 25 18 18 6 24 18 6 1 13 0 26 16 11
3 5 20 26 11 20 21 12 2 3 24 26 0 5 23
15 1 15 11 4 16 24 10 3 15 7 18 20 0 5
24 10 8 18 26 23 4 7 6 19 12 18 20 20 0

0 11 26 3 2 1 23 12 9 16 10 10 23 8 4
25 0 17 26 8 16 11 15 5 19 4 25 22 6 23
17 23 0 20 9 26 19 5 2 5 20 23 2 2 23
20 17 13 0 18 20 17 1 1 13 21 19 22 9 11
9 17 15 4 0 11 22 16 12 15 10 10 13 4 2
16 14 7 18 1 0 7 17 12 22 13 11 24 8 16
22 11 18 14 23 17 0 22 1 8 3 1 9 9 12
24 25 23 24 26 24 19 0 16 23 15 22 14 25 5
14 14 15 6 2 10 3 25 0 3 24 16 4 22 14
10 12 16 19 20 11 24 11 2 0 11 12 19 15 20
7 18 7 7 2 15 20 22 1 1 0 11 9 26 17
21 1 11 25 24 1 22 5 4 25 13 0 18 24 6
20 12 3 3 22 3 25 23 5 7 20 22 0 26 6
25 12 8 16 15 26 20 7 23 6 18 24 15 0 1
9 15 23 10 20 6 10 6 20 7 13 11 14 25 0

0 17 1 23 16 9 19 17 18 20 19 15 19 18 5
12 0 15 11 15 6 16 2 23 6 5 7 10 13 4
20 15 0 25 8 20 23 18 10 25 5 20 21 23 10
18 2 14 0 12 19 22 18 4 22 23 15 23 3 20
19 15 20 21 0 25 10 16 4 14 3 2 22 23 7
4 21 2 24 16 0 9 23 26 8 11 6 13 13 5
15 14 23 14 15 19 0 6 1 24 26 26 5 17 26
18 12 8 1 26 16 1 0 17 15 10 24 10 18 3
11 3 6 5 25 12 20 19 0 12 2 23 8 11 19
26 17 25 20 8 18 14 5 14 0 4 19 17 3 17
5 13 20 26 20 9 2 26 6 9 0 20 16 22 7
8 21 2 15 23 20 26 26 8 1 6 0 11 22 16
1 10 22 3 7 17 25 5 20 6 1 24 0 12 17
21 5 17 22 4 17 10 7 18 14 14 10 15 0 10
1 14 4 3 5 12 15 1 20 12 21 16 12 18 0

0 1 25 24 18 5 11 20 12 9 6 25 15 4 9
24 0 2 12 18 24 4 19 6 22 3 17 16 14 9
22 15 0 9 6 10 25 21 15 14 8 24 1 10 2
15 13 19 0 2 12 4 3 2 17 13 4 10 17 4
9 15 5 6 0 14 10 6 9 15 11 15 12 6 3
24 6 22 7 17 0 14 22 7 6 23 23 21 1 15
13 5 7 1 5 22 0 9 22 20 9 15 23 1 5
12 19 8 3 11 4 20 0 26 20 5 15 12 15 4
26 24 8 11 22 9 25 22 0 24 16 24 6 20 12
10 21 7 15 20 13 1 23 3 0 11 2 19 22 12
1 1 19 16 24 1 7 25 25 15 0 19 12 11 25
7 7 6 14 17 19 16 26 23 24 20 0 7 16 25
12 26 1 8 25 16 10 6 7 15 18 4 0 18 13
20 9 24 17 10 5 25 5 10 14 8 10 4 0 16
16 3 10 9 5 22 23 10 24 6 18 26 20 16 0

0 25 4 11 9 13 22 5 17 14 22 19 4 5 7
16 0 19 5 9 15 25 1 20 5 5 24 20 9 10
11 20 0 6 4 23 15 13 8 10 3 1 16 16 17
24 7 22 0 25 15 20 1 6 18 16 22 10 21 11
2 15 4 7 0 24 1 22 16 20 25 25 17 2 19
1 26 17 7 16 0 23 26 4 11 1 15 25 26 17
13 16 2 10 9 21 0 26 12 7 7 25 16 13 16
19 2 20 18 26 21 3 0 8 11 3 7 26 12 19
26 22 2 11 4 22 23 6 0 15 4 16 13 18 2
3 3 25 1 3 11 12 2 1 0 23 9 16 22 7
23 20 11 19 19 9 5 15 4 17 0 17 16 9 26
16 10 5 20 17 3 12 26 3 6 19 0 23 10 26
15 10 15 16 12 19 16 5 5 25 17 6 0 26 24
16 14 25 11 6 9 24 20 14 1 26 6 3 0 3
8 20 20 19 26 17 9 4 7 6 18 19 12 5 0

0 1 11 11 15 15 12 12 21 10 12 2 4 16 18
3 0 7 19 17 18 14 25 18 1 20 5 20 23 13
16 15 0 3 23 11 18 21 13 15 1 15 24 5 2
22 4 9 0 4 17 25 16 12 23 21 18 18 7 9
25 3 10 1 0 17 12 20 21 20 7 3 10 26 1
17 20 4 2 4 0 15 19 3 11 18 11 18 3 10
26 5 15 18 8 5 0 21 8 23 3 17 15 10 9
26 2 13 12 24 16 14 0 13 10 14 18 17 15 13
8 12 14 1 12 21 7 17 0 1 14 24 23 20 12
11 21 22 8 2 16 1 9 24 0 18 4 12 23 18
9 21 24 3 13 9 10 10 17 2 0 13 21 14 9
16 4 20 20 6 3 19 3 10 1 26 0 26 8 7
6 10 23 17 26 10 3 7 5 2 11 14 0 20 2
3 18 25 20 18 5 22 6 11 1 1 5 20 0 7
11 9 5 1 4 18 20 17 6 10 21 2 10 7 0

0 17 24 25 20 8 17 5 1 21 3 21 16 17 8
22 0 25 17 8 14 12 10 23 7 6 7 22 23 25
26 23 0 12 5 24 8 26 11 12 20 13 23 9 23
25 8 24 0 23 7 15 20 14 14 9 9 22 2 23
23 13 13 15 0 5 7 15 1 19 7 5 22 16 22
7 10 23 20 1 0 7 22 18 13 10 8 22 1 5
10 18 20 16 24 24 0 13 12 25 18 8 9 14 15
19 21 13 8 18 7 23 0 19 19 23 13 9 26 18
12 5 22 14 1 12 21 3 0 25 25 12 2 14 12
21 21 9 18 16 23 9 18 2 0 22 18 21 14 26
25 19 20 2 21 24 20 24 6 6 0 9 4 14 7
9 7 12 24 12 25 20 7 12 10 23 0 4 26 17
1 11 6 24 10 5 22 21 12 25 11 22 0 2 17
2 4 1 1 11 18 13 10 15 19 7 18 8 0 25
19 9 8 7 2 5 18 5 10 4 26 24 6 5 0
