10 10 3
10    1  4 18    1  7 21    2  9 41  2 41    2  2 45  5 45    1  3 38    2  8 50  7 50    2  5 84  7 84    3  6 29  9 29  3 29    2  1 23  0 23    3  0 82  6 82  2 82
10    2  8 57  2 57    2  5 16  1 16    2  1 52  5 52    3  7 74  3 74  0 74    1  2 38    2  3 54  8 54    1  6 62    1  9 37    3  4 54  8 54  0 54    2  0 52  8 52
10    3  2 30  3 30  9 30    1  4 79    3  3 68  9 68  2 68    2  1 61  5 61    1  8 11    1  6 89    3  7 89  2 89  1 89    1  0 81    2  9 81  1 81    2  5 57  3 57
10    3  0 91  9 91  1 91    1  8 8    3  3 33  1 33  2 33    2  7 55  2 55    1  5 20    3  2 20  1 20  3 20    3  4 32  2 32  1 32    1  6 84    2  1 66  0 66    2  9 24  0 24
10    2  9 40  1 40    1  0 7    2  4 19  3 19    2  8 7  0 7    1  6 83    1  2 64    2  5 56  1 56    2  3 54  4 54    3  7 8  5 8  6 8    2  1 39  9 39
10    3  3 91  5 91  8 91    2  2 64  7 64    2  5 40  6 40    1  0 63    1  7 98    1  4 74    2  8 61  4 61    1  1 6    2  6 42  5 42    3  9 15  6 15  4 15
10    2  1 80  2 80    3  7 39  5 39  1 39    2  8 24  2 24    2  3 75  8 75    2  4 75  8 75    3  5 6  1 6  8 6    2  6 44  0 44    1  0 26    1  2 87    3  9 22  2 22  7 22
10    1  1 15    2  7 43  0 43    1  2 20    2  0 12  6 12    3  8 26  0 26  2 26    2  6 61  5 61    2  3 79  4 79    1  9 22    1  5 8    1  4 80
10    3  2 62  1 62  4 62    3  3 96  9 96  7 96    3  4 22  1 22  8 22    1  9 5    3  0 63  8 63  9 63    1  6 33    2  7 10  0 10    3  8 18  0 18  5 18    2  1 36  4 36    1  5 40
10    3  1 96  0 96  7 96    3  0 89  4 89  5 89    2  5 64  9 64    1  3 95    2  9 23  3 23    3  7 18  2 18  5 18    1  8 15    1  2 64    1  6 38    3  4 8  3 8  6 8

0 23 4 1 9 6 7 3 4 24
12 0 14 11 20 11 8 24 15 5
14 4 0 1 23 1 18 7 19 6
20 23 9 0 3 5 18 4 3 12
23 15 2 6 0 15 16 7 5 20
9 2 13 8 21 0 16 14 21 11
8 23 10 21 14 20 0 24 5 12
13 11 14 17 18 12 14 0 9 21
9 4 11 21 14 17 10 19 0 18
14 13 18 7 17 5 8 7 9 0

0 20 18 2 13 17 4 19 22 4
12 0 7 23 15 4 19 9 6 24
5 5 0 6 24 21 4 16 13 2
20 15 6 0 17 7 7 17 14 22
21 3 24 5 0 6 14 11 20 9
17 11 15 22 13 0 13 4 22 9
10 13 12 21 13 9 0 10 10 5
8 19 14 10 7 13 24 0 10 23
7 11 9 1 10 5 4 11 0 2
12 14 9 3 11 10 8 12 16 0

0 5 15 15 23 16 1 4 10 21
5 0 21 16 14 24 3 22 14 6
8 15 0 16 5 11 18 2 11 17
4 11 18 0 13 23 2 20 22 20
13 19 13 8 0 4 5 6 4 18
24 23 17 19 9 0 13 11 6 10
16 18 12 4 14 1 0 24 22 23
3 13 15 7 7 13 5 0 8 22
13 17 17 9 14 5 2 6 0 3
8 21 6 16 8 21 13 18 11 0

0 6 14 16 7 23 18 5 20 15
11 0 24 1 19 1 10 12 1 19
12 18 0 19 17 17 4 13 22 22
9 9 4 0 24 11 6 20 11 4
21 7 19 5 0 15 6 4 20 22
19 16 5 7 2 0 12 22 17 15
8 10 9 4 23 17 0 15 15 8
17 5 13 9 22 15 7 0 21 16
6 1 23 20 5 17 3 23 0 1
11 16 8 16 2 11 19 2 10 0

0 21 19 1 3 14 15 14 7 6
11 0 12 9 21 17 20 15 17 16
2 14 0 23 18 22 16 20 11 8
23 9 12 0 7 13 3 12 7 3
18 14 18 12 0 13 4 13 15 24
5 22 9 18 9 0 7 5 18 6
9 4 17 14 24 2 0 9 16 6
15 8 20 3 11 17 13 0 4 10
15 18 21 22 13 4 3 22 0 23
19 21 3 5 8 11 11 21 15 0

0 7 3 3 11 6 11 11 24 14
1 0 16 21 18 9 14 3 4 17
12 16 0 12 6 12 2 11 17 11
6 22 24 0 11 11 21 7 19 23
24 23 11 6 0 12 18 12 7 16
6 8 17 13 23 0 11 2 16 11
23 2 22 18 12 7 0 7 5 17
1 2 2 13 6 6 16 0 15 11
6 18 20 7 7 5 3 23 0 1
15 16 4 19 1 23 23 17 7 0

0 18 11 6 2 10 19 19 20 15
10 0 21 12 20 8 13 18 3 12
23 8 0 10 6 21 18 4 8 10
9 16 24 0 1 11 18 11 7 24
22 16 13 18 0 18 20 4 17 3
16 14 20 21 4 0 24 2 11 5
3 24 11 22 13 1 0 15 5 11
20 19 1 15 10 1 2 0 10 17
22 4 1 1 22 2 5 11 0 12
3 7 11 16 9 3 15 21 5 0

0 23 10 17 20 9 17 22 19 16
17 0 17 5 22 8 22 16 4 13
12 24 0 23 3 3 20 21 13 7
21 3 12 0 10 22 1 12 8 12
13 5 11 16 0 13 3 1 5 4
4 1 15 9 22 0 19 12 19 23
17 14 22 1 1 9 0 7 24 11
23 24 6 23 19 18 11 0 4 22
21 24 21 11 1 13 24 5 0 5
9 24 2 20 19 20 10 21 19 0

0 23 2 13 5 8 10 19 18 5
16 0 14 19 20 23 9 7 1 8
10 19 0 5 7 4 18 5 5 23
8 14 12 0 14 8 18 12 4 24
23 13 23 1 0 4 20 12 8 16
17 7 6 6 18 0 20 6 3 14
22 22 9 17 5 9 0 5 7 5
9 10 15 7 22 4 6 0 22 9
11 11 13 16 19 20 19 17 0 23
13 5 6 13 16 5 22 4 3 0

0 14 4 15 13 4 12 6 7 4
23 0 12 11 8 13 12 7 14 6
4 7 0 23 13 3 14 6 4 10
7 6 12 0 8 17 5 17 17 6
6 1 15 8 0 16 16 14 11 4
10 13 2 3 15 0 4 6 13 19
8 5 17 16 22 20 0 17 17 17
13 24 3 1 10 8 18 0 17 22
19 8 14 20 11 22 9 17 0 17
23 14 11 23 16 13 23 18 14 0
