10 5 2
5    1  0 12    1  2 94    1  3 92    1  4 91    2  1 7  2 7
5    1  1 19    1  3 11    1  4 66    1  2 21    1  0 87
5    1  1 14    1  0 75    2  3 13  0 13    1  4 16    1  2 20
5    1  2 95    2  4 66  0 66    1  0 7    1  3 7    1  1 77
5    1  1 45    2  3 6  4 6    1  4 89    1  0 15    1  2 34
5    1  3 77    1  2 20    1  0 76    2  4 88  3 88    1  1 53
5    1  2 74    2  1 88  2 88    1  0 52    1  3 27    1  4 9
5    1  1 88    1  3 69    1  0 62    1  4 98    1  2 52
5    1  2 61    1  4 9    2  0 62  3 62    1  1 52    2  3 90  4 90
5    1  2 54    1  4 5    1  3 59    2  1 15  3 15    1  0 88

0 3 20 24 17 15 6 7 5 23
18 0 11 14 12 6 20 8 14 6
13 7 0 21 7 16 3 1 1 6
25 9 20 0 13 1 10 15 23 10
22 11 13 3 0 12 15 21 18 5
12 22 25 24 25 0 14 19 22 7
1 25 16 5 19 21 0 20 1 21
12 6 2 24 24 11 5 0 7 23
4 16 25 5 21 7 13 3 0 5
12 8 7 16 19 24 18 17 14 0

0 22 23 1 15 8 24 11 1 15
7 0 17 22 25 9 17 7 7 20
25 13 0 21 17 18 25 20 19 11
21 6 14 0 10 6 15 21 7 21
23 22 21 15 0 13 14 20 11 3
8 8 6 8 9 0 15 24 20 23
8 6 21 2 12 25 0 20 4 4
15 5 20 10 12 3 6 0 11 23
10 25 7 23 19 6 22 4 0 25
13 9 8 14 22 15 10 17 24 0

0 7 1 4 17 15 7 12 4 9
15 0 21 21 20 17 12 8 6 14
16 19 0 25 21 19 13 25 9 14
20 20 9 0 12 18 21 3 20 19
17 22 22 2 0 23 22 23 18 18
22 14 6 14 23 0 13 4 21 16
19 1 2 16 6 8 0 21 3 17
23 7 24 3 4 15 8 0 17 7
21 6 12 7 10 1 4 20 0 23
16 6 3 3 25 22 16 3 11 0

0 16 11 10 16 17 15 4 3 18
7 0 18 4 6 10 14 24 17 2
22 24 0 3 17 8 25 3 23 23
19 22 14 0 3 7 16 24 21 12
9 5 22 15 0 13 1 5 6 16
13 20 4 11 5 0 22 21 24 1
5 10 23 10 1 6 0 13 1 15
8 24 15 13 6 10 10 0 16 15
22 4 2 21 1 25 5 11 0 1
18 13 15 17 4 10 15 19 21 0

0 8 14 6 13 16 20 7 18 10
18 0 4 10 5 17 22 6 5 8
1 23 0 10 3 12 23 3 1 9
9 4 23 0 13 14 19 20 9 16
20 24 7 24 0 18 17 22 17 8
25 2 13 25 18 0 21 18 18 12
11 11 18 12 10 7 0 12 24 6
6 12 13 17 1 22 7 0 10 14
11 5 3 21 13 14 18 10 0 21
23 25 4 23 10 10 5 20 6 0
