10 5 5
15    3  0 40  1 39  2 44    1  2 65    1  2 25    2  0 20  3 18    3  0 86  2 91  4 88    3  1 31  3 26  4 28    2  1 65  4 62    4  0 32  1 31  2 32  4 36    3  1 85  3 80  4 80    3  0 26  1 26  4 22    1  2 65    1  4 32    1  4 16    3  0 63  2 63  4 57    2  0 90  3 90
20    3  1 39  2 41  3 42    5  0 87  1 86  2 86  3 84  4 86    3  1 63  3 58  4 63    1  0 46    5  0 84  1 87  2 90  3 89  4 91    3  0 75  1 71  3 70    1  0 33    4  0 89  1 96  2 94  4 97    3  0 16  1 11  4 17    1  0 25    3  1 87  2 86  4 86    1  2 20    3  0 78  2 75  3 71    2  1 34  2 43    4  0 68  1 62  2 71  4 70    2  1 53  4 50    2  3 59  4 55    1  0 39    4  0 50  1 48  2 45  4 50    4  1 66  2 71  3 66  4 69
23    2  1 72  3 71    5  0 81  1 73  2 80  3 78  4 77    3  0 80  2 82  3 80    2  1 41  2 41    1  1 89    2  2 70  4 68    4  0 27  1 25  2 27  3 30    2  0 85  4 85    3  2 67  3 71  4 71    4  0 47  1 47  2 48  3 46    4  1 65  2 60  3 62  4 58    2  0 49  2 54    2  1 39  4 41    2  1 90  4 86    3  0 36  1 34  4 36    2  1 58  4 58    3  2 70  3 67  4 67    4  0 61  1 61  3 61  4 61    4  0 56  2 52  3 57  4 60    2  1 31  4 31    4  0 24  1 22  3 21  4 21    2  3 37  4 37    1  3 67
18    1  4 76    4  1 74  2 68  3 67  4 67    1  4 64    3  0 45  2 49  4 48    2  2 54  4 56    3  1 63  3 61  4 59    3  1 68  2 68  4 65    5  0 90  1 90  2 93  3 94  4 90    2  1 31  3 34    3  1 64  2 65  4 62    2  3 23  4 21    2  0 63  1 61    2  1 36  3 36    2  2 91  3 91    4  0 32  1 31  2 36  3 33    4  0 82  1 76  3 79  4 83    5  0 42  1 44  2 42  3 42  4 43    2  2 62  4 62
21    1  3 91    4  0 66  2 66  3 66  4 65    3  0 87  3 89  4 91    3  1 47  2 43  3 49    3  1 34  2 37  4 39    3  0 54  1 54  4 50    4  0 92  2 86  3 91  4 91    2  0 46  3 41    2  0 80  4 76    1  3 40    2  0 93  1 90    3  2 58  3 62  4 63    1  0 97    2  3 46  4 43    3  0 31  2 29  3 31    4  0 61  1 58  3 58  4 60    1  1 92    1  0 67    3  0 58  2 59  4 56    2  0 95  4 93    2  0 43  3 43
15    4  0 93  1 95  3 98  4 96    2  0 67  1 71    1  3 84    5  0 68  1 64  2 71  3 66  4 68    2  3 22  4 19    2  1 29  4 27    3  1 32  3 34  4 34    4  0 24  1 24  2 28  4 20    4  0 95  1 97  2 95  3 97    2  0 85  1 82    1  4 65    5  0 17  1 23  2 20  3 20  4 17    2  0 82  3 79    3  1 40  3 43  4 39    5  0 71  1 66  2 71  3 71  4 71
17    2  0 41  3 42    3  1 95  3 98  4 95    2  0 26  3 24    2  0 36  3 35    3  1 87  2 84  3 87    4  0 72  2 72  3 77  4 72    4  0 88  1 89  3 82  4 86    1  0 46    1  0 36    1  3 50    3  1 63  2 61  3 56    2  0 54  4 56    1  4 89    2  1 75  2 71    3  0 77  2 72  4 76    3  0 12  1 18  3 20    4  0 34  1 34  2 35  4 31
25    2  0 51  2 59    2  0 51  1 53    2  2 23  4 20    1  0 55    4  1 84  2 80  3 88  4 84    2  2 47  4 47    1  0 76    1  0 30    3  0 48  2 50  3 48    1  0 51    3  1 42  2 42  4 36    3  0 73  2 76  4 69    2  2 38  3 40    4  0 69  2 69  3 69  4 73    3  1 62  2 68  3 64    4  1 40  2 40  3 40  4 40    3  1 18  3 21  4 21    2  1 33  4 37    3  2 41  3 46  4 40    3  1 88  2 86  3 92    1  1 61    2  0 39  3 38    2  0 65  3 68    2  0 29  4 26    1  4 29
23    1  4 64    2  1 57  2 57    2  0 63  2 61    3  0 38  1 42  3 35    2  2 48  3 46    2  1 76  3 79    2  0 43  3 41    4  0 79  1 81  2 82  3 79    2  1 51  3 52    3  2 73  3 77  4 74    3  0 37  2 41  4 36    3  1 76  2 76  4 73    1  0 48    2  2 70  4 75    3  0 44  2 44  4 44    2  0 27  1 22    4  0 65  1 59  2 62  3 62    3  1 94  3 98  4 90    3  0 20  2 22  3 20    3  1 37  2 38  4 39    3  1 96  3 95  4 94    1  1 83    3  0 47  2 47  4 44
19    4  1 80  2 75  3 82  4 76    3  0 45  1 43  3 43    2  0 58  4 57    2  0 56  3 56    2  0 33  3 37    2  0 62  2 58    2  1 51  2 52    1  4 88    3  0 33  1 39  4 32    5  0 73  1 77  2 77  3 77  4 77    3  0 44  2 39  4 47    1  1 31    3  0 43  2 39  3 43    2  0 77  4 77    3  0 72  2 74  3 70    3  0 62  2 63  4 64    4  1 74  2 72  3 76  4 74    3  0 27  1 27  4 23    2  0 51  4 51

0 17 18 27 26 15 10 29 8 8
17 0 17 4 10 23 21 4 28 13
18 22 0 28 21 10 14 25 23 15
20 27 24 0 18 20 5 29 26 29
10 5 24 27 0 19 29 27 16 12
28 14 25 2 7 0 5 21 25 20
17 19 19 25 24 2 0 13 26 28
16 5 29 12 19 8 25 0 24 5
20 28 29 1 14 28 6 21 0 9
4 8 16 16 18 13 24 26 17 0

0 26 2 17 1 25 16 9 15 17
17 0 11 8 12 15 10 16 29 23
23 1 0 28 19 21 2 25 12 7
16 4 15 0 1 29 22 3 4 23
18 26 27 1 0 5 20 23 26 15
8 19 24 16 24 0 4 17 8 27
26 1 10 2 5 18 0 24 18 12
23 21 20 23 1 23 4 0 18 9
22 2 10 20 27 9 18 25 0 2
8 16 5 20 5 19 1 19 15 0

0 18 7 9 10 26 9 23 23 14
28 0 10 11 8 20 5 25 12 17
14 14 0 26 21 6 14 14 1 16
23 5 26 0 7 3 18 11 15 15
6 20 24 27 0 10 2 11 3 15
22 24 17 10 28 0 6 13 5 25
24 26 15 27 27 18 0 6 24 23
10 28 4 1 10 14 10 0 13 11
17 3 9 18 22 11 4 9 0 6
18 11 24 8 2 29 25 3 12 0

0 14 13 17 9 29 24 12 4 28
9 0 17 10 14 19 8 3 21 5
29 13 0 3 18 29 19 8 6 6
12 11 24 0 2 9 22 21 27 13
6 24 20 6 0 18 28 18 11 4
21 7 7 12 22 0 7 19 22 20
20 21 26 22 15 4 0 27 29 11
7 1 20 16 26 14 23 0 28 8
9 24 20 23 17 4 18 8 0 16
6 15 17 29 7 1 7 21 29 0

0 10 1 6 8 6 10 24 28 22
11 0 6 12 20 8 3 15 29 9
26 19 0 6 20 24 15 18 4 3
17 10 19 0 24 6 19 16 7 28
14 19 12 7 0 22 4 27 12 22
14 14 16 14 17 0 6 12 10 21
19 20 9 17 4 6 0 16 8 28
12 21 20 15 5 18 18 0 21 13
16 1 19 13 3 21 21 27 0 22
14 5 13 18 29 4 1 12 15 0
