20 5 2
5    1  3 60    1  0 87    1  1 72    1  4 95    2  2 66  4 66
5    1  1 54    1  0 48    1  2 39    1  3 35    1  4 5
5    1  3 20    1  1 46    2  0 97  3 97    1  2 21    1  4 55
5    2  2 37  4 37    1  0 59    1  3 19    1  1 34    1  4 46
5    1  2 73    2  3 25  2 25    1  1 24    1  0 28    1  4 23
5    1  1 78    1  3 28    2  2 83  4 83    1  0 45    1  4 5
5    2  3 71  1 71    1  1 37    1  2 12    1  4 29    1  0 53
5    1  4 12    1  3 33    1  1 55    1  2 87    1  0 38
5    1  0 48    2  1 40  2 40    1  2 49    1  3 83    2  4 7  2 7
5    1  0 90    1  4 27    2  2 65  0 65    2  3 17  2 17    2  1 23  2 23
5    1  0 62    1  3 85    1  1 66    1  2 84    1  4 19
5    1  3 59    1  2 46    1  4 13    1  1 64    1  0 25
5    1  2 53    1  1 73    1  3 80    1  4 88    1  0 41
5    1  2 57    1  4 47    1  0 14    1  1 67    1  3 74
5    2  2 41  4 41    1  4 64    1  3 84    1  1 78    1  0 84
5    1  4 52    1  3 28    1  2 26    1  0 63    2  1 46  4 46
5    1  1 11    1  0 64    1  3 10    1  4 73    1  2 17
5    1  4 38    1  3 95    1  0 85    1  1 97    1  2 67
5    2  3 93  4 93    1  1 65    1  2 95    1  0 59    1  4 46
5    1  0 60    1  1 85    1  2 43    1  4 85    1  3 32

0 14 20 6 6 13 18 23 23 7 5 7 12 3 25 17 10 25 13 17
12 0 9 19 22 16 1 19 1 14 14 8 18 16 7 16 25 10 9 11
12 6 0 15 17 20 17 26 5 9 8 8 20 25 10 9 7 22 10 26
4 7 3 0 24 4 13 19 17 22 12 26 7 6 21 15 6 17 17 26
7 1 15 2 0 22 12 9 15 17 14 4 7 12 17 22 1 17 8 13
13 3 2 7 9 0 18 21 24 4 23 7 22 13 19 25 10 11 13 6
21 20 26 4 18 22 0 24 10 10 11 10 24 24 11 24 17 7 4 23
22 18 18 10 24 4 7 0 6 18 2 14 18 4 26 11 2 8 10 15
6 15 17 9 20 13 22 10 0 4 24 23 22 18 18 12 22 18 7 1
23 14 9 20 18 24 23 18 18 0 24 13 26 6 20 22 12 7 22 16
12 18 19 21 25 10 12 11 26 9 0 2 5 21 20 12 9 7 17 17
2 14 16 26 11 5 24 11 13 11 12 0 19 3 6 17 15 24 16 5
13 17 9 10 16 18 6 12 14 21 12 11 0 4 25 15 7 21 21 25
6 14 9 21 6 24 24 14 9 8 8 12 13 0 20 19 13 14 16 5
14 7 9 22 20 18 14 15 6 22 4 14 18 1 0 1 11 4 7 10
19 15 15 18 8 5 26 4 2 14 1 23 1 20 1 0 14 16 17 25
18 13 5 10 10 16 5 15 22 7 3 11 19 13 9 22 0 10 4 4
3 21 10 2 5 5 9 24 24 15 22 5 5 15 4 14 18 0 26 16
12 25 23 19 3 25 12 4 2 11 7 23 1 20 9 12 9 25 0 21
7 16 26 24 24 19 17 11 24 11 1 9 12 13 5 13 17 25 20 0

0 24 2 26 21 7 9 22 19 22 15 14 22 19 14 23 6 19 17 15
14 0 10 20 26 19 6 5 13 15 25 13 6 10 20 15 26 17 21 22
6 9 0 3 2 25 19 24 18 1 19 3 15 19 17 19 15 16 13 7
6 2 9 0 4 3 18 9 25 1 2 18 25 1 17 20 5 26 26 9
6 17 9 18 0 4 18 23 10 14 11 19 23 24 20 2 3 14 16 26
6 7 16 11 26 0 15 24 18 23 13 4 16 16 22 3 10 20 11 2
18 16 7 4 1 11 0 18 24 3 13 18 21 14 20 23 19 10 23 7
24 21 19 2 8 14 23 0 4 22 6 19 15 24 4 22 21 5 20 1
25 18 9 19 18 3 15 25 0 17 17 2 6 16 16 4 8 20 11 17
17 3 26 12 18 19 11 12 19 0 5 22 11 24 6 15 5 14 18 12
14 11 4 16 12 19 19 11 12 21 0 18 12 23 26 16 4 17 19 3
16 21 24 16 25 12 6 8 3 12 5 0 5 8 16 25 8 2 19 11
9 19 17 14 7 9 22 16 20 24 17 15 0 16 23 6 3 11 17 3
11 3 26 3 23 10 25 5 6 18 18 8 10 0 12 20 9 16 4 5
20 14 13 10 23 6 13 19 11 5 22 11 13 26 0 17 14 14 19 17
12 26 2 20 18 9 12 20 19 4 14 16 9 16 6 0 17 23 9 11
7 6 21 1 1 17 4 23 2 16 21 16 26 16 13 10 0 2 3 20
14 9 20 10 6 18 17 16 11 26 9 10 11 4 10 21 3 0 6 7
5 15 6 12 2 10 12 18 12 2 17 5 16 1 12 16 7 3 0 21
17 7 16 16 5 18 8 23 11 21 12 9 22 7 7 22 20 12 8 0

0 18 15 23 3 17 10 20 19 9 9 10 2 1 2 26 1 5 20 26
4 0 3 22 4 24 20 18 25 10 12 23 14 22 6 21 7 13 10 14
20 20 0 11 20 1 22 4 22 8 13 16 3 23 5 18 15 4 10 18
5 7 5 0 17 1 23 14 10 13 3 8 23 5 7 24 17 20 21 11
2 24 26 20 0 7 17 20 25 16 19 14 18 3 14 24 23 20 9 15
5 14 8 22 7 0 15 4 9 26 19 4 19 15 3 15 20 21 5 25
20 10 17 18 15 9 0 17 11 21 16 16 25 17 3 8 13 9 26 6
13 5 22 10 15 17 24 0 24 24 4 16 2 15 8 22 14 16 2 20
13 8 23 4 11 21 8 26 0 2 12 11 22 24 14 14 18 10 23 23
16 2 7 4 26 13 20 21 12 0 21 10 18 18 14 13 20 26 1 5
9 5 1 4 16 26 16 16 4 14 0 20 24 3 6 26 24 18 26 16
23 7 17 6 11 17 2 20 12 11 14 0 6 19 9 4 13 11 1 2
17 17 16 16 17 13 1 9 14 16 5 1 0 3 20 2 25 17 9 10
20 2 7 10 6 26 11 19 20 25 21 19 23 0 2 4 20 18 9 3
7 8 1 12 22 2 24 9 4 24 6 10 3 7 0 3 22 3 3 22
17 21 21 3 20 8 2 24 18 23 21 6 25 8 4 0 16 7 19 12
16 8 25 1 2 26 4 1 15 21 9 5 14 5 7 13 0 19 5 17
8 5 5 14 20 21 12 16 18 22 23 2 19 20 8 3 21 0 15 19
19 24 15 17 14 7 22 6 22 3 16 17 6 10 26 20 25 25 0 22
14 23 24 15 14 18 26 24 8 17 18 16 20 4 20 10 7 25 11 0

0 20 21 1 8 9 2 5 26 12 19 7 17 5 6 6 25 9 24 7
18 0 4 11 26 26 11 10 10 12 1 5 17 24 11 22 13 20 20 8
1 13 0 14 13 19 13 25 24 12 15 9 13 19 19 12 18 7 1 14
22 7 5 0 11 11 24 1 17 10 8 19 23 3 6 17 9 14 22 22
16 20 8 22 0 8 20 16 18 20 8 14 7 21 14 24 22 15 13 26
12 4 1 10 6 0 12 15 24 14 26 14 24 1 10 26 1 18 8 4
13 8 24 19 21 20 0 14 11 15 14 26 18 6 11 3 15 10 15 26
16 12 9 20 11 24 20 0 17 25 16 17 18 21 9 1 20 6 17 12
26 14 3 9 13 15 26 22 0 14 14 11 23 15 24 7 5 25 25 20
6 9 1 11 18 24 11 15 4 0 18 23 8 4 13 15 12 22 19 11
4 5 18 6 24 1 17 8 18 23 0 4 9 16 7 20 7 1 9 21
23 2 13 11 17 16 14 6 25 21 2 0 5 1 7 24 14 12 12 14
18 1 21 15 23 11 9 3 11 19 13 8 0 4 23 15 6 16 4 18
6 25 5 10 2 25 20 18 26 21 18 13 7 0 21 18 12 25 25 17
21 18 21 21 14 11 8 8 6 11 19 6 21 16 0 8 22 18 2 7
20 1 12 3 17 2 11 18 17 13 21 5 18 1 26 0 2 10 18 1
22 14 8 14 22 23 13 13 15 11 18 2 3 9 8 3 0 23 5 12
9 20 15 9 5 22 17 20 18 10 17 23 15 16 2 14 12 0 25 22
6 3 12 26 16 20 22 8 12 19 11 22 14 15 23 16 4 7 0 2
13 24 1 22 8 26 24 15 16 8 8 9 18 26 26 15 26 14 11 0

0 11 7 11 10 8 12 17 10 2 16 22 15 1 26 19 21 3 11 1
6 0 19 4 5 4 20 14 4 16 23 16 1 12 25 19 10 11 9 4
14 18 0 26 5 11 20 7 11 17 22 2 19 15 21 17 21 15 18 21
26 11 3 0 18 13 22 1 10 5 14 15 18 21 26 2 14 15 4 11
24 22 15 15 0 23 20 12 19 18 24 5 12 20 23 3 18 25 13 11
18 15 15 1 2 0 17 5 19 19 14 23 15 14 26 1 25 2 4 10
20 18 13 7 12 4 0 14 3 19 16 10 23 13 7 10 2 4 8 17
16 14 9 19 7 24 21 0 21 26 6 6 9 21 26 1 18 10 9 17
25 5 7 13 5 23 21 19 0 13 16 4 15 16 13 14 2 13 7 14
18 8 15 6 24 19 7 10 11 0 11 10 1 19 10 24 17 4 18 17
19 20 15 19 22 10 20 14 20 1 0 6 21 25 19 11 18 7 6 2
18 2 10 2 24 15 7 13 2 19 12 0 6 13 7 15 9 3 24 25
16 19 13 23 23 17 9 17 5 8 20 15 0 9 3 25 25 20 7 4
2 5 20 14 8 23 13 12 14 24 4 17 4 0 23 14 14 15 14 3
23 10 26 5 26 8 13 19 8 14 12 2 4 11 0 15 26 22 6 9
18 13 15 5 23 10 24 1 24 19 3 5 14 2 20 0 16 16 10 1
22 12 4 20 11 17 3 5 12 10 11 5 26 17 12 18 0 26 3 24
3 22 20 5 9 10 5 4 2 15 12 15 2 13 25 23 20 0 12 3
23 23 26 17 25 19 2 3 4 11 15 2 17 15 18 22 22 18 0 4
1 19 23 15 2 23 14 25 8 20 6 14 2 7 12 16 25 7 11 0
