20 10 3
10    1  8 52    1  7 26    1  6 71    1  9 16    2  2 34  7 34    1  1 21    1  5 95    1  4 21    1  0 53    1  3 55
10    1  4 55    1  5 98    2  3 39  5 39    1  9 79    1  0 12    1  8 77    2  6 77  5 77    1  7 66    1  2 31    1  1 42
10    1  5 37    2  4 92  9 92    1  2 64    1  6 54    1  1 19    1  7 43    1  0 83    1  3 34    2  9 79  3 79    1  8 62
10    1  1 87    2  5 77  2 77    1  0 93    1  3 69    1  2 87    1  7 38    1  8 24    1  6 41    1  9 83    1  4 60
10    1  2 98    1  5 25    2  6 75  0 75    1  9 77    1  1 49    2  3 17  2 17    1  8 79    1  0 44    2  7 43  5 43    2  4 96  7 96
10    2  1 7  7 7    1  4 61    1  0 95    1  2 35    1  9 10    1  8 35    1  5 28    1  3 76    1  7 95    1  6 9
10    1  5 59    1  9 43    1  0 46    1  4 28    1  6 52    1  3 16    1  2 59    1  1 91    1  8 50    1  7 27
10    1  5 9    2  9 43  2 43    1  8 14    1  7 71    1  4 20    1  6 54    1  3 41    1  0 87    1  1 45    1  2 39
10    1  1 28    2  8 66  4 66    1  0 78    1  2 37    1  9 42    1  3 26    1  5 33    1  6 89    1  4 33    1  7 8
10    1  4 96    1  3 27    2  6 78  4 78    1  5 84    1  2 94    1  8 69    1  1 74    1  9 81    1  7 45    1  0 69
10    1  4 24    1  7 32    1  9 25    1  2 17    2  3 87  7 87    1  8 81    1  5 76    1  6 18    1  1 31    1  0 20
10    2  8 90  1 90    1  5 28    1  1 72    1  7 86    1  2 23    1  3 99    1  6 76    1  9 97    1  4 45    1  0 58
10    1  2 17    2  4 98  8 98    1  3 48    1  1 46    2  8 27  6 27    1  6 67    1  7 62    2  0 42  4 42    1  9 48    1  5 27
10    2  0 80  1 80    1  8 50    1  3 19    1  7 98    1  5 28    1  2 50    1  4 94    2  6 63  0 63    1  1 12    1  9 80
10    1  9 72    2  0 75  9 75    1  4 61    1  8 79    1  6 37    1  2 50    1  5 14    1  3 55    1  7 18    2  1 41  3 41
10    1  3 96    1  2 14    1  5 57    1  0 47    1  7 65    1  4 75    1  8 79    1  1 71    1  6 60    1  9 22
10    2  1 31  8 31    1  7 47    1  8 58    1  3 32    1  4 44    1  5 58    1  6 34    1  0 33    1  2 69    1  9 51
10    1  1 44    1  7 40    1  2 17    1  0 62    1  8 66    1  6 15    1  3 29    3  9 38  7 38  4 38    1  5 8    1  4 97
10    1  2 58    2  3 50  5 50    1  4 63    1  9 87    1  0 57    1  6 21    1  7 57    1  8 32    1  1 39    1  5 20
10    1  1 85    1  0 84    1  5 56    1  3 61    1  9 15    1  7 70    1  8 30    1  2 90    1  6 67    1  4 20

0 16 1 17 19 24 23 1 7 9 13 22 2 5 1 18 15 5 1 25
17 0 10 19 12 3 7 8 5 8 6 18 18 22 24 8 9 18 24 4
6 9 0 20 6 18 8 6 15 1 20 3 8 17 4 20 7 7 10 14
14 23 1 0 21 7 18 18 19 23 19 15 11 19 17 2 7 7 4 3
12 8 17 8 0 4 9 26 6 2 27 8 18 14 20 7 2 15 14 15
19 26 20 20 14 0 16 26 20 16 13 13 17 19 3 5 25 23 14 6
27 4 11 9 21 12 0 12 27 17 24 5 19 12 20 23 10 20 19 25
2 19 15 11 18 22 13 0 8 8 14 13 17 9 7 14 15 23 21 7
9 10 20 14 16 23 18 8 0 21 17 17 16 23 11 15 21 22 11 14
22 12 19 17 7 23 12 13 3 0 10 21 21 7 4 26 24 5 8 26
3 14 17 18 26 26 7 20 20 27 0 7 14 17 3 26 1 17 11 3
25 7 11 7 26 22 17 24 8 4 1 0 13 23 22 24 18 20 4 4
8 9 10 19 5 20 3 26 4 20 13 12 0 16 9 26 2 13 21 2
22 6 7 19 25 5 17 12 15 11 17 23 25 0 9 26 8 23 13 25
6 12 27 21 4 16 6 12 20 18 10 5 11 2 0 15 21 8 17 23
11 8 21 10 26 25 7 18 27 21 7 2 5 26 5 0 13 27 17 8
11 15 23 25 2 17 21 5 27 26 2 15 18 17 3 6 0 11 19 18
1 16 21 22 12 27 25 5 10 7 3 22 5 20 7 27 6 0 10 8
5 14 7 6 10 24 27 11 1 8 4 8 26 19 20 26 8 11 0 16
26 11 22 24 9 24 21 15 8 13 22 17 12 14 24 18 8 5 1 0

0 16 7 3 14 11 19 27 13 2 20 5 13 5 16 23 6 27 27 2
18 0 2 20 2 10 12 13 1 2 13 7 2 25 10 2 7 10 9 19
15 10 0 18 12 4 9 2 3 9 14 26 18 19 27 14 17 12 14 11
20 9 14 0 25 9 13 12 23 20 13 24 7 4 11 25 24 26 6 24
12 27 9 5 0 11 5 7 16 8 20 5 13 3 18 13 25 7 14 19
1 8 10 17 18 0 14 23 18 18 26 13 27 3 25 1 3 9 12 6
10 17 22 25 24 27 0 11 27 8 24 18 9 1 6 17 13 6 22 8
24 3 1 16 5 10 7 0 2 20 2 5 14 17 17 5 25 6 7 6
22 16 12 10 7 26 15 18 0 25 21 24 1 16 16 16 21 17 9 23
5 22 19 2 5 5 7 7 7 0 22 20 18 21 24 26 19 23 10 5
5 3 14 19 8 26 23 21 25 13 0 4 8 3 24 24 12 24 2 12
20 25 4 21 12 10 17 6 18 24 16 0 11 13 18 7 1 21 8 22
13 18 1 3 17 12 18 4 22 3 9 10 0 21 2 4 20 26 3 26
25 16 1 26 5 23 1 8 4 19 10 16 23 0 15 21 24 7 19 5
27 17 19 26 20 10 21 2 11 9 25 8 21 13 0 19 17 9 14 8
16 13 23 13 3 19 10 25 27 27 2 27 22 5 27 0 17 27 23 7
19 8 17 23 7 25 27 15 14 22 16 14 26 1 25 14 0 11 18 23
17 22 5 11 9 13 5 26 19 24 14 12 1 6 3 24 16 0 27 13
18 22 24 21 1 24 23 25 23 26 19 17 21 11 12 19 7 27 0 23
22 13 5 8 6 27 21 9 1 16 9 8 2 15 18 17 27 4 27 0

0 24 9 1 14 6 9 16 1 23 8 7 17 22 21 14 1 12 11 26
4 0 14 20 24 1 23 8 19 23 26 13 3 17 2 6 5 18 9 18
18 13 0 6 2 9 24 3 19 25 23 6 24 7 21 12 6 20 6 25
7 5 14 0 17 3 26 9 9 1 12 24 21 11 1 21 5 1 25 12
9 7 11 10 0 18 3 11 2 5 3 27 26 3 24 6 5 10 26 24
20 7 22 6 22 0 10 14 17 23 18 17 27 26 1 19 13 18 8 19
6 19 22 12 10 22 0 12 22 5 5 9 27 21 4 16 7 10 2 16
18 12 7 13 21 23 1 0 14 25 22 24 10 12 27 26 14 6 15 24
1 26 21 25 17 20 27 6 0 12 27 10 2 1 9 14 10 4 22 17
25 24 12 23 3 27 11 12 12 0 3 12 4 3 16 1 5 3 10 2
15 23 27 18 15 14 9 23 9 9 0 5 10 3 17 9 9 21 11 19
15 26 20 15 17 1 20 26 20 27 7 0 1 9 23 23 16 17 15 5
14 17 2 21 20 25 26 5 1 25 3 10 0 12 7 15 6 21 6 13
3 5 18 19 20 5 13 13 11 23 17 15 22 0 8 23 18 2 13 26
1 3 3 16 25 23 6 23 9 10 22 3 19 22 0 10 10 23 25 9
16 20 22 3 11 27 4 24 19 14 2 10 24 24 2 0 3 21 7 8
3 1 3 2 11 15 5 27 1 2 23 14 20 15 24 22 0 7 26 23
5 9 10 12 3 17 24 15 20 17 13 24 13 11 15 23 16 0 23 5
23 16 15 16 22 22 23 2 25 11 9 12 13 11 16 13 3 4 0 27
16 21 18 25 17 19 13 26 2 17 24 3 1 6 13 7 20 24 18 0

0 17 19 15 25 7 12 9 4 2 20 21 3 22 12 24 9 11 5 15
17 0 8 4 11 25 3 26 3 11 22 10 4 7 8 12 24 16 20 26
23 2 0 4 7 8 9 22 8 16 26 16 6 26 12 10 24 18 18 4
15 27 4 0 6 6 22 15 25 4 15 9 11 11 16 25 4 21 11 15
26 24 19 2 0 11 8 20 27 18 4 2 23 16 2 17 15 9 10 13
25 14 27 8 10 0 13 25 18 12 8 18 5 10 16 21 3 2 20 5
6 16 11 21 9 18 0 23 16 6 24 19 19 2 20 17 10 1 18 22
11 19 5 17 3 11 18 0 25 3 24 23 19 7 17 13 1 5 6 21
4 13 7 2 23 26 13 21 0 10 25 25 27 26 18 9 19 8 24 27
18 12 12 24 19 7 2 18 22 0 23 18 10 1 3 19 23 25 24 18
16 16 4 11 15 15 5 26 13 8 0 1 8 3 8 9 23 23 11 6
19 19 25 19 7 5 25 21 9 12 20 0 14 21 21 5 22 18 17 22
8 4 4 19 20 26 24 27 13 20 7 18 0 5 27 14 17 14 25 9
13 13 19 22 13 1 23 17 16 21 3 10 26 0 27 2 3 2 16 22
2 24 6 26 6 17 23 1 17 27 4 1 18 26 0 4 5 25 27 7
14 22 11 18 24 21 10 24 2 23 19 11 18 8 15 0 16 6 5 3
2 9 18 23 4 18 12 9 17 5 5 2 4 5 13 25 0 11 4 4
26 8 7 17 3 16 10 5 4 25 5 27 9 27 1 1 25 0 14 5
18 20 20 6 11 11 1 10 27 22 16 27 7 20 25 1 21 7 0 25
22 17 24 23 24 27 4 24 23 7 22 18 12 16 2 10 16 8 23 0

0 3 4 27 9 24 3 2 24 11 26 12 27 27 26 24 24 4 23 18
20 0 25 23 4 25 27 16 12 14 23 23 12 10 10 6 20 21 16 1
22 23 0 25 21 20 22 27 8 22 12 7 11 20 22 1 20 23 3 3
2 15 16 0 23 16 22 19 2 18 18 14 14 18 11 18 26 21 2 27
3 3 12 4 0 9 4 1 14 7 15 2 11 11 15 17 14 21 19 22
3 2 23 20 3 0 22 24 27 5 13 21 13 1 21 5 7 3 13 20
8 15 25 2 11 6 0 26 19 23 3 3 27 4 4 1 3 27 7 26
21 6 11 10 13 21 6 0 1 22 5 5 9 21 14 27 19 4 1 8
9 23 5 16 9 9 9 3 0 1 27 19 21 17 16 21 1 25 17 25
20 6 10 25 17 19 13 1 19 0 27 13 1 24 3 2 15 18 16 23
5 16 3 23 2 3 9 23 16 17 0 18 4 18 11 12 18 15 10 9
11 21 5 23 17 18 26 20 13 27 27 0 11 2 1 14 5 2 5 15
12 27 26 3 26 25 20 18 25 26 21 22 0 3 27 5 22 14 6 23
5 19 24 2 25 11 12 22 15 9 27 18 11 0 23 24 22 26 20 8
26 9 21 3 8 14 27 8 18 6 19 23 19 4 0 22 12 5 20 16
16 2 23 6 17 3 3 1 3 1 2 7 14 25 16 0 7 19 4 23
11 26 27 27 5 5 4 10 23 13 10 2 22 11 20 23 0 4 7 17
25 9 20 1 13 1 10 18 20 11 9 10 16 21 13 25 24 0 26 15
14 24 3 15 18 25 12 1 1 19 9 10 13 22 17 8 3 18 0 12
5 7 27 25 19 1 1 12 14 1 8 10 24 23 19 3 7 24 20 0

0 8 7 14 22 25 27 14 23 5 9 5 19 25 26 27 16 14 17 17
20 0 8 14 13 1 25 24 8 20 18 7 5 2 4 10 25 14 10 14
27 11 0 23 11 18 22 21 14 13 18 13 3 10 8 21 23 16 26 10
21 23 13 0 23 4 9 13 11 24 10 12 2 1 21 22 26 18 10 23
13 21 20 18 0 7 21 10 23 10 11 2 6 10 23 1 3 7 25 2
19 23 23 15 18 0 4 7 6 11 27 22 10 2 20 10 17 26 10 15
19 12 23 17 12 24 0 21 9 27 8 17 2 18 8 16 19 25 19 27
5 13 22 14 19 13 18 0 14 2 25 12 25 14 26 3 19 1 13 8
9 11 12 23 2 23 6 1 0 2 17 21 19 22 4 25 24 19 3 25
10 2 10 5 19 15 6 19 3 0 17 4 5 5 5 19 5 22 15 8
15 17 4 9 16 19 7 7 18 4 0 2 26 14 13 11 16 1 10 16
3 17 5 7 7 14 9 10 22 4 22 0 5 27 25 19 23 24 18 10
24 16 20 22 16 24 4 16 27 20 18 12 0 21 18 8 11 27 4 15
22 22 22 22 19 3 14 8 11 27 27 9 11 0 3 20 9 7 15 24
9 24 24 4 24 26 9 5 21 12 21 11 20 19 0 15 14 11 14 25
24 20 6 19 19 22 10 6 15 8 16 26 27 2 3 0 26 14 22 19
1 16 10 23 20 15 23 23 11 5 12 11 13 27 14 13 0 23 27 15
12 13 10 2 14 27 23 9 2 23 7 4 2 21 19 1 12 0 11 11
8 22 15 8 16 3 2 3 17 22 9 25 22 26 3 8 20 22 0 12
17 7 21 8 22 19 16 21 12 1 14 26 11 3 2 21 26 1 26 0

0 18 25 7 21 25 27 26 21 14 14 6 1 7 27 2 15 12 10 13
11 0 7 10 17 9 14 24 19 27 26 1 16 1 24 3 3 18 12 16
1 19 0 3 8 25 27 21 15 19 24 21 11 17 6 14 14 15 18 21
20 2 21 0 17 12 7 11 26 18 1 2 15 18 2 4 18 27 26 5
2 12 19 25 0 5 2 11 19 14 11 22 2 2 17 24 23 2 25 23
7 10 22 7 27 0 25 15 24 19 9 25 6 4 22 12 14 23 21 24
21 5 9 10 18 2 0 11 27 3 18 11 15 15 10 19 15 18 27 21
10 15 19 25 9 5 19 0 17 1 12 18 10 21 20 2 21 13 21 1
19 8 14 18 7 11 25 14 0 6 27 8 2 7 13 25 20 7 9 20
16 23 7 7 22 26 18 24 4 0 16 7 20 22 1 17 26 3 20 8
14 16 18 13 12 20 26 11 1 9 0 21 22 10 19 24 27 7 17 19
14 14 24 2 2 14 23 2 17 20 20 0 24 24 7 4 21 7 27 19
4 14 26 11 21 13 25 18 20 13 6 18 0 26 24 14 9 6 12 4
24 13 3 14 23 12 14 23 3 24 20 6 12 0 10 3 2 1 24 23
23 24 10 4 23 22 18 2 21 2 20 8 8 21 0 19 13 18 18 20
12 15 8 17 20 12 19 4 9 27 13 2 14 22 13 0 16 11 5 2
17 16 1 8 8 7 27 25 12 20 15 18 2 7 14 22 0 10 23 3
20 13 2 7 20 19 25 23 24 21 2 4 10 23 15 22 27 0 3 26
23 5 22 6 22 9 17 12 24 11 17 19 13 19 5 13 9 23 0 5
1 27 2 20 12 4 15 20 25 11 2 7 9 27 23 18 1 14 25 0

0 13 15 6 20 6 6 17 11 12 14 25 11 7 20 25 18 23 22 23
15 0 16 7 1 25 4 4 8 20 21 1 21 21 7 27 21 8 2 18
6 17 0 21 25 15 21 20 10 1 16 24 15 10 8 27 7 22 6 18
4 4 2 0 25 23 26 6 11 5 6 17 14 23 9 24 20 9 7 18
26 9 9 23 0 7 2 19 17 27 13 27 7 19 3 27 23 4 12 11
17 13 26 27 13 0 23 10 23 15 20 25 5 19 3 27 2 18 10 5
15 20 8 3 15 4 0 27 24 14 2 22 18 26 24 1 10 27 21 21
19 27 26 26 22 23 2 0 2 5 5 14 21 21 1 15 19 11 3 24
1 25 19 27 11 8 5 15 0 12 20 21 1 8 15 20 3 10 14 25
6 23 5 21 1 13 15 10 15 0 14 21 22 5 6 6 13 19 18 3
5 26 3 3 19 26 15 2 6 13 0 24 23 7 16 3 15 26 8 5
10 27 11 21 13 14 15 16 23 13 22 0 27 6 3 3 9 6 19 9
6 23 21 3 20 9 5 22 10 21 25 3 0 18 15 7 21 20 23 20
4 5 15 12 13 10 22 19 20 7 7 23 22 0 19 17 8 23 2 13
17 9 27 11 7 8 17 24 1 11 7 15 22 6 0 6 11 22 1 23
20 16 19 15 2 15 16 12 23 19 22 27 24 25 22 0 17 24 27 21
13 17 20 4 3 9 24 22 24 10 6 26 3 9 17 10 0 6 19 20
17 20 10 26 2 24 7 21 12 16 27 23 25 9 7 4 24 0 24 5
14 26 26 17 22 23 15 4 6 11 12 11 10 2 19 25 13 9 0 23
26 3 15 5 21 7 17 10 17 1 12 16 25 26 1 2 16 12 24 0

0 27 16 22 4 27 14 17 3 20 23 25 26 10 15 26 20 4 14 24
25 0 26 24 8 21 15 21 9 8 24 13 11 26 13 5 7 8 17 17
7 7 0 2 24 13 25 21 15 22 13 12 23 9 4 4 9 24 4 21
1 15 12 0 26 16 4 14 11 13 9 23 1 5 1 9 15 23 1 19
4 24 13 9 0 27 8 22 26 26 21 6 11 27 21 3 7 5 18 26
21 2 5 25 5 0 19 10 15 2 16 26 7 24 25 6 19 26 14 1
12 16 17 9 3 8 0 8 21 2 2 11 16 22 23 23 7 27 17 11
27 23 15 17 4 22 20 0 3 23 17 9 14 22 26 14 9 19 26 17
11 10 3 20 16 15 21 5 0 18 19 14 6 26 20 8 9 19 24 26
9 21 27 1 22 4 24 26 3 0 8 7 17 13 6 11 16 6 3 14
13 9 3 3 5 1 9 12 18 14 0 27 19 20 1 1 24 27 20 3
12 16 21 22 10 26 14 13 7 26 8 0 10 15 15 19 20 2 9 4
11 1 2 16 12 22 10 3 27 20 19 22 0 25 16 2 3 20 14 11
1 13 11 10 7 7 7 23 2 8 21 18 22 0 4 20 5 9 17 5
6 25 19 8 15 7 25 23 4 6 9 18 22 17 0 1 9 6 2 7
22 7 21 17 13 13 10 20 22 12 5 21 22 17 21 0 8 19 17 26
1 27 4 1 27 3 25 1 5 27 10 6 25 8 3 15 0 27 21 23
22 5 26 12 22 15 15 14 12 13 8 20 23 22 20 23 27 0 18 6
12 13 19 2 17 8 27 2 1 21 27 10 19 20 23 1 25 14 0 11
5 10 11 1 19 21 26 6 14 14 25 7 6 17 5 5 16 5 1 0

0 19 22 20 1 21 23 23 27 13 6 25 14 8 3 3 13 2 19 27
16 0 20 17 9 1 9 8 27 8 8 13 10 4 26 25 3 16 3 15
25 27 0 11 26 23 7 2 26 20 14 19 22 22 27 6 24 21 26 18
14 10 18 0 22 17 23 11 5 3 18 10 7 5 13 3 6 23 17 8
14 16 27 19 0 18 27 12 20 6 21 5 16 18 12 12 13 5 24 22
4 16 22 7 8 0 25 7 10 22 4 9 17 25 21 12 5 23 27 14
3 2 4 25 1 19 0 24 2 3 16 11 2 1 6 27 1 19 23 24
12 10 8 14 26 17 25 0 5 12 17 2 8 24 4 22 5 14 6 5
12 27 8 10 23 24 21 6 0 20 12 13 6 2 13 23 4 2 11 17
6 16 8 26 14 23 7 12 11 0 5 9 7 21 26 23 26 20 13 2
24 11 27 9 7 14 6 16 17 10 0 7 3 23 26 10 25 13 20 19
5 2 5 21 1 22 8 5 26 4 21 0 11 10 6 3 26 3 16 5
11 21 25 22 1 7 23 12 10 12 23 19 0 14 17 25 21 17 23 7
16 15 13 18 26 26 5 11 17 17 7 5 14 0 19 12 1 22 19 10
18 26 9 4 25 18 19 22 26 22 17 23 5 26 0 7 10 13 10 4
22 27 17 23 8 21 10 8 17 3 20 9 11 13 23 0 13 19 12 5
13 26 16 21 22 1 3 18 20 4 18 2 16 10 27 26 0 10 9 7
12 18 14 4 1 4 26 4 8 1 26 11 2 24 25 19 21 0 15 14
15 6 27 27 13 24 5 13 23 26 19 24 18 6 3 22 15 14 0 26
27 8 2 4 18 5 24 8 11 16 3 24 4 25 21 14 27 13 4 0
