15 10 3
10    1  7 84    1  5 58    2  8 77  2 77    2  2 44  5 44    1  4 97    2  6 89  7 89    2  3 5  7 5    3  1 58  9 58  6 58    3  9 96  3 96  0 96    3  0 9  6 9  2 9
10    2  6 21  2 21    2  1 87  5 87    2  4 15  3 15    3  5 39  8 39  3 39    3  2 81  3 81  7 81    2  3 85  6 85    1  7 31    3  8 57  0 57  4 57    3  9 73  3 73  7 73    3  0 77  3 77  9 77
10    1  0 40    2  5 71  6 71    1  8 34    3  9 82  2 82  1 82    1  3 70    2  6 22  9 22    3  4 10  1 10  9 10    1  7 80    3  2 48  9 48  1 48    1  1 49
10    3  5 75  1 75  2 75    2  2 17  4 17    3  3 7  1 7  7 7    2  6 72  2 72    1  4 11    1  7 62    2  8 47  0 47    2  9 35  0 35    2  1 91  9 91    2  0 55  8 55
10    3  9 20  2 20  0 20    1  4 12    1  6 71    2  7 67  1 67    2  0 64  4 64    3  2 94  7 94  5 94    2  8 15  1 15    3  5 50  8 50  4 50    2  3 75  2 75    3  1 90  7 90  2 90
10    1  6 93    2  5 93  4 93    1  1 57    2  7 70  5 70    3  8 77  6 77  9 77    1  4 58    2  0 52  2 52    3  2 29  7 29  5 29    2  9 7  1 7    2  3 68  6 68
10    1  7 56    2  0 95  8 95    3  8 48  1 48  2 48    1  4 26    1  2 82    1  1 63    3  9 36  2 36  7 36    1  3 27    2  6 87  0 87    1  5 6
10    2  3 76  6 76    3  5 15  0 15  2 15    2  9 78  5 78    2  1 8  4 8    1  8 41    1  2 36    1  4 30    3  6 84  1 84  4 84    3  0 36  9 36  7 36    3  7 76  1 76  8 76
10    1  0 75    3  7 13  8 13  9 13    1  2 81    2  8 29  0 29    3  4 54  0 54  8 54    2  6 82  8 82    3  5 88  2 88  1 88    1  1 78    1  9 40    3  3 13  0 13  7 13
10    3  2 6  0 6  4 6    1  1 26    3  7 32  0 32  9 32    1  6 64    2  4 54  3 54    3  0 52  2 52  5 52    1  5 82    1  3 6    1  9 88    3  8 54  3 54  6 54
10    3  8 62  3 62  6 62    3  2 67  0 67  1 67    1  5 32    2  0 62  1 62    1  7 69    1  3 61    2  1 35  7 35    2  4 72  0 72    2  9 5  6 5    3  6 93  8 93  2 93
10    3  2 78  5 78  9 78    3  9 90  8 90  1 90    3  0 85  4 85  7 85    2  1 72  7 72    3  8 64  0 64  6 64    2  6 63  9 63    2  3 11  9 11    3  7 82  2 82  4 82    2  5 88  8 88    2  4 7  8 7
10    2  4 28  3 28    1  9 11    1  7 50    2  6 88  2 88    1  0 44    1  5 31    1  2 27    3  1 66  2 66  4 66    3  8 49  0 49  4 49    2  3 35  8 35
10    2  2 14  6 14    1  5 39    2  6 56  1 56    2  4 62  6 62    2  3 97  1 97    3  9 66  3 66  4 66    3  7 69  4 69  9 69    1  1 7    3  8 47  4 47  9 47    2  0 76  7 76
10    3  1 18  0 18  9 18    3  8 93  2 93  7 93    2  7 58  0 58    3  6 47  1 47  4 47    2  3 69  7 69    3  9 57  8 57  0 57    2  2 41  4 41    1  5 53    2  4 79  3 79    3  0 64  8 64  9 64

0 22 23 7 7 8 3 5 17 1 18 8 22 7 5
8 0 6 18 18 20 15 5 21 6 17 19 23 23 23
22 11 0 27 9 16 3 7 16 12 22 12 2 7 5
6 17 2 0 3 26 7 18 11 12 25 5 11 4 4
9 27 3 21 0 21 24 22 8 20 19 3 14 14 23
15 2 19 11 11 0 4 8 12 6 23 14 5 4 6
22 17 13 24 16 4 0 20 19 24 24 1 20 14 12
27 16 25 6 5 12 8 0 26 27 22 1 15 14 19
12 7 4 11 22 9 5 12 0 3 2 17 15 4 25
6 17 26 6 3 25 3 25 15 0 24 17 8 16 13
14 23 20 22 27 13 25 20 14 2 0 1 2 3 5
22 1 20 21 12 24 25 21 7 4 20 0 25 25 2
1 22 25 11 26 12 8 8 12 15 8 18 0 1 19
13 7 13 19 10 21 17 20 19 5 8 5 20 0 7
19 23 1 20 12 18 8 20 18 5 10 12 10 19 0

0 2 24 12 18 6 19 17 8 5 27 8 10 4 19
20 0 15 14 20 13 5 20 21 5 21 17 12 4 15
20 20 0 19 23 25 20 8 21 21 15 23 6 2 9
7 27 9 0 13 26 3 15 24 17 8 13 17 1 1
9 22 9 1 0 21 6 2 2 17 10 25 10 17 24
5 19 4 1 8 0 11 5 5 25 16 3 8 13 10
5 24 13 1 3 27 0 22 7 26 6 6 11 17 21
8 1 11 7 18 21 16 0 11 3 24 15 19 26 11
12 15 10 17 3 15 27 20 0 23 16 15 4 14 22
14 9 22 26 26 18 8 25 18 0 5 17 9 9 1
27 17 14 9 3 26 27 10 20 12 0 2 26 25 7
3 24 13 2 17 6 2 18 7 14 20 0 24 26 24
14 15 4 25 9 1 15 19 21 24 3 15 0 13 22
1 3 8 20 23 4 21 6 24 9 6 22 7 0 22
8 14 10 15 2 11 15 5 4 11 6 13 3 20 0

0 9 17 23 23 8 14 1 6 13 19 7 10 1 8
6 0 3 10 10 10 7 25 3 15 23 17 11 11 7
12 14 0 5 9 12 23 17 15 14 24 20 16 8 14
11 7 25 0 16 24 14 8 27 27 1 2 6 16 1
4 16 16 21 0 20 16 16 14 15 13 5 23 25 13
8 19 20 13 3 0 26 24 22 6 26 15 23 25 6
4 17 11 19 11 4 0 21 25 20 22 12 26 5 8
7 25 21 25 15 11 17 0 3 7 17 24 12 8 19
25 3 24 3 3 27 4 21 0 10 11 10 16 26 10
24 10 27 20 23 5 21 3 25 0 23 11 21 10 5
8 25 14 25 21 1 11 8 2 7 0 15 9 11 20
23 17 11 16 16 25 21 3 7 8 12 0 5 14 7
1 14 18 20 22 19 19 18 24 27 11 4 0 17 11
19 18 6 17 12 19 3 25 20 10 5 11 13 0 10
19 6 8 14 27 19 11 7 6 18 1 14 22 8 0

0 14 23 7 23 9 7 1 21 10 9 18 18 2 9
7 0 16 23 18 4 6 14 13 6 19 19 26 18 1
1 27 0 21 5 24 4 4 26 27 8 21 18 18 13
25 18 18 0 17 4 6 21 15 11 25 10 25 26 7
22 7 4 11 0 12 20 11 23 22 25 11 20 9 17
18 20 26 4 16 0 12 10 11 26 3 14 7 26 20
15 13 5 26 27 7 0 22 19 23 9 19 10 16 10
25 11 5 4 18 1 7 0 2 2 22 11 5 23 9
21 9 15 14 14 27 7 3 0 21 21 8 12 4 24
19 17 27 22 7 1 7 7 11 0 11 23 24 16 16
13 24 3 5 5 14 22 17 11 5 0 10 16 2 19
8 4 20 18 3 9 8 20 17 26 1 0 25 15 15
11 8 26 2 22 8 23 22 9 21 10 2 0 21 11
27 21 7 18 4 6 27 14 21 13 20 3 26 0 17
19 4 21 22 25 4 27 23 11 20 20 22 3 17 0

0 20 18 16 25 15 27 14 13 24 2 9 16 18 1
20 0 20 7 3 15 8 26 9 22 1 13 13 14 3
11 4 0 5 19 2 20 4 3 2 23 4 6 8 4
9 13 14 0 8 27 16 19 7 10 1 3 12 3 3
26 6 16 20 0 5 27 26 12 18 22 7 12 11 10
10 9 12 16 4 0 7 9 25 12 22 6 20 15 8
17 19 12 5 27 7 0 18 8 24 23 12 15 7 23
3 19 3 16 4 4 19 0 8 20 24 9 8 26 14
16 19 20 17 5 17 10 11 0 6 6 24 16 18 22
19 19 17 4 1 4 19 17 10 0 22 26 18 19 4
18 14 23 23 6 24 10 27 24 27 0 19 11 17 12
26 16 22 20 10 1 21 4 3 23 20 0 5 15 21
27 13 16 2 15 26 18 22 4 19 23 7 0 20 1
19 21 21 3 2 27 15 12 7 18 9 27 20 0 16
17 10 26 25 26 12 23 3 13 1 27 8 10 13 0

0 6 1 5 10 13 16 9 22 23 13 17 3 13 6
17 0 1 3 17 26 25 4 8 11 24 15 8 25 17
18 23 0 16 2 27 13 27 22 15 4 24 22 10 1
6 25 22 0 8 10 6 15 21 13 27 15 27 11 16
7 15 9 2 0 14 24 2 12 3 10 24 2 4 11
19 4 5 11 26 0 8 26 16 21 14 22 4 24 27
21 4 5 22 16 27 0 23 14 19 2 8 14 4 6
8 24 8 14 17 24 14 0 9 12 3 1 9 20 15
10 19 9 20 6 2 19 7 0 25 17 27 11 4 4
11 24 2 27 14 19 15 12 16 0 14 15 2 13 26
25 4 10 12 23 27 25 13 7 6 0 3 24 26 2
5 15 6 5 8 16 19 25 10 15 24 0 6 17 14
23 6 19 6 9 11 3 7 22 25 24 2 0 23 27
10 11 16 2 27 17 23 7 23 20 19 4 26 0 23
9 1 17 4 19 7 18 7 17 17 3 12 3 6 0

0 7 4 6 18 11 3 7 9 21 7 2 9 2 1
20 0 22 12 22 20 12 18 15 22 8 19 25 11 8
14 20 0 3 15 22 8 18 4 6 19 10 26 6 21
25 8 25 0 27 24 21 27 17 10 13 21 7 17 14
20 25 16 12 0 21 15 4 9 23 26 24 8 9 27
15 7 10 15 21 0 19 20 10 17 5 4 10 12 24
21 4 9 24 12 18 0 20 23 9 21 2 11 17 4
16 21 11 25 5 8 9 0 20 10 16 8 3 20 18
24 19 15 17 2 7 11 9 0 16 26 23 4 14 15
15 7 19 1 6 27 8 10 23 0 5 9 26 13 10
24 4 23 14 2 14 8 15 4 16 0 6 9 16 26
20 16 15 12 5 9 18 23 5 17 21 0 4 6 20
10 22 15 22 2 6 1 10 18 27 4 3 0 5 7
10 4 8 21 16 6 18 23 5 19 19 9 7 0 6
5 26 26 14 14 21 16 2 22 10 24 4 16 13 0

0 21 20 14 21 13 3 9 25 2 11 3 8 19 15
10 0 27 16 20 17 16 18 22 4 7 7 27 8 27
9 12 0 2 6 12 7 27 1 12 5 6 26 11 12
4 5 27 0 23 5 11 2 6 2 18 1 21 26 6
13 24 27 18 0 17 11 21 26 15 8 22 24 22 4
3 20 7 15 7 0 13 26 1 26 1 12 12 24 15
24 15 6 14 5 20 0 2 6 19 5 12 18 1 27
14 21 16 19 7 20 26 0 16 24 18 13 13 17 6
8 7 1 1 23 7 21 8 0 18 1 22 8 13 1
18 18 25 17 4 23 25 25 3 0 4 12 10 15 5
21 2 24 23 7 9 8 27 1 5 0 20 5 27 16
26 10 22 14 9 6 21 19 11 20 18 0 23 8 5
15 5 11 12 25 18 20 6 3 14 16 19 0 21 19
11 21 8 1 24 24 24 4 21 9 20 14 16 0 14
1 26 7 22 1 20 20 19 11 18 14 27 18 9 0

0 22 16 12 20 5 8 11 1 27 6 7 25 12 18
27 0 23 25 10 17 23 24 7 9 10 7 24 3 18
16 14 0 25 6 13 11 22 23 7 18 7 10 22 11
22 2 20 0 4 25 16 15 22 11 4 27 4 16 26
17 14 26 3 0 23 10 2 25 8 22 18 2 11 12
20 3 3 4 1 0 26 11 21 4 7 1 22 13 4
27 24 25 3 24 18 0 5 3 14 17 18 18 24 19
16 21 6 9 1 5 22 0 27 21 26 16 19 4 13
11 18 25 10 4 27 4 10 0 19 19 27 18 27 22
18 2 24 27 27 1 24 17 21 0 19 3 23 26 8
10 20 14 3 10 27 19 24 1 26 0 11 5 26 11
8 20 3 5 17 21 20 3 20 23 27 0 15 15 14
17 23 6 9 7 25 9 11 13 23 9 10 0 22 2
16 7 24 17 1 9 7 18 7 3 11 16 5 0 8
24 9 23 25 1 19 1 22 25 6 26 6 21 8 0

0 26 20 16 9 13 6 4 20 2 1 9 27 24 24
6 0 5 15 14 13 10 6 2 27 9 19 14 20 7
14 7 0 15 7 2 17 18 25 25 6 3 17 20 26
5 1 6 0 13 12 19 6 12 6 3 27 12 8 11
7 17 11 19 0 3 24 8 13 25 6 20 24 23 12
7 22 5 8 9 0 16 23 23 25 4 12 21 19 19
17 5 22 27 7 4 0 6 7 19 7 27 1 21 24
22 12 21 14 26 7 23 0 19 5 9 17 10 26 11
6 11 22 18 26 1 26 8 0 5 3 17 6 18 23
8 17 2 24 26 4 10 19 23 0 3 4 27 13 17
16 25 8 6 11 14 3 19 16 1 0 4 6 24 21
25 11 18 11 9 15 6 11 19 1 16 0 22 4 10
7 25 14 4 17 12 13 4 4 6 4 16 0 12 24
23 21 15 8 16 17 20 10 3 20 14 7 24 0 15
21 12 17 1 10 9 6 1 24 22 24 18 22 21 0
