10 10 3
10    1  6 9    1  1 81    2  4 55  2 55    2  2 40  5 40    1  8 32    2  3 37  7 37    2  0 6  7 6    3  5 19  9 19  6 19    3  9 81  3 81  0 81    3  7 40  6 40  2 40
10    2  7 21  2 21    2  2 70  5 70    2  9 65  3 65    3  4 64  8 64  3 64    3  1 46  3 46  7 46    2  5 65  6 65    1  8 25    3  0 77  8 77  4 77    3  3 55  9 55  7 55    3  6 15  3 15  9 15
10    1  2 85    2  5 37  6 37    1  0 40    3  3 24  2 24  1 24    1  1 44    2  6 83  9 83    3  4 89  1 89  9 89    1  8 31    3  7 84  9 84  1 84    1  9 29
10    3  4 80  1 80  2 80    2  6 77  2 77    1  7 56    3  0 8  1 8  3 8    3  2 30  4 30  1 30    1  5 59    2  3 38  0 38    2  1 80  0 80    2  9 41  1 41    1  8 97
10    2  0 91  3 91    2  6 40  0 40    1  4 88    1  1 17    2  2 71  1 71    2  3 50  4 50    3  9 59  7 59  5 59    2  8 80  1 80    3  5 56  8 56  4 56    2  7 7  2 7
10    3  2 8  7 8  4 8    2  6 9  4 9    1  3 58    2  5 77  4 77    2  1 29  9 29    1  8 96    2  0 45  2 45    3  9 10  7 10  5 10    2  4 54  1 54    2  7 36  6 36
10    1  4 70    2  3 92  8 92    3  1 98  8 98  2 98    1  5 87    1  6 99    1  7 27    3  8 86  2 86  7 86    1  9 96    2  0 28  6 28    2  2 73  6 73
10    3  1 95  0 95  2 95    2  7 92  5 92    2  3 85  4 85    1  4 52    1  6 81    1  9 32    3  8 39  1 39  4 39    3  0 59  9 59  7 59    3  2 41  1 41  8 41    1  5 56
10    3  3 60  8 60  9 60    1  8 45    2  0 88  4 88    3  2 12  8 12  0 12    1  1 7    3  5 22  2 22  1 22    1  4 93    1  9 49    3  7 69  0 69  4 69    1  6 27
10    3  0 21  9 21  4 21    2  2 61  3 61    3  3 68  2 68  5 68    1  5 26    1  6 82    1  9 71    3  8 44  3 44  6 44    3  4 99  3 99  6 99    3  7 33  0 33  1 33    1  1 84

0 18 9 9 22 27 17 10 3 16
17 0 3 26 21 5 11 14 7 2
2 4 0 12 12 9 20 5 9 6
25 23 11 0 21 22 21 25 23 10
14 2 7 18 0 15 19 18 9 3
12 1 17 8 21 0 13 18 4 21
11 6 1 4 12 25 0 26 21 4
25 19 11 21 4 17 1 0 21 9
24 18 6 8 20 8 7 9 0 2
1 10 22 18 10 10 13 11 11 0

0 23 12 23 7 25 9 22 11 3
15 0 26 6 18 24 5 2 15 14
12 21 0 3 22 5 20 16 25 8
26 1 7 0 3 19 4 22 3 9
11 14 9 3 0 12 20 4 20 20
19 10 16 23 19 0 18 16 27 5
2 13 19 25 17 2 0 21 17 8
1 12 3 12 3 23 3 0 14 26
5 26 13 6 23 7 6 20 0 5
17 24 14 1 12 10 22 16 2 0

0 1 22 1 21 25 6 18 9 10
21 0 3 10 12 26 27 23 1 11
11 27 0 15 4 3 10 15 20 23
18 8 22 0 27 11 25 8 3 10
27 15 10 17 0 10 1 24 22 7
3 21 11 25 14 0 7 27 18 24
23 9 16 20 10 17 0 7 10 18
10 26 17 13 12 15 15 0 5 10
2 12 7 6 2 23 27 9 0 14
25 15 22 4 24 11 20 3 9 0

0 24 24 15 5 12 11 25 12 26
18 0 12 14 4 16 15 11 9 5
27 1 0 14 11 4 17 15 3 7
24 17 1 0 5 7 11 1 16 5
11 25 12 1 0 13 9 21 14 10
1 25 23 5 6 0 7 24 26 10
8 15 5 26 10 27 0 1 9 9
27 22 20 20 17 14 8 0 16 6
16 14 4 20 10 20 25 24 0 16
13 24 1 5 11 24 20 8 25 0

0 23 2 16 19 16 24 6 12 26
20 0 9 23 25 11 8 9 27 23
6 11 0 18 22 5 24 16 2 8
25 17 14 0 13 26 5 2 13 24
13 21 24 16 0 3 8 22 22 19
2 22 22 14 13 0 12 1 21 5
24 22 6 4 16 25 0 12 12 13
19 26 20 22 23 7 4 0 7 27
16 1 11 25 26 5 27 11 0 11
2 18 11 4 1 16 27 7 21 0

0 19 17 16 16 22 3 5 19 1
25 0 10 5 7 3 9 20 2 4
26 7 0 1 1 23 20 21 25 26
22 9 25 0 25 27 1 6 23 10
5 9 2 20 0 5 1 21 17 5
5 14 26 7 20 0 11 6 7 6
11 13 21 7 17 27 0 14 26 26
15 8 16 20 13 24 20 0 24 27
17 8 12 9 17 17 16 13 0 2
13 24 23 19 2 21 19 13 6 0

0 12 16 25 20 14 17 22 16 19
15 0 26 24 20 24 9 21 19 4
16 7 0 22 3 24 20 2 16 23
19 21 3 0 7 22 26 26 23 21
7 8 25 24 0 3 7 26 12 9
6 20 11 2 1 0 1 3 27 22
15 18 1 17 13 17 0 22 27 2
18 4 5 21 20 12 7 0 4 5
21 20 16 13 7 20 19 27 0 12
19 11 3 27 27 2 7 20 19 0

0 20 7 11 11 6 1 10 12 3
24 0 14 9 18 15 25 22 20 15
2 5 0 7 20 18 12 2 6 11
11 20 1 0 19 3 18 22 21 2
17 16 27 24 0 23 9 16 5 1
6 19 4 15 16 0 3 13 16 21
10 14 17 12 9 19 0 26 1 21
23 27 8 20 21 10 12 0 14 13
20 21 2 1 9 7 6 22 0 24
16 6 12 17 11 26 14 17 2 0

0 25 17 21 18 25 21 21 1 6
18 0 4 27 22 15 12 12 16 4
25 11 0 26 6 19 25 18 20 9
6 21 2 0 11 10 1 22 18 8
9 6 5 11 0 13 8 23 22 18
7 27 24 20 6 0 3 1 9 6
16 7 6 24 18 27 0 22 13 19
16 11 8 11 3 26 2 0 23 26
10 3 24 26 4 14 5 20 0 18
19 22 6 9 4 9 23 14 16 0

0 3 23 6 14 15 14 25 12 1
8 0 17 11 10 21 23 24 10 22
9 22 0 8 22 11 22 24 5 26
9 9 21 0 24 3 21 7 12 2
14 15 3 20 0 2 24 27 22 26
2 19 6 9 4 0 25 11 11 18
23 25 16 19 17 9 0 9 15 7
6 2 19 3 15 13 6 0 25 16
10 2 10 9 16 12 26 17 0 19
26 4 17 6 6 8 13 10 3 0
