15 10 8
10    5  2 34  3 34  5 34  6 34  9 34    5  1 55  3 55  6 55  7 55  8 55    7  0 95  2 95  3 95  5 95  7 95  8 95  9 95    6  0 16  1 16  2 16  4 16  8 16  9 16    6  0 21  2 21  3 21  4 21  5 21  7 21    6  2 71  3 71  4 71  5 71  6 71  8 71    5  0 53  1 53  5 53  8 53  9 53    4  1 52  3 52  6 52  8 52    5  0 21  1 21  5 21  7 21  8 21    8  0 26  2 26  4 26  5 26  6 26  7 26  8 26  9 26
10    5  0 39  1 39  3 39  5 39  9 39    4  2 31  4 31  5 31  7 31    5  0 12  5 12  7 12  8 12  9 12    5  1 42  5 42  7 42  8 42  9 42    2  1 79  9 79    5  2 77  4 77  5 77  7 77  8 77    4  1 77  3 77  5 77  6 77    5  4 98  5 98  6 98  7 98  9 98    3  4 55  5 55  9 55    6  1 66  3 66  4 66  5 66  7 66  8 66
10    4  1 19  2 19  5 19  9 19    5  0 83  1 83  2 83  5 83  8 83    6  3 34  4 34  5 34  6 34  7 34  8 34    3  4 92  6 92  8 92    6  2 54  4 54  5 54  6 54  7 54  8 54    5  2 79  5 79  7 79  8 79  9 79    6  1 62  3 62  5 62  6 62  8 62  9 62    5  0 37  2 37  4 37  5 37  7 37    4  2 64  5 64  8 64  9 64    3  1 43  3 43  7 43
10    6  0 60  1 60  4 60  6 60  8 60  9 60    6  0 87  2 87  4 87  5 87  7 87  9 87    4  2 24  3 24  4 24  8 24    5  1 77  2 77  3 77  5 77  6 77    4  1 69  3 69  7 69  8 69    7  2 38  4 38  5 38  6 38  7 38  8 38  9 38    6  1 87  3 87  4 87  6 87  7 87  9 87    3  3 41  6 41  7 41    2  2 83  9 83    4  0 93  6 93  7 93  9 93
10    4  2 79  3 79  4 79  8 79    4  3 77  5 77  7 77  9 77    6  0 98  1 98  2 98  5 98  6 98  9 98    5  1 96  2 96  4 96  6 96  7 96    5  1 17  2 17  3 17  4 17  5 17    4  0 44  4 44  6 44  8 44    3  5 43  7 43  8 43    5  2 75  3 75  5 75  6 75  9 75    4  1 49  2 49  3 49  8 49    7  0 25  1 25  2 25  3 25  4 25  5 25  6 25
10    6  2 35  3 35  5 35  6 35  8 35  9 35    4  3 95  4 95  6 95  7 95    2  4 9  6 9    6  0 10  1 10  2 10  4 10  6 10  9 10    6  0 35  2 35  4 35  5 35  7 35  9 35    5  1 7  2 7  4 7  5 7  6 7    5  1 28  2 28  5 28  7 28  8 28    5  0 61  1 61  4 61  8 61  9 61    3  0 95  1 95  3 95    8  1 76  3 76  4 76  5 76  6 76  7 76  8 76  9 76
10    5  3 28  4 28  7 28  8 28  9 28    7  1 59  2 59  3 59  5 59  6 59  7 59  9 59    5  3 16  4 16  6 16  8 16  9 16    4  1 43  5 43  7 43  9 43    3  0 46  1 46  5 46    2  2 50  8 50    5  1 52  2 52  4 52  6 52  7 52    6  0 27  2 27  3 27  6 27  7 27  8 27    6  1 59  2 59  3 59  4 59  8 59  9 59    3  1 91  4 91  8 91
10    3  2 9  5 9  6 9    4  2 20  4 20  5 20  6 20    4  2 39  3 39  5 39  6 39    5  0 54  2 54  4 54  6 54  9 54    5  0 45  1 45  3 45  5 45  7 45    4  4 71  6 71  7 71  9 71    4  0 87  5 87  7 87  9 87    8  0 41  2 41  3 41  4 41  5 41  6 41  8 41  9 41    6  0 43  1 43  3 43  4 43  5 43  9 43    7  1 14  2 14  3 14  5 14  6 14  8 14  9 14
10    7  1 28  2 28  4 28  5 28  6 28  7 28  8 28    2  3 33  5 33    4  0 78  1 78  3 78  7 78    6  0 26  1 26  2 26  3 26  4 26  5 26    7  0 37  1 37  2 37  3 37  7 37  8 37  9 37    4  5 8  7 8  8 8  9 8    2  0 66  8 66    2  4 89  6 89    4  0 42  2 42  5 42  9 42    3  1 33  4 33  5 33
10    6  0 94  2 94  3 94  4 94  5 94  8 94    8  0 84  1 84  3 84  4 84  5 84  6 84  7 84  9 84    6  1 78  2 78  5 78  6 78  7 78  8 78    5  0 81  2 81  3 81  8 81  9 81    6  1 74  5 74  6 74  7 74  8 74  9 74    2  2 27  3 27    6  0 69  1 69  2 69  5 69  7 69  8 69    6  0 69  1 69  4 69  5 69  6 69  7 69    3  5 45  7 45  8 45    4  1 96  2 96  3 96  4 96
10    6  1 31  2 31  3 31  5 31  6 31  9 31    4  1 24  3 24  4 24  5 24    5  0 20  1 20  2 20  4 20  6 20    4  1 17  2 17  5 17  6 17    5  0 25  1 25  6 25  7 25  9 25    5  1 81  3 81  5 81  8 81  9 81    2  5 76  7 76    5  0 87  2 87  3 87  6 87  7 87    3  4 32  7 32  8 32    4  0 18  1 18  6 18  8 18
10    4  0 28  5 28  6 28  9 28    7  0 97  1 97  2 97  3 97  5 97  8 97  9 97    6  0 58  1 58  2 58  4 58  5 58  9 58    5  0 45  3 45  4 45  8 45  9 45    4  0 76  4 76  6 76  9 76    4  1 99  3 99  4 99  6 99    6  0 23  1 23  2 23  3 23  4 23  5 23    4  0 72  1 72  7 72  9 72    4  1 90  3 90  4 90  8 90    5  0 86  2 86  4 86  6 86  7 86
10    2  5 27  9 27    5  1 48  4 48  5 48  6 48  9 48    6  0 27  2 27  5 27  6 27  7 27  8 27    3  0 62  6 62  7 62    6  1 98  3 98  4 98  5 98  7 98  9 98    7  0 67  1 67  2 67  3 67  5 67  6 67  7 67    5  0 48  3 48  5 48  8 48  9 48    3  0 42  2 42  7 42    5  1 46  2 46  5 46  7 46  8 46    4  2 17  3 17  4 17  5 17
10    5  1 12  3 12  4 12  7 12  9 12    4  0 50  3 50  4 50  8 50    5  0 80  2 80  3 80  4 80  6 80    4  2 50  6 50  8 50  9 50    4  0 80  4 80  5 80  9 80    4  2 19  3 19  4 19  9 19    4  0 28  5 28  7 28  8 28    4  1 63  6 63  7 63  8 63    3  4 94  5 94  9 94    7  0 98  1 98  2 98  4 98  5 98  6 98  7 98
10    5  1 61  3 61  4 61  5 61  9 61    7  1 55  2 55  3 55  4 55  5 55  8 55  9 55    3  4 37  6 37  8 37    5  0 14  2 14  4 14  5 14  6 14    5  1 50  2 50  3 50  5 50  7 50    3  3 79  8 79  9 79    5  1 41  3 41  5 41  7 41  8 41    7  1 72  2 72  3 72  5 72  6 72  7 72  9 72    8  0 18  1 18  2 18  4 18  6 18  7 18  8 18  9 18    4  0 75  3 75  4 75  9 75

0 25 24 21 10 15 4 15 2 26 6 2 7 24 6
4 0 22 9 15 9 25 20 11 3 26 17 9 20 5
20 14 0 22 1 2 11 3 10 25 18 19 3 27 9
1 27 23 0 15 23 26 22 17 18 22 4 19 22 6
20 1 1 21 0 2 14 12 2 9 1 10 18 15 19
17 6 18 23 1 0 18 9 25 21 13 14 12 20 1
25 17 25 25 27 27 0 26 8 18 11 22 27 4 23
22 24 21 24 26 14 15 0 3 14 21 4 9 13 5
27 22 16 26 5 7 19 4 0 27 25 21 10 16 5
8 10 16 18 20 10 18 27 18 0 12 22 11 15 27
18 23 1 27 17 17 24 10 13 25 0 20 16 13 18
12 11 7 10 17 12 27 19 20 26 1 0 8 8 11
4 8 19 13 14 27 21 8 17 4 13 20 0 1 7
19 2 13 22 6 10 20 12 19 13 15 24 27 0 5
15 6 19 8 14 12 22 11 1 12 9 26 3 4 0

0 8 4 24 24 11 4 9 26 7 14 20 27 18 1
14 0 9 20 7 26 20 9 5 14 25 20 15 26 22
7 12 0 3 11 18 9 27 15 16 17 18 17 13 17
23 1 8 0 5 6 2 19 15 22 18 2 26 25 2
7 25 21 23 0 13 1 9 11 8 19 13 4 14 1
14 6 25 15 4 0 15 17 20 24 10 22 16 21 24
10 26 18 9 5 27 0 9 6 17 22 5 7 1 1
8 7 1 6 27 12 27 0 3 4 24 1 12 5 26
21 6 15 10 14 13 4 3 0 5 16 7 14 12 12
16 17 19 6 7 20 7 14 2 0 17 1 25 1 9
17 4 17 14 10 15 5 12 19 12 0 27 16 11 4
19 9 14 19 3 4 2 14 8 6 11 0 20 11 2
19 10 27 14 11 8 19 19 12 5 24 24 0 3 2
2 22 11 11 21 15 26 15 16 12 4 13 8 0 14
12 5 14 16 10 11 11 3 19 8 10 21 25 2 0

0 19 24 2 12 7 1 19 5 25 14 1 13 6 1
14 0 17 27 9 8 15 21 10 5 16 8 7 12 2
21 17 0 12 2 20 5 14 11 9 10 23 21 18 9
3 12 18 0 20 22 11 5 15 6 26 24 26 9 19
7 9 11 1 0 26 2 9 23 20 26 27 9 10 24
7 22 23 3 18 0 3 25 13 11 24 11 21 11 3
22 12 10 21 7 12 0 14 6 24 11 17 26 15 12
10 10 14 26 22 10 15 0 22 27 27 17 3 15 26
13 1 8 27 4 14 16 17 0 26 16 17 21 24 15
15 18 24 22 18 14 10 21 21 0 23 2 20 6 16
25 22 7 26 18 8 12 20 8 3 0 25 19 16 18
24 17 8 26 5 15 24 20 8 23 23 0 9 20 7
26 10 22 16 20 9 14 11 17 25 19 4 0 18 15
16 23 10 8 15 11 11 18 23 1 27 6 15 0 1
10 20 3 7 11 23 6 6 8 9 1 14 23 15 0

0 18 6 7 21 17 23 24 8 2 26 2 5 7 3
27 0 13 17 9 26 24 10 1 21 10 26 15 11 3
27 26 0 15 7 16 15 19 26 17 24 5 10 14 11
10 2 4 0 21 23 1 11 7 4 3 16 16 3 1
22 7 4 17 0 11 25 17 11 26 19 13 23 19 24
27 22 25 22 2 0 25 10 27 24 3 5 24 7 1
2 13 13 23 14 9 0 22 24 1 6 21 7 5 17
27 14 18 22 24 6 2 0 22 10 19 26 26 5 19
11 15 22 15 27 13 26 11 0 3 1 19 13 20 14
27 22 3 21 12 23 2 5 11 0 17 15 8 23 5
1 7 20 5 5 5 20 14 19 14 0 2 13 8 22
8 8 2 10 7 6 17 23 16 17 19 0 9 4 10
1 14 10 7 10 19 5 19 16 20 8 23 0 16 27
13 16 13 10 8 17 12 6 16 17 4 8 25 0 3
4 7 4 4 22 15 19 6 17 2 6 26 12 8 0

0 24 16 23 25 17 5 17 9 20 4 20 14 7 3
18 0 1 8 19 5 1 15 22 7 24 4 13 23 9
25 14 0 1 20 21 12 22 3 1 4 15 7 9 25
24 19 27 0 7 12 16 17 21 10 6 11 11 4 4
3 12 3 17 0 19 20 23 23 7 17 19 20 2 22
14 9 25 3 25 0 24 3 2 8 9 2 8 13 10
21 3 27 14 7 4 0 4 22 18 21 9 10 7 16
7 21 26 17 8 4 27 0 17 3 14 11 2 5 3
19 14 8 10 22 3 11 10 0 15 3 19 5 21 1
20 11 8 10 12 20 26 8 25 0 1 27 11 18 5
12 18 6 2 13 22 27 17 24 15 0 12 3 7 23
13 1 21 20 20 19 1 22 24 26 16 0 17 8 27
17 13 19 21 20 7 21 14 5 9 24 24 0 22 1
10 7 3 6 16 5 8 17 19 1 7 11 9 0 4
12 14 16 27 27 4 9 4 12 26 9 11 12 5 0

0 12 15 5 23 15 13 12 26 8 20 5 3 18 18
21 0 1 2 13 5 11 2 12 27 26 20 11 18 4
18 1 0 13 16 27 26 14 21 5 13 11 5 2 16
12 25 13 0 5 18 1 17 17 21 3 20 13 19 23
24 8 20 19 0 17 13 25 19 9 23 1 9 26 13
5 26 6 3 8 0 23 23 11 12 3 18 16 27 6
11 11 15 10 13 21 0 13 14 24 13 23 8 21 5
24 1 2 18 19 7 17 0 15 11 26 8 7 24 21
24 4 16 2 4 9 15 13 0 6 26 20 9 15 22
2 27 5 26 15 18 26 15 2 0 19 20 9 9 24
1 7 5 14 21 19 26 24 13 16 0 14 24 14 13
21 4 12 20 4 21 10 16 22 27 7 0 13 1 13
6 23 25 8 2 25 6 20 11 24 12 8 0 1 26
17 3 15 17 8 11 23 11 8 16 26 24 26 0 3
3 3 5 2 4 18 3 21 1 4 27 14 6 1 0

0 19 11 25 27 22 5 16 16 12 10 14 2 27 13
26 0 10 11 2 14 11 9 1 9 16 23 8 8 23
11 26 0 22 19 2 2 17 13 10 9 22 13 8 25
10 15 12 0 9 8 19 8 22 17 19 18 18 4 8
27 26 15 4 0 17 11 16 11 3 9 2 19 10 18
22 22 18 24 20 0 26 2 27 15 9 11 24 19 14
7 11 8 7 1 7 0 19 5 15 4 10 11 8 7
26 6 11 24 21 19 6 0 9 7 10 1 2 25 22
6 4 13 1 10 27 23 1 0 1 13 5 24 13 9
4 24 18 1 23 10 26 23 21 0 21 18 27 12 12
27 23 22 21 14 8 17 10 4 17 0 17 21 1 4
24 23 15 3 22 22 2 1 9 10 24 0 11 9 13
17 4 2 7 14 22 6 12 20 15 8 27 0 1 13
7 26 8 24 12 1 20 23 4 27 4 21 23 0 17
1 8 4 12 18 15 22 1 17 15 14 27 19 3 0

0 5 14 20 7 20 2 22 5 19 24 3 23 21 20
14 0 2 2 12 16 1 27 24 23 13 26 15 25 15
20 13 0 6 10 3 27 13 16 13 11 1 7 19 3
12 27 6 0 17 25 2 5 13 17 7 14 9 21 20
5 6 4 24 0 23 1 15 11 19 27 26 25 16 6
8 4 13 27 8 0 11 11 3 2 17 14 1 7 26
26 16 23 18 27 13 0 26 7 3 7 12 22 15 1
23 5 9 3 3 2 10 0 9 3 1 22 10 11 24
3 8 6 7 17 19 14 5 0 2 4 17 15 6 6
20 27 27 26 13 4 27 3 6 0 7 13 20 27 10
1 10 18 2 9 2 23 24 23 27 0 17 16 3 16
20 27 6 19 1 8 1 18 2 10 4 0 10 7 17
3 24 20 19 9 25 23 8 20 5 4 11 0 6 14
12 12 24 11 10 12 22 19 10 20 23 1 8 0 17
4 4 25 9 7 5 17 15 5 7 27 14 14 5 0

0 22 19 14 26 20 8 25 14 1 11 27 20 6 26
17 0 3 22 27 25 24 4 6 2 13 27 4 24 23
23 15 0 3 16 13 15 3 10 18 23 8 11 4 26
4 18 1 0 15 10 1 18 24 26 22 19 14 22 4
21 11 18 27 0 24 25 13 15 5 14 27 25 16 16
22 6 5 16 5 0 7 20 25 13 9 26 1 27 25
3 23 21 25 15 26 0 10 10 11 6 8 1 22 3
17 24 18 19 27 6 16 0 27 23 22 20 9 8 26
9 13 19 12 19 24 4 16 0 19 3 4 8 3 24
4 22 4 3 23 5 21 2 24 0 18 2 1 25 14
3 25 2 11 6 14 12 24 2 4 0 7 27 12 3
5 10 17 12 18 25 3 14 16 13 18 0 26 19 20
10 10 22 8 2 23 17 13 23 11 7 20 0 3 26
25 19 7 2 26 2 13 15 9 16 26 7 16 0 18
11 2 8 11 7 2 25 6 3 7 15 15 24 13 0

0 2 18 5 8 26 11 1 12 2 20 21 17 17 19
22 0 18 19 27 15 2 19 13 15 8 15 11 15 16
13 3 0 16 2 10 25 26 17 4 3 4 21 11 4
8 14 27 0 20 11 5 26 10 16 24 5 19 8 17
22 10 8 19 0 8 11 23 4 16 3 7 17 27 24
27 4 8 8 14 0 1 10 12 9 27 5 24 22 15
16 27 7 12 25 16 0 8 25 18 15 9 22 20 17
19 5 26 2 5 19 26 0 15 12 24 21 13 15 16
19 5 19 9 18 18 10 17 0 6 21 27 24 17 23
11 5 27 5 26 24 17 8 23 0 21 14 6 7 22
8 17 24 14 5 22 12 12 18 10 0 2 5 24 27
1 8 4 14 23 27 7 26 13 17 23 0 25 24 21
27 19 25 18 19 17 16 25 19 2 14 5 0 5 8
2 13 2 3 6 13 8 17 9 19 25 21 22 0 8
7 11 27 21 4 16 27 9 3 25 23 9 23 23 0
