10 5 2
5    1  1 21    1  0 53    1  4 95    1  3 55    2  2 34  4 34
5    1  0 21    1  3 52    1  4 16    1  2 26    1  1 71
5    1  3 39    1  4 98    2  1 42  3 42    1  2 31    1  0 12
5    2  1 77  4 77    1  0 55    1  4 79    1  2 66    1  3 77
5    1  0 83    2  3 34  2 34    1  2 64    1  1 19    1  4 37
5    1  1 54    1  2 43    2  4 79  3 79    1  0 92    1  3 62
5    2  3 69  2 69    1  4 77    1  1 87    1  2 87    1  0 93
5    1  2 38    1  0 60    1  1 41    1  3 24    1  4 83
5    1  3 17    2  1 49  0 49    1  4 25    1  0 44    2  2 98  0 98
5    1  4 77    2  3 79  0 79    2  2 43  1 43    1  1 75    1  0 96

0 22 6 29 13 22 17 13 23 27
13 0 24 2 21 18 17 15 3 20
1 13 0 6 21 3 29 7 15 4
3 14 3 0 18 8 8 14 9 20
8 12 13 14 0 29 3 19 27 12
6 19 2 5 1 0 2 19 14 27
7 23 4 13 9 23 0 29 17 26
5 24 13 28 12 27 26 0 21 2
10 27 14 10 23 16 17 6 0 13
24 12 13 20 15 10 29 2 2 0

0 22 15 26 29 18 1 16 29 9
25 0 15 14 29 21 22 12 17 7
18 13 0 10 11 4 19 14 13 10
13 20 20 0 14 17 6 3 20 15
6 11 15 29 0 28 5 10 11 4
5 22 12 13 23 0 18 11 28 5
19 23 7 1 23 7 0 20 2 5
2 16 22 23 11 18 2 0 18 7
21 26 25 12 21 14 12 5 0 23
23 7 18 12 20 24 20 29 24 0

0 26 14 10 4 2 29 11 19 17
13 0 10 24 1 19 25 24 1 21
8 15 0 26 10 23 19 18 7 2
18 6 28 0 23 22 9 16 2 5
3 20 2 15 0 18 28 5 5 26
10 13 2 8 8 0 16 19 2 17
4 11 26 24 14 19 0 2 17 13
5 12 26 25 2 26 6 0 9 20
10 2 18 12 18 4 5 21 0 11
12 13 4 21 16 19 14 23 8 0

0 12 4 29 3 4 6 1 22 27
10 0 3 13 22 26 1 18 5 27
18 27 0 25 4 12 1 13 13 18
27 12 16 0 8 29 11 12 17 29
2 17 11 19 0 26 13 13 9 13
5 29 3 13 3 0 15 6 14 16
14 8 6 14 11 24 0 14 28 28
1 29 22 21 12 21 7 0 8 25
28 21 7 17 12 5 26 28 0 10
25 26 17 12 13 17 25 24 16 0

0 18 29 2 7 18 27 8 17 28
4 0 10 24 23 12 6 9 29 1
14 17 0 14 18 5 21 18 10 23
21 26 20 0 9 24 25 12 20 2
17 7 16 13 0 24 16 3 11 16
15 27 21 19 4 0 11 13 29 3
15 5 12 11 16 20 0 19 3 4
19 9 28 25 5 2 5 0 20 12
7 8 18 11 5 23 22 4 0 25
29 7 9 10 16 9 22 17 22 0
