20 10 3
10    1  8 32    1  1 81    2  4 55  2 55    2  7 40  5 40    1  0 6    2  5 19  7 19    2  9 81  7 81    3  3 37  9 37  6 37    3  2 40  3 40  9 40    2  6 9  0 9
10    3  2 70  9 70  4 70    2  3 55  1 55    2  7 21  5 21    3  4 64  3 64  0 64    1  1 46    2  8 25  6 25    1  9 65    3  0 77  8 77  4 77    3  5 65  9 65  3 65    3  6 15  7 15  2 15
10    2  7 84  9 84    1  4 89    2  3 24  5 24    1  1 44    1  2 85    3  8 31  2 31  1 31    1  9 29    2  6 83  9 83    3  5 37  1 37  9 37    1  0 40
10    3  4 80  9 80  1 80    1  5 59    3  0 8  1 8  2 8    2  2 30  4 30    3  6 77  1 77  3 77    3  3 38  4 38  2 38    1  1 80    1  7 56    2  9 41  0 41    2  8 97  0 97
10    2  6 40  9 40    2  2 71  0 71    2  0 91  3 91    2  7 7  0 7    1  9 59    1  8 80    2  3 50  1 50    2  5 56  4 56    3  1 17  7 17  5 17    2  4 88  1 88
10    3  7 36  8 36  5 36    3  9 10  4 10  7 10    2  0 45  6 45    1  6 9    1  4 54    1  8 96    2  2 8  4 8    1  5 77    2  1 29  5 29    3  3 58  6 58  9 58
10    1  6 99    2  8 86  2 86    3  3 92  7 92  5 92    2  0 28  1 28    2  1 98  6 98    1  4 70    2  5 87  8 87    3  9 96  1 96  8 96    2  2 73  0 73    1  7 27
10    1  1 95    3  3 85  2 85  7 85    1  5 56    2  4 52  0 52    1  0 59    2  2 41  6 41    3  6 81  0 81  2 81    2  8 39  5 39    2  9 32  4 32    1  7 92
10    1  1 7    1  7 69    3  4 93  1 93  5 93    1  6 27    1  5 22    3  0 88  1 88  8 88    1  8 45    3  3 60  8 60  9 60    1  9 49    2  2 12  0 12
10    3  7 33  0 33  8 33    2  2 61  8 61    3  8 44  2 44  1 44    1  5 26    1  1 84    3  6 82  0 82  7 82    3  3 68  0 68  4 68    1  0 21    3  9 71  0 71  4 71    2  4 99  3 99
10    3  8 43  2 43  5 43    1  0 72    1  4 30    1  5 98    3  9 75  3 75  6 75    3  1 26  3 26  6 26    3  7 8  0 8  1 8    1  6 74    2  3 19  1 19    1  2 38
10    1  6 19    2  2 67  7 67    2  8 73  4 73    2  1 85  4 85    3  9 26  1 26  8 26    1  4 39    3  7 9  5 9  9 9    3  0 23  8 23  1 23    3  5 13  4 13  7 13    2  3 43  7 43
10    3  8 72  0 72  6 72    2  7 46  6 46    3  5 80  3 80  9 80    3  3 93  2 93  4 93    2  2 61  8 61    2  4 7  8 7    2  9 42  3 42    1  1 50    1  0 55    2  6 57  2 57
10    1  4 99    1  0 91    1  9 11    3  5 68  2 68  4 68    3  7 43  0 43  4 43    2  3 96  8 96    2  2 72  6 72    1  8 11    2  6 60  1 60    2  1 68  6 68
10    2  9 69  1 69    3  0 43  3 43  4 43    3  3 12  4 12  7 12    3  8 40  7 40  9 40    1  1 70    3  6 74  4 74  9 74    2  2 34  7 34    3  5 7  0 7  9 7    3  4 30  2 30  7 30    2  7 84  0 84
10    3  7 99  1 99  4 99    2  3 27  7 27    3  4 59  8 59  0 59    2  5 72  4 72    1  2 9    2  6 45  3 45    3  0 49  8 49  9 49    2  9 63  8 63    3  1 69  0 69  8 69    3  8 60  5 60  2 60
10    3  0 75  2 75  1 75    2  3 17  2 17    3  2 91  6 91  1 91    2  7 50  6 50    1  8 65    1  5 37    3  9 98  8 98  6 98    3  1 90  8 90  4 90    3  6 71  8 71  7 71    2  4 8  2 8
10    1  9 72    1  1 9    3  3 31  6 31  5 31    1  6 49    3  2 91  7 91  0 91    2  8 62  9 62    3  7 90  8 90  0 90    1  0 72    3  5 98  4 98  3 98    3  4 38  9 38  1 38
10    3  4 35  5 35  0 35    2  2 63  5 63    1  5 25    2  6 35  4 35    1  8 21    2  7 47  1 47    1  3 52    2  1 80  5 80    1  0 39    1  9 74
10    1  2 68    2  5 24  3 24    2  9 58  6 58    2  8 52  0 52    1  0 5    1  6 20    3  3 50  9 50  5 50    2  7 57  0 57    3  1 88  4 88  7 88    2  4 53  7 53

0 7 21 17 7 5 20 18 3 17 18 13 17 21 22 25 11 8 6 19
24 0 27 7 27 12 4 19 23 22 11 2 23 21 9 27 15 23 13 21
15 17 0 12 21 20 12 24 13 18 8 16 4 6 11 10 20 11 20 2
13 26 18 0 10 19 14 5 14 1 12 21 9 23 27 23 3 11 9 16
17 1 25 21 0 1 9 6 25 9 5 2 1 27 26 26 22 14 18 13
4 20 6 27 27 0 17 14 24 18 18 3 12 3 8 12 12 21 17 3
10 4 10 3 9 3 0 17 21 10 13 2 12 15 23 23 26 22 22 23
1 9 23 14 22 11 12 0 17 10 9 5 14 19 24 12 27 23 27 17
22 14 27 7 9 5 7 12 0 9 15 16 18 12 15 24 4 25 1 17
8 11 13 21 22 22 21 22 16 0 8 14 1 25 22 19 2 12 26 17
15 6 14 2 14 13 21 19 3 4 0 23 3 18 21 27 16 10 5 9
5 19 16 17 21 14 17 26 1 20 13 0 21 7 20 22 14 16 13 14
25 19 8 9 17 14 27 16 19 8 6 3 0 22 3 15 27 3 6 1
20 19 18 7 21 24 22 11 3 2 9 22 5 0 22 14 4 27 22 26
12 17 21 23 23 6 3 20 4 19 25 5 4 15 0 6 23 18 22 5
21 26 4 24 18 18 4 3 16 21 21 11 5 25 5 0 26 22 13 1
15 6 25 13 14 22 7 2 25 1 12 3 25 23 8 27 0 1 27 13
18 16 20 16 12 1 14 26 19 10 2 26 21 4 9 26 25 0 22 19
13 27 10 13 18 5 23 2 16 16 22 16 19 17 11 20 23 15 0 21
22 24 26 21 15 14 13 25 22 14 21 19 20 8 10 24 16 15 8 0

0 5 25 18 18 4 7 24 23 1 1 8 11 21 8 14 27 26 16 3
2 0 3 19 25 8 26 9 1 15 14 7 4 23 15 13 25 2 2 25
19 22 0 26 25 27 20 1 16 24 24 20 21 16 6 26 17 3 23 26
4 11 19 0 10 15 5 9 2 11 27 27 6 4 14 15 12 12 7 25
23 4 27 17 0 1 10 18 9 26 4 14 1 6 3 9 4 3 15 11
22 18 22 12 2 0 3 8 26 13 12 17 2 21 9 3 1 7 10 6
19 20 4 5 2 18 0 10 19 17 9 19 8 3 26 2 19 25 19 21
14 2 13 21 23 6 1 0 2 6 9 4 13 17 7 24 6 20 21 21
26 20 9 8 5 22 21 7 0 21 7 14 24 15 1 18 18 8 5 1
24 10 27 2 14 17 15 13 25 0 11 10 2 18 25 20 9 18 20 2
16 12 14 14 16 24 20 16 25 9 0 16 22 6 10 12 13 7 26 5
22 21 24 7 1 5 11 7 19 27 15 0 4 3 4 27 19 7 12 9
7 26 27 14 13 1 1 24 14 11 23 10 0 1 4 24 3 12 8 2
1 12 4 6 27 3 15 10 23 18 11 9 15 0 15 13 2 2 11 17
19 26 14 13 24 26 15 1 6 24 26 16 24 11 0 7 23 8 14 20
21 17 11 2 3 19 1 15 2 25 5 17 23 14 10 0 20 5 5 11
13 14 24 1 17 17 8 13 19 5 20 17 25 18 23 5 0 12 21 21
24 2 22 4 16 2 10 3 23 7 21 9 16 20 24 20 20 0 14 21
3 7 26 10 11 19 8 16 17 4 10 12 7 18 15 16 4 4 0 11
17 17 25 25 10 9 14 8 16 9 23 4 4 25 27 17 21 18 4 0

0 5 19 14 17 11 23 2 26 16 5 10 14 19 7 19 12 9 27 25
4 0 20 2 19 9 18 9 9 25 21 11 17 24 22 4 7 8 20 23
25 23 0 8 13 3 17 22 3 11 1 21 13 18 8 16 4 23 20 9
23 25 10 0 25 8 8 15 26 7 6 16 25 9 1 3 20 9 16 17
12 14 7 4 0 16 14 12 13 19 5 20 11 9 27 11 25 20 11 21
8 12 9 12 27 0 15 3 1 14 21 27 1 20 24 25 17 10 23 18
8 27 7 6 13 14 0 26 22 24 15 8 17 16 17 15 10 16 15 15
24 20 19 7 13 4 19 0 22 23 27 12 10 25 2 25 22 27 19 6
4 17 26 14 10 14 16 21 0 19 13 16 13 27 1 7 22 13 17 3
9 20 21 4 19 4 12 14 17 0 11 19 2 2 5 17 27 12 17 24
4 4 16 26 9 8 23 6 7 6 0 6 2 20 4 18 13 15 9 11
9 27 20 6 24 21 17 5 2 19 2 0 22 17 11 18 14 17 3 25
8 11 27 24 11 17 21 22 20 1 23 19 0 13 26 19 27 10 8 16
18 3 10 24 11 19 11 24 22 23 9 7 9 0 14 8 17 25 23 8
13 23 4 8 27 20 10 6 3 13 15 9 7 2 0 4 8 4 20 5
4 15 10 12 8 13 20 12 3 12 27 19 18 27 14 0 26 8 21 1
23 21 3 16 6 23 18 16 18 27 26 11 22 21 18 14 0 15 12 27
14 9 14 17 16 14 13 18 10 6 15 11 27 27 2 1 12 0 26 9
8 11 20 6 27 14 20 22 8 23 23 6 9 8 18 1 6 20 0 21
8 11 8 21 25 9 27 5 23 16 26 8 21 16 17 5 4 20 8 0

0 16 16 8 15 13 2 16 9 20 18 19 7 19 23 25 13 17 20 15
3 0 6 26 14 10 8 23 24 14 22 22 2 12 3 18 5 23 16 21
8 18 0 26 15 13 19 23 21 12 14 23 20 22 8 7 10 26 26 25
10 27 5 0 14 22 10 3 17 25 9 11 15 19 10 10 16 3 27 12
1 2 24 9 0 13 16 24 17 16 11 24 15 14 25 3 23 25 25 21
21 7 20 17 22 0 9 3 3 3 7 20 16 2 12 1 23 9 15 23
14 4 9 8 17 27 0 9 8 12 27 7 17 9 9 10 6 11 10 24
9 3 15 1 26 24 3 0 8 6 19 20 25 9 26 24 6 9 10 15
27 1 5 7 7 20 26 3 0 6 15 25 16 4 17 3 7 5 7 8
15 26 6 6 2 12 15 21 9 0 24 23 2 26 27 1 15 21 22 25
5 21 13 8 22 14 1 8 10 15 0 2 23 20 15 16 27 27 7 3
18 5 25 22 24 26 7 26 5 13 9 0 13 24 27 18 19 8 27 7
5 10 3 18 27 6 27 4 27 12 21 26 0 15 18 8 21 13 19 10
12 9 14 3 2 26 6 3 26 17 12 7 11 0 23 5 4 27 27 25
1 18 15 23 8 20 26 7 11 10 11 17 11 8 0 5 25 15 17 17
4 9 11 15 25 12 23 16 12 1 2 25 21 19 5 0 12 25 6 2
24 20 1 19 6 8 1 15 24 13 18 20 13 27 13 20 0 12 25 10
13 14 20 4 12 11 23 24 3 5 20 20 13 18 1 17 7 0 8 24
4 7 20 16 17 3 23 5 23 19 13 17 1 22 26 20 23 18 0 7
15 25 27 26 4 17 27 11 7 26 15 24 1 27 15 22 26 18 5 0

0 10 2 15 7 4 3 20 27 12 3 24 4 7 15 17 18 1 26 4
23 0 3 26 18 3 10 18 27 8 9 9 9 26 5 16 9 3 19 26
24 1 0 16 14 20 19 11 11 3 25 4 1 11 16 17 12 6 24 3
21 10 19 0 12 19 20 26 12 4 4 1 8 17 18 1 25 3 24 25
27 2 4 14 0 26 2 23 1 12 25 12 21 19 8 21 3 20 21 1
13 20 6 26 10 0 8 13 3 2 23 4 11 4 6 5 17 12 26 2
3 16 24 24 1 3 0 14 21 5 1 10 14 4 1 23 21 5 21 11
10 25 23 19 6 7 26 0 7 13 21 12 23 8 26 27 6 1 2 13
23 23 16 21 8 8 24 10 0 20 1 1 13 8 7 16 26 13 24 8
25 4 14 3 24 10 22 27 11 0 25 6 23 9 19 12 16 17 23 13
14 25 17 11 7 22 23 5 20 3 0 4 5 1 17 6 5 26 16 21
13 19 24 24 22 16 7 20 5 26 21 0 27 6 12 7 18 7 3 12
19 7 1 15 5 3 27 14 13 5 13 1 0 11 4 8 14 19 17 13
19 14 26 17 7 8 12 25 22 22 27 27 15 0 13 12 17 9 23 23
14 5 20 2 21 2 19 14 7 8 20 19 1 11 0 27 1 8 14 20
2 17 7 1 17 12 12 11 1 8 16 2 18 14 3 0 1 23 1 8
14 11 25 24 4 19 27 9 11 22 20 20 10 16 22 24 0 2 10 26
27 4 8 8 13 16 23 15 4 21 8 4 23 11 20 22 27 0 22 21
7 22 22 9 15 4 13 17 17 5 2 27 6 15 23 16 10 6 0 16
22 24 15 23 12 6 19 11 16 9 11 24 6 22 19 17 17 7 27 0

0 15 4 8 15 1 6 11 27 21 8 2 6 20 9 21 20 26 1 27
2 0 4 4 26 17 7 15 27 7 11 5 18 6 1 7 10 13 27 22
8 18 0 21 10 2 20 11 9 14 18 15 21 21 23 25 18 8 19 5
18 10 17 0 12 3 13 2 9 10 3 7 14 6 18 9 27 17 27 1
1 1 12 11 0 12 1 4 1 27 27 22 23 26 2 10 1 19 18 10
2 13 24 14 27 0 1 2 10 3 25 6 24 3 4 18 5 17 2 18
18 25 23 13 24 24 0 4 7 23 12 8 7 15 20 17 19 24 1 6
17 13 12 25 3 10 26 0 12 9 24 9 25 6 23 21 27 8 1 15
1 6 3 10 26 27 25 15 0 18 2 8 13 9 11 1 14 2 2 6
15 6 4 18 1 9 6 7 6 0 8 23 21 27 1 10 26 10 9 5
17 17 6 11 27 17 21 15 9 18 0 13 20 24 13 7 13 27 13 12
27 5 21 25 13 12 1 5 3 18 18 0 8 11 18 13 10 1 26 14
9 6 11 5 24 3 27 17 10 17 20 11 0 7 23 25 3 27 2 23
16 13 23 26 4 2 17 12 3 23 17 23 22 0 20 17 16 4 14 19
5 22 15 13 1 5 27 11 11 1 24 11 26 23 0 14 3 26 19 23
13 9 24 8 26 4 26 9 4 11 21 26 12 18 11 0 1 9 4 24
22 4 3 26 10 6 27 3 6 3 7 21 27 26 19 22 0 27 26 19
14 27 7 24 24 26 7 20 7 10 21 22 26 9 21 9 3 0 3 5
7 5 16 17 16 14 17 2 6 27 24 15 3 10 5 2 22 22 0 2
22 22 13 19 10 22 22 5 27 10 1 22 24 1 6 24 21 18 27 0

0 23 1 21 4 1 5 15 18 13 26 20 4 18 27 20 11 16 2 27
12 0 21 6 1 14 14 19 16 16 5 14 22 19 11 9 9 3 18 24
10 12 0 1 21 27 9 22 11 22 26 18 24 4 21 9 23 9 12 16
1 5 4 0 22 1 23 26 1 4 7 26 24 3 4 7 8 12 3 15
11 15 22 1 0 16 3 13 22 6 24 12 5 17 4 13 22 10 6 24
15 16 17 10 15 0 13 18 3 23 23 10 16 9 11 26 20 7 4 6
1 15 5 19 18 22 0 16 27 22 10 12 24 5 24 25 21 23 12 21
15 7 4 4 22 4 1 0 6 16 9 23 13 9 5 26 18 26 7 8
4 18 17 23 20 13 27 20 0 15 21 9 2 13 22 7 19 9 21 15
4 9 21 4 11 6 26 24 10 0 10 24 14 4 26 8 27 12 20 15
15 18 4 7 2 25 4 6 24 2 0 12 14 19 21 14 6 27 7 27
6 1 22 24 5 8 18 8 22 1 7 0 12 1 7 27 9 26 12 14
14 24 12 22 13 17 6 11 14 26 4 14 0 15 11 2 21 5 9 23
20 4 5 4 14 27 10 8 26 3 19 10 16 0 23 25 23 9 5 5
19 14 13 4 14 12 5 27 8 9 11 2 5 26 0 22 5 26 6 2
7 6 24 18 13 22 11 15 25 10 27 4 1 8 11 0 11 10 27 6
25 12 6 13 14 1 5 23 16 10 3 6 1 10 3 11 0 22 12 2
14 4 9 1 1 12 7 13 11 20 19 4 22 26 22 4 5 0 2 8
13 24 17 8 20 14 2 13 7 14 9 10 11 26 1 7 4 4 0 10
22 3 23 20 21 21 17 27 25 4 17 6 10 24 7 15 24 17 6 0

0 8 14 20 17 11 12 13 18 13 3 19 9 8 10 13 6 13 19 5
23 0 4 5 13 2 6 8 9 12 22 18 18 24 11 9 4 6 23 10
11 17 0 5 14 4 13 6 25 5 7 6 11 6 18 15 20 13 5 9
24 4 14 0 7 7 19 18 13 11 9 4 8 25 1 27 27 4 18 6
3 22 6 23 0 24 8 20 8 4 17 18 3 11 3 17 16 24 14 3
8 2 13 16 20 0 22 1 20 10 20 5 2 1 20 9 5 23 9 8
16 21 5 7 10 13 0 21 2 12 26 15 17 14 20 23 23 8 21 23
12 17 16 8 4 6 10 0 22 16 23 25 23 3 4 19 18 17 25 19
16 11 11 5 23 16 16 24 0 1 25 15 15 11 9 20 5 27 26 3
12 25 4 14 27 11 13 4 15 0 20 9 25 12 11 15 4 25 3 13
3 26 17 15 16 20 10 1 11 15 0 21 13 2 26 18 11 27 13 3
8 14 24 7 12 27 3 10 20 6 4 0 17 25 15 2 26 6 9 1
1 9 5 1 16 14 9 13 3 21 6 21 0 7 22 1 22 19 24 16
6 11 24 9 7 15 11 4 22 1 12 9 22 0 24 10 13 13 9 14
9 24 15 18 2 24 20 5 7 5 19 1 6 24 0 10 19 25 14 23
5 5 22 17 19 10 21 1 3 20 13 5 23 1 26 0 6 18 10 10
21 27 10 25 6 4 5 22 10 19 7 13 21 24 22 9 0 8 2 23
11 14 5 2 25 16 11 16 21 4 6 4 6 5 20 1 2 0 26 26
12 14 21 20 3 4 7 20 26 3 20 17 24 21 8 2 19 5 0 5
23 9 15 2 26 9 27 23 2 24 8 25 15 3 5 17 10 7 23 0

0 19 13 14 7 16 24 5 12 15 27 9 5 22 2 15 4 13 10 26
11 0 23 19 19 7 18 20 10 13 18 3 19 17 2 23 21 27 3 21
25 13 0 22 11 7 21 24 15 5 1 19 8 14 26 3 6 22 10 12
25 2 25 0 5 21 4 8 14 4 14 8 9 15 26 2 22 6 22 7
23 21 10 16 0 13 10 2 21 22 9 19 23 17 5 21 15 7 6 23
24 21 17 16 18 0 20 9 1 4 13 20 12 4 4 5 21 9 27 8
7 24 14 11 21 19 0 23 6 8 8 12 27 13 20 1 25 9 25 8
2 7 16 18 4 5 27 0 27 10 19 4 21 10 16 1 4 26 6 9
5 17 24 25 2 13 8 2 0 10 5 20 19 16 15 23 24 15 11 21
18 23 15 6 12 9 4 3 15 0 3 1 2 3 21 7 26 3 26 3
24 10 19 18 20 2 17 3 16 12 0 26 5 24 5 10 25 15 27 24
3 2 4 3 17 14 17 25 8 3 6 0 13 22 10 18 7 9 8 9
1 9 22 20 18 12 5 15 16 2 27 12 0 12 1 6 14 5 21 25
17 6 10 3 24 8 3 13 5 24 24 22 3 0 17 19 2 7 12 25
27 5 16 4 22 16 11 3 1 17 10 16 2 3 0 2 11 18 5 15
22 11 7 11 13 3 20 1 15 13 2 26 12 12 7 0 16 15 20 15
12 1 4 11 18 1 11 10 6 9 4 6 26 27 24 4 0 12 13 6
21 5 5 20 24 15 14 25 23 5 24 26 27 26 15 27 10 0 6 2
8 3 18 4 19 7 16 3 14 27 4 2 23 14 21 5 22 7 0 1
16 9 27 24 17 21 13 13 26 26 9 7 12 22 12 25 1 23 15 0

0 14 26 16 19 2 18 25 1 5 12 25 24 21 27 2 19 14 11 1
20 0 16 14 27 7 11 27 7 14 18 14 4 24 12 13 27 17 24 2
8 2 0 13 2 10 26 11 13 9 1 19 8 15 10 18 7 7 7 2
13 16 21 0 26 5 11 26 16 17 5 11 14 8 9 21 17 8 16 7
1 21 5 8 0 13 25 21 4 1 13 23 14 18 10 4 15 16 2 19
6 21 1 11 11 0 13 9 24 16 1 8 17 23 15 27 12 11 26 12
19 12 26 24 9 15 0 17 19 26 14 8 4 26 9 2 9 20 6 21
27 27 20 18 14 21 24 0 6 4 24 10 15 26 1 2 23 8 5 19
22 7 12 12 23 10 12 16 0 20 25 1 16 9 20 25 6 8 19 25
9 7 2 8 3 1 24 14 15 0 11 23 19 20 4 20 6 22 11 5
6 11 6 1 4 15 12 26 26 26 0 9 5 22 13 8 21 20 22 7
21 2 9 9 2 13 22 25 26 24 3 0 10 2 1 22 27 6 26 15
1 5 17 25 8 15 2 13 12 6 12 19 0 13 13 12 22 7 16 24
9 17 17 16 20 8 13 11 17 17 8 4 13 0 25 27 2 17 2 4
10 16 19 2 16 19 3 4 13 7 17 7 1 5 0 3 14 27 17 6
5 7 21 8 8 20 1 4 26 4 22 6 1 7 1 0 2 2 16 4
11 13 7 4 13 19 9 9 12 8 1 15 12 22 22 23 0 17 26 21
21 16 20 11 23 9 6 2 8 11 8 17 27 24 23 14 4 0 25 16
4 3 1 13 6 18 27 22 12 18 6 27 17 8 25 17 15 15 0 5
8 22 16 10 13 20 12 18 12 4 20 20 8 20 12 21 16 27 6 0
