20 10 4
15    3  3 66  6 66  7 66    1  9 29    1  4 11    1  7 62    1  5 94    3  3 41  7 41  8 41    1  8 90    1  8 63    1  1 45    1  6 91    1  2 73    2  1 31  8 31    3  1 97  2 97  6 97    1  1 11    1  0 20
20    1  3 90    2  2 21  9 21    1  8 78    1  9 37    1  7 68    3  0 48  8 48  9 48    1  0 55    1  5 38    2  2 49  4 49    3  3 69  6 69  9 69    3  0 73  3 73  9 73    1  9 80    2  4 83  9 83    1  5 39    1  9 98    1  6 71    2  1 24  9 24    1  3 89    3  2 73  5 73  7 73    3  0 44  3 44  5 44
23    1  0 61    1  3 53    1  3 35    1  4 95    1  9 33    1  7 59    1  4 68    1  9 61    1  6 56    1  5 28    2  1 18  4 18    1  0 35    2  2 73  3 73    2  1 78  4 78    1  3 70    2  2 65  6 65    1  9 44    1  1 56    3  3 60  6 60  8 60    2  1 69  3 69    1  4 94    1  9 28    1  4 63
18    2  7 17  8 17    1  2 61    1  1 34    1  5 96    1  3 31    1  9 82    2  0 40  3 40    2  0 63  7 63    1  0 95    1  0 68    1  2 91    1  6 43    1  1 32    3  3 54  5 54  7 54    1  6 92    2  2 40  6 40    3  0 84  5 84  6 84    2  2 38  8 38
21    1  2 94    1  5 63    1  1 99    1  4 45    1  3 28    1  8 59    1  3 97    1  1 69    1  3 61    1  8 98    1  4 42    1  7 100    2  1 68  7 68    1  6 83    1  1 69    2  7 17  8 17    1  2 26    1  9 29    2  8 20  9 20    1  5 100    1  5 87
15    1  9 67    1  5 16    1  7 86    1  4 36    1  9 73    1  4 41    1  1 100    1  9 23    1  9 33    1  4 92    1  5 74    1  8 90    1  9 49    1  5 34    1  4 47
17    1  2 62    3  3 59  5 59  9 59    4  6 98  7 98  8 98  9 98    2  0 73  3 73    2  0 79  5 79    1  7 10    1  9 32    1  6 55    1  3 53    1  1 19    2  6 55  8 55    1  7 88    1  7 46    1  4 73    1  1 30    3  1 48  7 48  9 48    1  2 50
25    1  4 37    1  2 75    1  9 36    2  1 71  6 71    1  5 66    2  5 39  9 39    1  9 17    3  5 30  7 30  8 30    2  4 42  5 42    1  9 94    2  2 59  3 59    1  7 36    1  1 68    1  0 21    2  0 25  3 25    1  1 65    1  5 58    1  6 65    1  0 36    2  0 45  3 45    1  0 82    1  9 42    1  6 82    1  0 51    1  5 75
23    1  1 35    2  2 78  6 78    1  2 43    1  0 77    1  0 42    1  8 18    1  7 63    1  5 99    1  1 16    1  5 34    1  5 99    1  2 87    1  5 46    1  1 81    1  9 41    1  8 58    1  4 57    1  0 30    2  1 60  2 60    2  4 52  7 52    3  3 92  4 92  6 92    2  3 32  7 32    2  4 80  9 80
19    1  1 42    1  8 33    1  2 40    1  3 80    1  6 72    4  2 64  6 64  8 64  9 64    1  0 77    1  6 23    1  6 50    1  1 13    2  5 38  9 38    3  1 21  6 21  8 21    2  0 77  7 77    1  2 95    2  3 60  8 60    1  3 94    1  2 53    1  1 82    1  3 60
19    1  8 60    2  2 93  3 93    1  3 49    2  1 82  5 82    1  1 68    1  5 42    1  9 96    3  2 90  3 90  8 90    1  3 36    1  3 70    1  7 12    1  5 56    1  5 14    1  3 60    1  8 18    1  0 88    1  1 19    1  6 87    1  2 50
21    1  7 50    2  5 63  9 63    2  2 16  4 16    1  3 65    1  8 71    1  0 44    2  1 46  3 46    1  2 35    1  4 11    1  5 83    1  8 12    1  8 98    1  0 25    1  6 84    4  1 36  3 36  4 36  5 36    1  7 41    1  1 44    1  6 51    1  8 58    1  3 56    1  9 27
16    1  8 97    2  1 93  6 93    2  0 41  3 41    1  7 59    1  2 83    1  6 99    1  5 90    1  0 90    2  1 58  4 58    1  4 15    1  0 95    1  7 65    1  7 73    1  5 96    1  4 42    3  3 53  7 53  8 53
16    1  2 61    3  2 24  7 24  8 24    1  4 90    1  4 11    1  7 12    1  0 68    1  5 61    1  1 40    1  8 70    1  1 76    1  7 48    1  9 19    1  3 49    1  2 76    1  3 24    2  2 35  5 35
25    1  9 10    1  1 46    2  3 18  7 18    3  0 72  5 72  6 72    4  0 32  3 32  6 32  8 32    1  9 92    1  0 14    1  6 53    1  7 49    1  8 83    2  1 81  8 81    1  2 76    1  7 88    1  3 34    1  7 54    2  0 22  4 22    1  3 47    2  0 31  3 31    1  1 43    1  9 29    1  7 59    1  8 26    1  0 57    1  5 11    1  7 90
17    1  5 55    1  0 71    3  0 64  2 64  4 64    1  3 36    1  7 26    1  3 34    1  9 68    1  7 55    1  2 41    1  4 36    2  3 64  7 64    1  5 91    1  7 16    2  5 29  6 29    1  2 87    1  9 76    2  1 69  6 69
21    1  4 72    1  0 66    1  7 33    1  7 21    2  1 81  2 81    1  2 22    2  0 60  5 60    1  1 85    1  0 37    1  7 70    1  5 58    1  8 49    2  0 59  5 59    2  1 54  7 54    1  8 39    1  6 78    1  1 95    1  0 21    1  7 36    2  2 66  5 66    1  7 84
17    2  3 11  7 11    3  4 37  7 37  9 37    1  5 11    1  2 81    2  0 46  6 46    2  5 76  7 76    1  8 20    1  2 96    3  2 73  3 73  7 73    1  3 43    1  5 84    2  4 75  5 75    1  7 97    2  0 37  5 37    1  1 47    1  2 98    1  7 89
23    1  6 69    1  3 87    1  6 77    1  8 18    1  0 18    1  7 15    2  5 44  6 44    1  1 70    1  1 20    2  7 70  9 70    3  3 19  5 19  9 19    2  1 24  8 24    2  1 44  5 44    1  3 21    1  0 69    1  1 19    1  1 84    1  5 47    2  1 86  6 86    1  4 31    1  2 42    1  0 11    2  0 23  9 23
16    2  2 48  3 48    1  0 15    1  5 97    1  1 23    2  2 29  6 29    1  0 96    1  7 66    1  0 41    2  3 43  5 43    1  5 58    1  8 93    1  6 78    1  7 74    2  2 57  6 57    1  0 68    1  8 85

0 28 13 1 23 18 9 8 23 27 3 12 26 8 16 13 17 19 15 27
28 0 5 25 5 21 28 22 10 27 19 24 22 21 22 1 21 8 11 5
2 21 0 24 1 3 2 28 25 23 16 14 1 25 18 22 7 9 6 6
15 10 24 0 6 1 26 19 22 17 15 4 22 20 2 11 24 13 5 21
18 20 25 23 0 15 1 27 25 23 9 26 22 18 13 19 2 16 9 20
21 23 21 21 14 0 9 19 4 5 20 2 16 18 16 21 17 27 27 9
3 8 21 14 16 2 0 17 18 25 14 25 15 27 6 14 25 9 10 2
28 16 16 23 23 27 10 0 9 2 10 3 19 27 16 9 14 11 1 3
3 3 16 13 19 13 5 5 0 21 20 21 14 26 3 18 20 4 20 5
6 18 11 2 10 1 24 26 1 0 23 19 8 25 8 24 1 8 26 9
9 26 27 17 22 12 5 12 21 11 0 8 24 4 9 17 6 11 23 9
23 16 15 13 27 15 16 15 25 16 14 0 1 3 7 15 23 26 12 2
6 1 27 24 12 3 19 9 2 23 19 7 0 24 3 6 3 10 5 22
12 17 14 25 14 18 22 24 21 24 18 17 15 0 12 7 28 23 25 6
22 25 15 24 7 10 21 27 10 26 9 22 21 18 0 15 3 14 16 14
20 27 2 11 20 9 11 5 2 13 19 26 19 3 10 0 28 18 9 18
11 28 15 1 16 14 10 11 17 12 3 2 25 22 22 20 0 3 8 21
28 19 25 23 18 25 14 18 8 15 27 17 22 20 5 3 21 0 4 14
21 7 18 25 11 2 7 13 7 1 14 25 14 9 19 9 21 18 0 10
2 6 4 4 16 27 22 20 8 8 13 7 26 26 1 13 18 18 24 0

0 4 27 7 15 11 18 8 20 8 20 4 10 25 22 5 9 26 1 18
9 0 25 6 25 20 13 14 23 20 4 23 12 26 6 14 10 5 19 24
24 10 0 17 15 8 19 5 26 25 9 18 6 27 1 3 15 27 13 5
6 9 4 0 16 3 27 15 8 6 7 12 20 2 26 5 22 14 5 23
27 19 24 18 0 22 14 24 27 4 24 16 24 16 6 18 18 24 26 3
24 2 15 7 23 0 16 11 23 19 6 23 19 22 26 19 28 22 3 26
1 24 1 7 25 12 0 28 7 25 28 26 1 26 20 7 28 13 19 7
14 5 27 2 23 16 14 0 15 3 8 12 22 28 13 12 23 24 9 21
24 11 22 3 19 18 6 23 0 8 17 15 6 4 16 21 2 20 9 22
24 11 16 9 11 15 19 2 25 0 2 10 15 23 10 8 11 2 13 26
22 13 14 26 7 10 22 16 4 21 0 14 28 9 19 28 28 8 4 26
11 10 15 3 9 28 22 26 28 27 15 0 12 8 25 1 19 11 4 22
8 6 1 15 20 7 3 16 22 26 22 5 0 16 25 13 6 7 27 15
15 27 5 2 4 5 14 10 22 3 6 22 14 0 2 28 26 17 25 2
7 7 1 6 1 25 1 1 14 24 5 24 10 5 0 20 28 23 11 3
7 4 17 1 27 16 17 6 4 13 28 2 12 24 15 0 8 20 14 27
8 12 16 5 19 13 7 3 20 6 20 19 13 15 23 5 0 20 5 28
4 14 10 4 1 23 17 22 3 17 6 3 19 27 19 20 12 0 20 24
16 9 12 9 10 1 13 26 18 10 12 19 11 11 20 26 13 27 0 21
15 22 11 26 14 3 4 11 9 14 1 22 20 10 18 17 28 5 14 0

0 20 17 2 9 23 24 16 15 20 15 27 17 5 10 16 12 19 21 12
11 0 8 2 10 6 8 21 28 10 17 20 2 28 16 14 1 13 8 15
1 7 0 8 21 24 4 23 3 14 20 7 24 2 23 7 6 2 13 25
9 10 27 0 26 14 4 1 1 15 18 12 27 16 21 25 25 10 26 2
15 4 14 20 0 26 6 14 14 23 11 20 20 18 16 15 17 23 10 27
23 11 21 20 11 0 8 2 15 19 8 3 18 22 25 22 19 2 25 23
14 28 9 14 15 25 0 12 19 20 11 3 6 22 7 11 10 18 27 20
13 6 12 26 16 27 3 0 15 11 14 20 23 24 14 10 21 19 26 28
23 18 11 22 16 21 16 19 0 22 1 4 22 28 8 15 11 17 18 2
6 21 8 4 28 7 28 11 25 0 18 21 21 18 23 14 1 12 22 22
18 28 2 13 5 8 9 10 14 27 0 11 26 12 20 7 16 24 9 1
4 14 25 1 25 19 3 14 8 23 15 0 3 15 19 1 17 14 28 26
16 17 6 7 18 24 28 19 2 25 10 23 0 5 20 19 17 6 17 9
28 14 17 28 22 13 20 23 5 18 7 8 9 0 7 20 28 8 23 22
20 2 3 16 9 19 7 14 21 25 8 13 10 20 0 20 8 16 16 18
9 19 11 7 2 14 24 7 18 8 23 4 22 19 4 0 16 15 4 24
3 14 20 3 7 27 7 6 1 16 9 14 23 2 13 10 0 11 5 20
27 15 27 6 12 5 21 18 12 16 7 28 9 1 18 23 12 0 7 4
8 17 27 1 1 23 13 11 23 26 26 28 3 10 9 18 28 5 0 5
28 18 25 16 13 2 6 28 5 23 5 18 5 18 13 7 2 13 17 0

0 7 7 21 27 7 19 9 12 7 10 21 10 10 20 12 14 26 24 15
11 0 21 10 10 9 4 17 17 27 27 16 10 9 12 7 4 15 8 12
21 22 0 6 28 5 20 15 6 6 18 22 16 10 27 13 28 1 23 25
26 19 23 0 3 27 14 21 5 1 9 1 7 23 28 18 1 27 24 17
26 23 25 23 0 10 24 26 9 8 28 12 20 3 13 5 23 4 6 22
4 17 11 5 8 0 28 6 28 24 13 22 27 15 15 2 11 17 9 17
25 19 10 11 7 19 0 12 27 17 4 5 26 28 25 5 11 15 4 13
28 16 26 18 24 24 17 0 23 3 8 4 13 15 19 14 26 13 2 8
19 16 19 18 26 3 5 16 0 9 4 28 20 1 23 17 2 15 23 22
21 14 12 10 13 8 20 22 24 0 21 11 26 15 6 11 8 9 21 20
9 19 24 25 19 9 8 25 20 26 0 10 8 3 17 11 3 11 23 2
1 19 14 2 27 3 4 9 11 25 10 0 7 14 4 23 23 13 17 27
1 20 8 13 10 25 22 17 5 17 6 11 0 24 14 1 5 11 1 7
11 13 26 9 15 5 9 7 7 24 13 9 22 0 9 7 28 1 12 3
20 4 13 8 12 19 17 3 5 18 15 4 28 22 0 4 18 6 24 15
21 16 11 22 13 14 1 9 9 7 5 22 7 6 15 0 26 28 12 10
19 14 9 7 25 27 26 4 10 14 24 1 27 3 2 25 0 14 27 19
7 7 2 4 3 19 12 8 18 23 15 20 1 11 21 16 20 0 23 26
16 6 3 14 21 1 7 20 28 26 11 8 10 10 22 17 4 24 0 6
16 23 12 1 27 16 22 17 17 22 27 2 13 25 23 22 15 19 22 0

0 25 17 23 6 14 17 17 22 19 3 24 20 20 22 22 4 22 14 23
23 0 6 3 19 7 12 17 8 20 6 16 20 1 15 13 24 2 11 2
4 15 0 10 20 3 27 13 10 9 19 27 26 2 20 14 19 6 26 25
23 3 16 0 2 10 16 25 2 23 13 23 16 15 10 9 4 2 27 21
13 10 17 24 0 2 19 11 16 8 16 18 7 6 23 18 7 12 20 25
14 23 11 7 7 0 27 4 25 20 10 25 21 3 4 26 28 27 11 7
12 23 3 8 26 1 0 24 23 10 5 28 27 9 4 10 25 21 13 4
1 8 27 18 24 14 16 0 16 1 12 6 23 21 20 28 13 11 9 22
7 20 14 2 16 15 13 15 0 8 2 23 17 9 19 10 16 20 27 24
22 2 16 14 7 14 13 9 14 0 14 7 26 9 15 4 25 21 8 4
6 11 9 23 25 18 21 18 15 21 0 17 11 27 14 23 22 20 25 7
24 17 28 20 28 12 21 17 16 19 9 0 28 1 24 17 19 12 12 18
25 15 6 1 24 15 15 14 25 23 17 15 0 5 3 5 2 14 5 17
21 7 3 19 11 27 20 2 14 28 15 27 18 0 27 19 12 1 23 27
25 1 11 10 28 26 1 5 1 12 6 13 20 5 0 27 10 5 18 17
17 8 15 1 28 24 7 21 25 9 23 14 18 11 15 0 4 10 4 28
4 25 10 21 28 24 18 23 28 19 3 20 4 18 16 10 0 21 13 19
8 7 2 4 7 25 27 2 2 18 24 8 28 5 19 11 21 0 6 19
28 20 9 2 28 20 1 2 24 5 10 22 10 28 12 23 10 21 0 9
4 11 25 14 19 20 3 13 8 4 26 20 7 21 11 6 22 19 28 0

0 3 13 27 12 12 5 22 14 21 21 5 12 9 13 20 19 4 21 23
14 0 28 22 2 1 2 17 21 6 3 14 4 25 19 9 15 4 12 9
21 2 0 28 15 1 10 10 4 23 15 24 22 12 16 13 9 18 27 27
21 10 15 0 22 18 4 9 9 22 14 5 13 22 25 2 24 20 14 14
10 8 19 16 0 23 24 10 9 20 20 8 15 2 20 20 20 6 27 6
21 27 18 1 2 0 14 17 2 10 14 15 12 7 11 22 27 12 2 9
27 23 21 26 8 19 0 4 15 26 27 27 27 18 7 23 8 1 17 19
1 15 15 6 21 1 4 0 14 9 9 22 28 11 23 22 25 13 14 7
25 22 4 15 10 27 22 26 0 27 22 22 5 15 8 12 18 7 23 8
19 17 5 10 4 4 20 13 24 0 3 16 10 10 6 20 16 12 4 8
11 3 19 16 5 3 1 22 8 21 0 11 19 11 8 8 27 7 27 9
24 7 14 24 20 2 1 24 5 3 2 0 20 18 23 20 15 14 21 7
12 22 10 16 12 23 5 13 1 5 3 20 0 24 19 28 28 23 27 8
26 3 10 5 1 25 20 2 8 22 6 9 16 0 17 22 2 24 19 8
8 6 4 21 14 3 16 18 21 10 2 6 28 20 0 12 11 3 9 17
21 21 1 17 5 13 9 21 7 25 11 22 11 26 20 0 6 28 17 22
17 18 26 28 12 18 2 2 10 11 26 21 14 26 28 14 0 22 27 25
2 6 22 19 20 9 22 9 22 26 6 25 25 18 2 27 10 0 20 17
6 12 14 26 22 5 12 26 19 26 11 26 16 25 21 17 11 2 0 16
23 8 19 23 9 2 6 9 24 18 9 2 11 17 23 11 23 20 16 0

0 15 26 27 28 13 6 13 9 16 28 7 26 8 1 7 21 14 23 12
22 0 5 15 12 19 21 22 18 24 5 12 14 7 3 24 8 11 4 5
21 16 0 4 24 13 28 13 11 26 2 3 5 20 16 12 8 21 23 11
24 15 2 0 1 23 1 4 10 13 24 19 14 7 12 3 18 18 6 2
11 25 20 14 0 23 3 25 21 7 17 27 2 8 22 23 5 2 23 6
2 13 25 22 7 0 6 8 21 2 3 26 3 3 18 3 16 10 25 3
22 22 15 12 7 28 0 17 18 27 21 22 1 21 2 17 21 17 20 16
2 24 6 15 10 17 22 0 8 8 25 9 22 28 6 5 16 10 16 14
20 5 23 22 9 25 26 3 0 26 20 1 15 13 17 21 26 7 6 10
20 16 19 6 13 6 20 7 17 0 25 19 11 7 26 4 26 19 20 26
6 3 16 26 16 16 10 23 22 3 0 12 28 13 17 18 4 26 14 22
7 19 15 25 14 16 7 15 23 15 22 0 22 25 25 9 20 28 13 25
9 21 16 6 28 27 23 3 17 24 9 26 0 19 15 14 3 8 3 26
6 26 13 10 25 1 27 18 26 20 17 8 1 0 25 3 28 5 16 18
17 4 22 25 4 26 21 26 26 18 19 15 2 17 0 4 23 19 1 27
12 17 2 23 9 2 14 21 8 15 27 28 15 6 11 0 25 6 8 19
4 17 18 4 10 4 11 22 5 3 11 7 4 3 5 28 0 26 6 28
11 21 18 16 3 8 22 13 18 9 15 21 4 13 15 12 12 0 23 27
14 28 26 21 14 1 17 16 19 5 15 3 23 16 7 10 27 20 0 14
20 18 22 24 23 5 1 8 7 18 6 10 2 14 18 28 12 7 15 0

0 17 26 3 2 28 16 27 19 6 9 7 14 5 15 14 11 12 10 5
10 0 7 28 19 18 20 20 23 3 12 14 12 25 24 23 25 18 11 14
13 22 0 22 27 22 17 27 13 10 26 8 17 20 12 7 17 19 15 7
1 20 8 0 9 3 2 15 10 16 26 28 20 28 27 16 8 9 3 21
3 7 25 16 0 10 9 18 16 9 12 19 13 14 15 14 10 10 7 2
9 10 21 24 5 0 16 14 21 2 14 9 3 16 27 10 27 25 17 5
4 5 6 19 26 24 0 18 16 23 11 1 14 14 26 26 20 22 4 5
22 14 2 17 1 11 14 0 22 26 21 17 9 23 14 7 21 14 21 21
24 22 23 3 17 17 3 11 0 10 20 5 21 8 18 21 24 27 1 13
15 16 7 18 19 1 21 26 13 0 28 18 19 1 15 9 13 28 24 24
9 1 14 19 3 5 11 23 13 4 0 5 13 28 16 15 22 28 16 25
10 27 21 23 8 19 2 8 2 2 10 0 25 15 17 3 13 26 3 15
1 10 9 19 11 24 7 19 22 12 11 21 0 20 15 27 20 11 12 9
22 12 22 24 18 18 1 8 7 4 22 19 20 0 16 9 28 24 3 21
27 13 27 20 8 5 14 21 22 15 18 11 19 2 0 10 17 7 20 18
20 8 4 8 3 28 26 5 11 9 19 6 17 1 24 0 24 23 21 7
8 13 15 20 10 16 4 13 24 11 5 9 24 28 13 19 0 11 5 7
4 22 17 10 1 24 6 28 13 13 19 18 7 24 22 9 1 0 11 4
28 9 23 6 18 5 19 27 2 21 17 9 17 2 21 21 22 28 0 20
7 17 17 5 28 10 19 22 4 11 16 10 6 12 12 26 20 9 21 0

0 21 26 18 22 25 28 8 27 18 12 13 24 2 21 6 13 11 18 7
13 0 28 18 2 25 28 10 13 19 12 8 16 8 3 8 8 28 11 10
25 2 0 25 25 27 23 4 24 7 15 17 22 22 7 6 27 22 4 17
11 27 9 0 6 6 25 25 20 7 20 8 28 6 21 19 15 17 20 22
3 2 9 28 0 5 21 15 8 17 23 16 9 9 22 26 3 13 12 7
20 15 14 3 7 0 4 25 6 28 6 1 10 1 6 16 26 17 7 11
16 26 25 10 15 9 0 3 14 7 17 18 21 10 23 19 7 9 7 23
16 22 20 15 20 26 17 0 6 27 26 26 21 15 12 10 12 9 11 18
26 5 13 20 14 28 9 12 0 4 13 20 13 12 28 14 25 9 26 16
24 20 15 10 15 3 11 9 27 0 3 23 22 16 28 26 15 2 20 7
28 10 11 19 26 1 22 28 20 16 0 8 22 7 6 1 13 26 4 24
21 16 10 23 24 25 4 23 13 9 14 0 16 20 3 27 3 26 26 5
9 27 21 3 12 9 27 27 3 24 11 21 0 21 28 23 16 19 9 12
8 24 5 11 12 17 8 26 15 3 4 14 19 0 26 10 15 22 22 14
12 22 21 17 8 23 12 4 19 22 11 5 22 11 0 12 19 4 1 23
22 18 7 16 2 3 20 6 27 21 9 4 24 2 6 0 24 9 3 17
28 17 9 5 6 19 27 6 8 13 25 22 15 13 18 18 0 21 8 5
7 18 7 20 21 11 1 2 5 20 23 17 14 24 15 2 17 0 9 16
4 24 24 1 27 4 16 14 2 21 6 10 11 4 23 10 10 25 0 14
9 4 7 16 17 8 2 16 14 1 24 16 5 23 11 25 15 11 3 0

0 10 21 25 23 4 6 17 8 23 18 11 18 15 8 26 7 26 20 2
3 0 5 9 18 11 27 19 19 20 18 7 13 13 28 1 28 20 16 25
4 4 0 26 9 11 19 8 8 17 19 24 20 20 20 15 16 10 13 17
21 19 4 0 7 21 27 10 22 1 14 11 7 10 6 2 11 28 15 4
13 18 12 23 0 12 10 2 17 21 18 18 24 10 11 16 3 15 7 2
25 17 11 11 15 0 4 14 28 7 17 2 1 26 7 11 27 16 14 18
10 15 26 24 24 18 0 19 3 3 11 10 20 24 26 19 22 7 9 24
22 21 7 19 27 4 23 0 9 26 2 8 25 2 15 17 2 20 27 23
24 2 28 6 11 2 12 16 0 7 23 12 5 23 18 5 17 20 20 11
21 5 23 17 20 11 17 3 11 0 25 13 10 4 28 12 27 13 15 19
6 25 18 17 8 25 16 17 27 20 0 25 22 5 9 25 11 10 20 5
15 9 15 8 10 2 18 16 6 5 22 0 17 28 15 25 15 10 3 19
14 24 22 6 16 28 18 13 22 10 1 20 0 21 22 13 11 2 16 17
27 18 22 11 8 20 26 21 21 21 6 16 26 0 28 8 5 23 25 20
17 2 20 25 5 14 1 17 20 28 2 24 26 11 0 15 2 22 18 5
6 1 25 15 20 21 9 2 12 17 2 23 9 27 9 0 4 20 1 6
12 12 2 11 10 10 20 27 28 21 8 1 14 19 7 6 0 7 1 8
13 19 20 28 5 21 16 10 5 3 15 23 2 12 7 16 19 0 4 1
24 18 27 21 26 21 4 7 7 11 16 14 8 1 8 27 7 3 0 10
14 25 14 6 20 23 14 5 23 16 20 16 23 18 4 22 23 5 12 0
