20 10 9
10    3  4 32  6 32  9 32    2  2 16  3 16    7  0 33  1 33  3 33  5 33  6 33  7 33  9 33    3  0 12  5 12  8 12    6  1 70  2 70  3 70  6 70  7 70  8 70    5  0 10  4 10  6 10  8 10  9 10    7  0 75  1 75  2 75  3 75  4 75  7 75  9 75    2  0 82  2 82    6  1 88  4 88  5 88  7 88  8 88  9 88    5  1 20  2 20  7 20  8 20  9 20
10    1  8 39    5  1 81  4 81  6 81  8 81  9 81    6  0 91  1 91  2 91  3 91  5 91  8 91    4  1 56  4 56  5 56  7 56    5  1 69  4 69  6 69  7 69  9 69    3  1 45  7 45  9 45    4  0 59  3 59  6 59  7 59    5  0 86  2 86  6 86  8 86  9 86    2  2 36  9 36    5  1 68  3 68  6 68  7 68  9 68
10    3  3 84  4 84  6 84    5  1 57  2 57  5 57  6 57  9 57    3  4 41  5 41  7 41    5  2 73  4 73  5 73  6 73  8 73    5  1 81  4 81  5 81  6 81  7 81    4  0 88  5 88  6 88  9 88    6  0 38  1 38  4 38  5 38  6 38  8 38    7  0 17  1 17  4 17  5 17  7 17  8 17  9 17    3  0 83  6 83  8 83    6  0 5  1 5  3 5  4 5  5 5  6 5
10    6  0 20  1 20  2 20  3 20  4 20  6 20    7  0 6  1 6  2 6  3 6  4 6  5 6  9 6    5  1 15  2 15  4 15  5 15  7 15    5  1 19  4 19  5 19  8 19  9 19    5  0 30  1 30  3 30  6 30  9 30    3  0 94  2 94  4 94    3  3 45  4 45  6 45    4  0 17  4 17  7 17  9 17    3  1 18  3 18  7 18    7  1 88  2 88  3 88  6 88  7 88  8 88  9 88
10    4  0 24  2 24  6 24  9 24    6  0 49  1 49  2 49  4 49  6 49  7 49    5  2 16  3 16  5 16  7 16  9 16    4  3 11  4 11  5 11  8 11    9  0 60  1 60  3 60  4 60  5 60  6 60  7 60  8 60  9 60    5  0 5  1 5  4 5  7 5  9 5    4  0 63  3 63  6 63  8 63    8  0 25  1 25  2 25  3 25  4 25  5 25  7 25  9 25    4  2 15  3 15  6 15  7 15    7  0 45  1 45  2 45  3 45  5 45  6 45  7 45
10    4  1 86  5 86  6 86  7 86    3  1 50  5 50  8 50    6  1 77  2 77  3 77  5 77  6 77  8 77    3  1 54  6 54  7 54    6  1 48  2 48  4 48  6 48  7 48  9 48    5  0 93  2 93  5 93  7 93  8 93    5  1 32  3 32  6 32  7 32  9 32    5  0 92  5 92  6 92  7 92  9 92    3  3 45  5 45  6 45    2  4 71  6 71
10    4  0 86  3 86  5 86  9 86    5  0 90  3 90  6 90  7 90  8 90    3  3 78  5 78  8 78    3  5 88  8 88  9 88    2  2 57  5 57    5  0 32  1 32  5 32  6 32  9 32    6  1 57  2 57  4 57  5 57  7 57  9 57    4  3 86  7 86  8 86  9 86    5  4 71  5 71  7 71  8 71  9 71    3  1 39  4 39  7 39
10    5  0 59  2 59  3 59  4 59  6 59    6  2 18  3 18  5 18  7 18  8 18  9 18    7  3 31  4 31  5 31  6 31  7 31  8 31  9 31    5  4 41  5 41  6 41  7 41  9 41    3  3 20  4 20  7 20    2  1 83  5 83    5  3 65  4 65  6 65  7 65  8 65    5  0 54  4 54  5 54  6 54  9 54    4  2 94  4 94  6 94  7 94    5  0 69  1 69  2 69  7 69  8 69
10    4  0 47  3 47  4 47  9 47    7  2 79  3 79  4 79  5 79  6 79  7 79  9 79    7  2 76  3 76  5 76  6 76  7 76  8 76  9 76    6  0 59  3 59  5 59  6 59  7 59  8 59    4  1 72  2 72  6 72  7 72    5  0 8  2 8  4 8  7 8  8 8    4  0 30  1 30  3 30  9 30    3  0 73  5 73  8 73    4  0 57  1 57  7 57  9 57    6  1 84  2 84  3 84  4 84  8 84  9 84
10    3  0 59  3 59  7 59    2  2 89  3 89    6  1 10  2 10  3 10  4 10  7 10  9 10    4  2 45  5 45  7 45  9 45    6  1 8  2 8  3 8  4 8  5 8  7 8    7  0 54  2 54  3 54  4 54  5 54  6 54  7 54    6  2 88  3 88  4 88  5 88  6 88  8 88    5  0 20  3 20  4 20  5 20  8 20    2  3 7  9 7    5  0 62  1 62  2 62  6 62  9 62
10    4  0 63  2 63  3 63  5 63    5  0 9  5 9  6 9  7 9  9 9    5  0 77  4 77  5 77  6 77  8 77    3  3 37  4 37  8 37    2  2 5  4 5    3  4 13  6 13  8 13    5  2 79  5 79  6 79  8 79  9 79    5  0 24  1 24  2 24  3 24  5 24    4  1 10  3 10  5 10  7 10    6  0 82  2 82  3 82  4 82  7 82  9 82
10    3  0 74  7 74  8 74    6  0 32  1 32  4 32  6 32  7 32  8 32    4  2 61  4 61  7 61  8 61    5  0 53  5 53  6 53  7 53  8 53    3  0 92  4 92  7 92    5  0 20  5 20  7 20  8 20  9 20    3  3 10  6 10  8 10    5  2 5  3 5  7 5  8 5  9 5    5  1 45  4 45  5 45  6 45  7 45    4  0 23  1 23  5 23  7 23
10    5  0 85  2 85  6 85  8 85  9 85    2  1 51  9 51    7  0 61  1 61  3 61  4 61  5 61  7 61  8 61    6  2 99  4 99  5 99  7 99  8 99  9 99    8  2 37  3 37  4 37  5 37  6 37  7 37  8 37  9 37    3  0 94  6 94  7 94    6  1 98  2 98  4 98  5 98  7 98  9 98    5  0 65  6 65  7 65  8 65  9 65    3  0 33  3 33  9 33    2  0 75  7 75
10    7  0 51  1 51  4 51  5 51  6 51  7 51  8 51    1  3 24    4  3 8  5 8  6 8  9 8    4  3 30  4 30  6 30  8 30    3  5 12  7 12  9 12    5  1 23  2 23  5 23  7 23  8 23    3  1 7  2 7  8 7    6  1 17  3 17  4 17  5 17  8 17  9 17    7  1 35  2 35  3 35  5 35  6 35  7 35  9 35    3  0 81  1 81  6 81
10    5  0 71  1 71  6 71  7 71  8 71    5  0 42  1 42  2 42  5 42  6 42    4  2 68  4 68  5 68  8 68    5  0 31  2 31  3 31  7 31  8 31    8  0 29  1 29  3 29  4 29  5 29  6 29  7 29  8 29    6  0 63  1 63  2 63  3 63  7 63  8 63    6  2 65  3 65  4 65  5 65  6 65  9 65    3  3 70  7 70  9 70    6  1 27  2 27  3 27  5 27  6 27  7 27    5  0 93  2 93  5 93  8 93  9 93
10    4  0 28  1 28  7 28  8 28    5  0 38  1 38  2 38  4 38  5 38    7  0 51  1 51  2 51  3 51  4 51  5 51  8 51    5  4 70  5 70  6 70  7 70  9 70    3  1 33  2 33  6 33    6  0 78  2 78  4 78  5 78  8 78  9 78    6  3 45  4 45  5 45  7 45  8 45  9 45    4  0 90  2 90  3 90  9 90    7  1 54  2 54  3 54  4 54  6 54  7 54  9 54    3  0 72  7 72  9 72
10    3  0 18  1 18  4 18    6  0 90  1 90  2 90  4 90  5 90  6 90    8  1 25  2 25  3 25  4 25  5 25  6 25  7 25  8 25    6  0 92  3 92  5 92  6 92  7 92  8 92    6  0 85  1 85  3 85  5 85  6 85  8 85    4  1 35  2 35  3 35  5 35    4  0 29  4 29  5 29  7 29    7  0 81  1 81  2 81  3 81  4 81  7 81  8 81    5  0 80  1 80  5 80  6 80  9 80    4  1 59  2 59  3 59  6 59
10    5  0 67  1 67  3 67  5 67  7 67    4  2 96  3 96  5 96  8 96    5  1 38  4 38  6 38  7 38  9 38    4  0 86  3 86  4 86  6 86    3  0 97  3 97  9 97    7  0 94  1 94  2 94  3 94  5 94  6 94  7 94    3  0 86  4 86  7 86    8  0 35  1 35  2 35  3 35  4 35  5 35  6 35  8 35    3  3 82  7 82  9 82    6  0 45  1 45  2 45  4 45  8 45  9 45
10    4  2 92  3 92  5 92  8 92    5  1 51  2 51  6 51  8 51  9 51    3  3 59  4 59  9 59    3  5 52  6 52  7 52    5  1 8  2 8  4 8  5 8  6 8    5  2 70  5 70  7 70  8 70  9 70    5  0 75  1 75  5 75  6 75  7 75    4  0 54  2 54  3 54  9 54    3  0 60  1 60  7 60    4  0 33  7 33  8 33  9 33
10    3  3 98  4 98  8 98    2  0 80  7 80    6  0 78  3 78  5 78  6 78  7 78  9 78    7  0 82  2 82  4 82  5 82  6 82  8 82  9 82    6  1 7  2 7  4 7  6 7  7 7  8 7    5  0 89  3 89  4 89  8 89  9 89    4  0 69  1 69  3 69  5 69    5  0 51  3 51  4 51  5 51  9 51    4  2 79  4 79  7 79  8 79    6  0 62  2 62  3 62  4 62  6 62  9 62

0 16 22 12 9 6 17 16 20 8 15 13 12 4 5 21 4 2 8 5
14 0 17 25 20 5 13 13 16 19 26 2 11 27 17 7 16 14 14 1
2 20 0 16 13 1 20 26 7 7 23 20 25 6 15 26 20 26 1 3
10 13 11 0 17 11 16 17 10 17 9 8 20 1 24 16 1 27 17 4
21 16 27 27 0 2 13 27 16 9 9 23 25 20 10 15 17 14 12 4
13 7 24 10 21 0 9 24 17 1 1 27 15 23 16 4 20 25 10 15
21 5 25 6 15 4 0 20 11 26 20 27 22 1 6 13 15 26 2 6
14 6 22 22 24 7 22 0 9 2 12 9 20 23 25 14 18 6 8 8
20 6 9 10 21 20 1 25 0 18 17 19 13 12 21 16 15 1 9 11
25 18 1 20 14 4 1 22 3 0 21 27 26 16 2 15 7 1 17 3
15 11 1 8 24 23 13 26 13 2 0 5 13 20 7 10 26 11 18 3
2 14 16 27 2 22 8 16 12 26 20 0 7 18 4 12 2 25 2 16
7 19 27 14 5 26 9 2 21 21 14 1 0 13 18 2 16 26 15 1
22 10 27 22 2 9 8 6 3 8 25 11 23 0 24 2 7 25 8 4
27 14 24 5 24 18 26 17 20 13 7 23 5 5 0 23 2 22 16 24
18 27 20 9 17 9 2 14 2 26 25 21 27 11 26 0 26 9 20 16
8 15 22 5 21 10 17 13 27 21 23 6 11 4 12 25 0 18 6 1
26 8 15 1 1 7 6 6 20 19 26 19 12 1 19 27 24 0 15 11
5 1 11 16 21 10 10 2 3 9 13 16 25 11 17 17 6 16 0 20
12 6 10 15 13 23 4 15 22 13 17 1 13 11 8 3 16 21 8 0

0 24 25 15 6 4 6 15 21 5 5 20 23 9 26 4 14 4 13 21
26 0 16 24 25 11 17 21 18 10 18 1 12 7 21 24 6 21 15 3
8 21 0 1 25 7 26 6 23 13 16 11 23 12 23 8 15 13 16 25
23 12 16 0 19 15 2 9 15 4 13 7 22 2 4 7 1 21 15 16
17 12 25 27 0 27 23 9 23 14 27 24 19 11 7 20 13 23 24 1
11 18 10 16 17 0 11 11 19 27 8 26 8 10 17 3 8 23 5 20
1 2 4 1 20 2 0 21 17 26 18 20 24 16 20 19 12 20 13 15
11 4 22 4 2 18 3 0 18 27 22 2 10 23 14 5 15 20 8 19
2 26 27 14 11 7 10 12 0 24 1 4 11 16 22 22 2 18 27 17
15 18 9 27 3 6 3 2 15 0 26 27 17 11 26 21 27 10 10 15
22 10 6 3 26 23 9 11 7 23 0 21 8 1 27 7 23 12 5 1
9 5 3 8 7 24 27 21 5 23 24 0 19 5 25 5 24 8 13 7
23 1 25 4 27 15 9 20 21 9 12 26 0 9 24 26 8 9 25 16
18 13 16 19 11 21 16 10 1 16 21 8 8 0 7 2 12 19 19 26
11 9 16 6 9 19 21 15 22 5 10 21 10 9 0 6 2 23 19 10
14 7 15 16 1 19 8 10 23 24 18 8 10 12 12 0 21 21 17 19
18 15 20 22 19 10 2 4 7 22 13 1 8 7 10 17 0 11 10 19
8 2 5 9 27 1 2 6 7 2 10 26 5 7 19 11 7 0 26 6
26 21 27 18 2 15 12 25 3 11 1 9 2 15 26 10 16 15 0 3
3 24 9 9 3 22 16 10 20 20 8 12 2 25 26 20 25 10 23 0

0 9 8 10 21 13 23 14 21 27 1 13 19 26 9 6 22 18 19 7
13 0 23 13 4 8 9 3 24 18 7 5 26 3 10 5 20 3 19 6
12 13 0 27 20 16 8 15 3 9 22 17 14 10 15 15 20 9 25 1
6 7 12 0 20 19 27 13 17 16 15 17 11 24 2 17 16 24 7 1
27 12 17 25 0 5 20 23 15 12 23 12 10 6 17 14 5 24 14 9
15 1 11 22 20 0 13 17 26 9 9 3 22 16 23 24 12 27 7 18
19 26 19 26 18 17 0 24 21 25 10 25 26 21 17 15 21 14 14 12
8 10 26 2 14 23 20 0 10 1 26 7 8 8 12 27 24 14 4 13
6 6 16 5 12 6 4 23 0 27 10 27 22 7 8 8 1 16 18 26
25 14 21 5 16 13 18 8 19 0 23 4 4 19 15 3 12 27 14 14
9 20 20 14 20 27 27 17 2 9 0 1 19 22 14 24 11 26 21 27
14 5 9 16 12 14 14 16 26 15 27 0 3 17 2 8 16 13 16 20
2 9 3 24 5 4 25 14 13 7 10 25 0 22 15 20 14 15 7 25
27 2 21 13 3 16 3 8 4 20 26 25 3 0 21 6 10 16 4 20
6 7 20 19 22 6 26 27 10 4 16 18 10 17 0 21 2 22 19 25
12 11 7 4 10 22 20 8 9 16 18 11 24 11 3 0 27 11 18 20
25 19 3 20 2 23 7 20 3 8 3 12 11 23 19 1 0 3 9 18
11 6 14 15 6 23 10 17 9 13 19 15 8 19 1 3 21 0 14 26
26 2 20 22 23 19 8 1 23 17 25 15 7 18 8 2 7 19 0 3
21 7 6 14 24 14 18 27 12 26 24 13 21 21 5 7 18 12 20 0

0 20 18 25 15 19 10 27 23 4 27 12 1 1 14 6 13 17 12 4
9 0 25 17 27 17 6 19 19 17 12 26 12 11 17 26 8 2 15 1
13 1 0 3 1 16 8 9 3 25 11 12 8 24 26 20 2 24 1 21
22 11 16 0 21 12 16 22 2 20 26 6 13 11 25 21 8 24 19 14
23 10 7 1 0 9 4 6 20 17 7 15 13 9 12 5 11 13 7 19
25 19 3 22 2 0 13 18 9 22 16 15 13 15 10 6 7 21 17 1
13 6 17 11 21 11 0 25 27 10 13 24 7 14 6 2 15 18 20 25
8 9 25 14 22 5 25 0 8 16 19 24 4 11 5 13 23 21 27 17
3 2 3 13 8 24 13 6 0 13 1 5 2 18 14 18 23 8 18 19
20 18 5 5 5 11 12 4 26 0 7 12 7 10 4 25 11 27 25 4
22 22 16 12 7 14 22 15 18 1 0 3 18 16 26 16 8 24 2 15
6 2 21 14 8 24 10 11 23 24 5 0 27 26 4 14 15 12 1 14
9 25 26 2 20 12 26 2 5 5 26 18 0 2 20 21 19 27 25 6
17 4 25 5 27 7 7 16 15 20 1 12 1 0 12 8 1 27 10 3
20 8 2 25 19 2 14 8 20 10 10 13 26 27 0 24 16 24 15 5
11 16 27 14 4 22 23 6 23 4 16 27 14 11 24 0 16 15 9 1
20 2 3 6 22 20 17 23 6 17 4 27 6 11 2 15 0 13 8 22
12 13 22 8 10 5 21 14 10 20 15 10 9 27 24 17 7 0 12 27
16 20 16 12 11 22 3 16 26 27 1 23 26 18 2 23 8 22 0 2
17 26 6 21 12 9 19 18 26 27 21 23 23 6 10 18 12 20 17 0

0 14 8 19 5 18 24 5 1 22 1 22 14 17 23 24 10 6 22 23
17 0 23 11 20 5 23 23 3 20 4 19 12 25 23 20 11 4 11 10
9 15 0 21 5 7 24 23 24 27 22 26 26 11 22 18 21 4 2 1
9 11 13 0 23 18 11 26 11 7 8 8 12 26 6 8 15 25 24 13
18 26 10 1 0 19 18 9 13 17 19 17 15 21 11 24 11 23 22 15
6 13 2 1 11 0 20 19 26 17 5 27 19 8 10 17 11 18 4 14
12 23 24 9 5 8 0 24 22 11 18 27 23 4 14 24 13 24 15 10
24 2 3 1 27 27 4 0 24 2 27 5 20 20 8 3 14 21 24 6
15 13 11 21 6 14 10 18 0 10 14 1 2 19 26 12 21 25 1 2
21 14 13 22 14 16 4 25 27 0 18 24 16 25 22 19 10 6 6 18
27 22 19 22 4 15 6 23 13 17 0 25 8 23 8 22 4 24 5 15
12 21 15 22 10 21 16 18 27 15 9 0 26 23 23 5 14 8 8 4
6 2 15 7 6 16 22 10 3 27 14 26 0 11 8 15 16 24 8 24
26 27 7 9 24 6 27 23 17 21 19 20 26 0 1 14 17 13 15 21
16 20 13 21 5 9 7 8 18 6 13 5 26 25 0 18 11 15 6 24
20 13 16 11 26 2 21 27 20 22 3 26 18 11 12 0 20 20 4 2
17 16 4 21 12 8 24 19 13 15 16 10 23 7 2 26 0 9 3 16
14 17 26 7 13 23 13 23 2 15 6 9 11 21 20 23 16 0 22 14
19 15 17 8 27 8 17 24 15 11 16 15 17 14 19 1 27 6 0 11
26 25 14 18 12 26 13 6 17 22 17 8 14 22 27 21 17 11 10 0

0 14 14 24 22 9 23 7 2 17 15 18 19 23 9 23 3 16 6 14
16 0 13 27 4 14 13 4 7 16 27 12 23 18 15 24 6 18 27 24
8 8 0 13 12 27 13 18 5 21 10 8 10 26 8 9 11 2 12 11
21 21 21 0 13 15 11 4 12 17 19 25 23 27 4 24 1 26 9 23
9 2 3 3 0 20 1 16 16 11 26 8 24 11 27 13 1 18 14 7
10 26 26 27 26 0 3 2 20 8 12 22 3 7 10 18 11 13 20 15
15 15 27 14 3 22 0 19 19 18 9 24 25 15 4 2 25 5 8 3
15 16 20 19 24 6 13 0 16 20 4 13 11 12 19 17 24 24 4 3
12 5 10 1 1 13 12 1 0 1 4 19 4 3 23 16 11 26 6 22
10 20 2 8 6 22 7 7 8 0 21 5 14 24 21 26 1 1 6 5
21 9 24 10 13 12 3 19 22 22 0 27 17 4 3 12 21 23 1 26
11 20 11 6 10 16 20 3 7 11 14 0 3 14 12 16 23 5 6 23
19 9 26 5 9 23 15 3 22 25 21 19 0 3 8 27 11 27 11 15
10 15 20 24 8 21 14 3 16 26 27 8 24 0 6 12 10 5 8 6
14 1 9 8 23 9 1 1 22 10 20 20 6 4 0 16 4 27 12 12
8 12 8 19 8 6 26 25 4 3 2 25 6 10 19 0 6 3 2 13
20 10 7 25 7 24 20 13 3 27 2 19 13 23 16 16 0 2 8 11
6 8 13 8 26 10 14 19 27 23 10 19 22 21 4 2 26 0 27 21
2 22 13 8 26 16 4 21 23 7 9 12 23 26 22 23 9 17 0 3
15 25 24 7 3 8 13 9 17 6 15 21 22 9 16 13 8 8 19 0

0 7 14 4 25 14 18 13 5 25 16 5 24 17 14 11 3 26 6 27
23 0 3 18 15 17 20 26 13 26 15 13 8 24 11 6 22 1 2 3
18 26 0 2 14 1 27 19 24 26 19 20 8 12 7 11 14 8 6 13
13 27 18 0 19 20 24 14 23 25 14 24 23 19 8 14 7 17 2 18
11 20 19 3 0 5 10 13 7 4 8 4 20 23 2 18 12 22 10 7
12 27 19 24 27 0 27 14 25 10 11 8 12 11 23 24 21 19 7 6
14 17 22 22 4 2 0 21 13 22 27 21 1 22 17 11 18 9 2 23
24 8 11 13 7 10 7 0 5 3 11 7 13 23 26 26 17 11 26 15
12 11 16 2 18 25 3 24 0 3 18 24 19 3 14 5 10 9 23 26
11 19 17 22 11 15 4 5 23 0 25 17 21 27 10 9 21 3 9 22
4 10 18 12 19 10 16 25 25 16 0 13 3 3 20 9 15 9 1 27
25 10 7 14 26 18 24 21 1 3 24 0 9 14 13 21 2 14 16 24
20 7 14 18 3 14 15 9 11 15 11 21 0 15 18 9 21 21 11 6
25 4 7 9 13 2 21 13 7 26 2 14 21 0 6 27 9 19 2 13
2 12 20 5 11 5 21 6 22 26 3 8 22 18 0 3 2 13 8 23
10 6 13 7 11 26 19 24 17 11 20 19 7 8 12 0 25 5 22 8
5 4 8 23 22 16 1 16 23 17 15 18 17 21 2 25 0 9 22 10
23 26 11 6 22 3 20 9 12 20 5 2 22 18 12 23 16 0 21 10
6 16 5 11 11 9 5 1 18 11 7 14 6 11 21 15 10 12 0 17
21 26 8 17 17 19 14 14 27 9 7 22 13 1 10 22 18 10 19 0

0 18 13 9 9 10 6 17 23 7 15 8 18 21 21 16 15 24 24 3
17 0 14 7 4 9 13 10 6 12 13 10 8 26 26 7 8 1 12 18
14 11 0 22 3 5 17 18 26 25 17 8 20 12 23 26 10 20 17 4
26 5 17 0 15 12 10 13 8 9 25 7 4 6 13 15 4 14 10 7
16 22 27 21 0 22 1 15 10 11 6 7 25 27 17 4 25 16 1 14
24 3 25 22 6 0 26 6 17 25 20 5 10 24 21 5 24 11 20 1
25 21 25 27 13 8 0 24 17 4 16 21 15 24 4 10 25 4 26 6
27 18 14 22 7 17 3 0 12 10 10 19 16 26 4 26 27 11 8 13
21 18 2 25 10 17 21 24 0 8 5 5 15 1 25 21 11 26 20 18
18 4 19 14 25 20 24 13 25 0 1 26 12 15 17 22 16 12 12 12
11 4 13 12 10 8 14 9 12 8 0 14 24 23 18 22 8 23 27 10
22 16 8 17 4 26 8 27 9 11 5 0 25 9 7 5 7 24 11 24
9 7 2 16 6 6 5 2 2 9 1 11 0 20 26 24 5 27 12 25
7 7 25 14 12 9 18 13 18 5 25 15 6 0 13 22 23 19 3 3
25 15 19 16 21 6 11 16 21 6 14 17 20 12 0 26 23 22 4 5
22 4 7 1 3 17 25 4 23 1 27 18 13 3 6 0 12 19 12 27
21 13 2 19 17 9 2 15 12 25 16 17 13 7 25 7 0 23 7 20
9 18 4 2 22 5 19 25 21 24 1 17 12 9 9 2 12 0 26 16
18 24 9 7 20 21 5 2 18 7 26 6 27 10 17 15 22 22 0 20
16 10 16 27 25 27 18 6 12 13 12 4 14 5 20 5 9 23 19 0

0 1 17 24 11 5 1 20 14 5 10 3 8 12 6 19 21 13 12 6
9 0 16 24 1 24 17 4 1 26 22 1 21 15 16 24 15 4 6 5
22 2 0 26 22 2 26 16 7 24 12 3 14 8 4 25 23 16 25 16
24 4 2 0 1 20 8 4 21 13 2 26 10 2 27 16 27 17 12 10
6 23 6 20 0 16 14 7 26 4 19 27 4 26 27 20 6 1 21 17
5 24 17 4 12 0 3 16 23 5 26 2 6 15 7 8 5 17 2 1
13 26 25 12 6 11 0 1 25 19 19 23 12 23 22 3 5 19 5 19
17 4 20 10 8 14 12 0 4 23 26 5 21 21 7 7 5 4 6 1
7 19 12 9 2 25 19 13 0 21 17 2 27 3 16 9 20 15 3 24
4 4 10 7 2 26 22 11 25 0 5 24 15 6 19 22 12 19 20 14
9 15 22 25 5 16 18 15 7 13 0 3 18 9 7 12 4 26 19 9
13 14 1 14 4 7 20 23 11 14 19 0 14 1 1 20 8 10 4 26
10 25 5 21 24 27 17 11 23 3 15 24 0 17 17 4 8 8 9 8
3 20 11 3 11 6 1 2 21 8 21 19 8 0 22 26 11 5 12 26
16 27 17 23 15 18 3 3 14 8 8 15 8 3 0 17 18 10 24 16
24 6 10 14 27 13 15 17 2 9 26 26 11 16 26 0 13 27 9 26
7 20 14 19 23 5 20 22 13 16 7 14 23 4 11 26 0 4 15 24
22 18 6 7 24 4 10 17 9 27 24 27 11 17 12 25 20 0 8 18
26 19 13 8 3 9 8 16 8 24 20 5 14 26 10 23 20 19 0 2
23 3 9 2 18 4 3 22 6 11 9 25 24 25 13 13 9 6 5 0

0 9 5 20 17 27 17 4 8 17 7 4 21 11 20 25 24 18 6 26
5 0 12 17 5 1 2 13 2 26 11 20 4 11 12 1 7 16 12 15
27 20 0 9 26 27 25 26 24 19 18 9 21 11 27 5 4 22 23 26
9 11 25 0 24 18 21 26 20 13 24 11 5 21 20 23 20 19 27 15
26 8 9 13 0 21 8 14 9 26 20 27 20 4 24 18 26 5 4 11
24 3 11 4 3 0 11 21 23 13 2 21 19 3 27 11 9 27 21 12
12 26 19 3 3 8 0 2 11 7 9 27 2 7 24 25 6 5 7 7
23 20 3 3 3 3 21 0 9 16 7 8 17 25 21 8 13 19 1 6
8 12 1 23 4 4 1 7 0 8 7 11 23 7 11 1 16 19 25 23
9 2 22 4 23 8 27 8 21 0 19 11 10 16 3 18 12 9 22 9
3 20 24 12 18 18 4 1 17 17 0 4 2 19 1 6 6 6 1 13
22 19 9 24 17 22 3 8 16 11 10 0 7 10 4 13 11 19 8 15
23 23 4 2 27 1 27 14 7 15 25 7 0 27 16 6 20 6 3 13
6 14 12 3 14 15 19 3 9 22 15 3 24 0 5 10 26 19 8 1
12 11 13 22 23 3 6 24 19 9 24 5 27 22 0 13 9 21 4 2
9 9 13 22 2 7 17 24 8 13 5 6 21 24 21 0 13 27 20 10
6 9 20 18 13 23 6 12 26 5 26 1 27 27 6 13 0 26 24 25
22 6 4 6 18 5 27 2 10 24 23 19 1 20 12 15 17 0 17 9
14 23 24 10 9 10 10 21 12 3 14 22 22 25 25 20 12 21 0 25
18 1 26 11 14 15 10 6 5 23 6 1 16 4 5 2 3 11 5 0
