15 15 3
15    1  4 21    1  3 55    2  6 71  2 71    2  14 98  0 98    1  10 12    2  2 34  7 34    2  9 16  12 16    3  1 21  14 21  6 21    3  0 53  13 53  4 53    2  7 26  5 26    3  8 52  2 52  4 52    2  5 95  4 95    2  12 31  1 31    2  11 42  5 42    3  13 39  5 39  3 39
15    2  11 54  13 54    1  4 83    1  1 77    3  7 64  13 64  10 64    2  8 34  14 34    1  14 79    3  12 43  2 43  13 43    1  0 55    1  3 77    2  6 19  5 19    1  9 37    1  5 79    3  10 92  2 92  1 92    1  13 62    2  2 66  14 66
15    3  9 83  6 83  4 83    1  5 77    3  2 87  9 87  1 87    1  7 38    3  4 60  6 60  2 60    2  12 98  7 98    1  0 93    3  13 17  6 17  2 17    2  6 41  7 41    1  10 44    1  3 69    2  11 49  5 49    2  8 24  10 24    2  1 87  14 87    2  14 25  0 25
15    2  5 77  8 77    2  0 96  10 96    1  9 28    1  6 7    2  4 95  11 95    2  13 35  4 35    3  7 35  0 35  1 35    2  8 76  14 76    3  11 9  0 9  8 9    2  12 95  7 95    2  2 43  11 43    1  1 75    1  10 61    1  14 10    2  3 79  4 79
15    1  10 87    2  4 28  5 28    3  8 50  1 50  4 50    1  2 59    2  0 46  2 46    3  11 45  7 45  0 45    2  14 9  1 9    2  9 43  1 43    1  6 52    2  7 27  8 27    3  1 91  8 91  7 91    1  13 41    1  3 16    1  5 59    3  12 39  9 39  13 39
15    3  0 20  6 20  4 20    1  2 71    3  4 78  5 78  2 78    2  13 66  10 66    2  3 14  4 14    1  12 8    1  14 42    1  6 28    3  1 54  6 54  4 54    3  9 33  12 33  14 33    2  11 89  13 89    1  8 26    3  7 37  3 37  4 37    1  10 33    2  5 43  14 43
15    3  8 69  3 69  10 69    1  4 96    3  12 17  7 17  6 17    1  0 69    1  7 45    3  11 31  5 31  7 31    3  6 78  0 78  4 78    1  10 20    3  3 27  10 27  9 27    1  13 87    2  1 74  3 74    3  5 84  7 84  0 84    1  14 76    1  2 94    1  9 81
15    3  4 58  8 58  1 58    3  13 90  3 90  11 90    3  11 76  0 76  1 76    1  3 81    1  7 23    1  9 28    2  1 18  2 18    2  2 32  9 32    2  12 86  4 86    3  8 99  11 99  13 99    1  14 97    3  0 24  5 24  14 24    3  10 45  8 45  1 45    3  6 72  9 72  2 72    2  5 25  12 25
15    3  5 27  10 27  13 27    2  1 46  10 46    1  6 67    3  8 27  10 27  13 27    2  13 19  5 19    1  10 80    3  2 17  7 17  8 17    2  3 48  13 48    3  7 62  3 62  13 62    3  11 12  3 12  6 12    1  14 28    3  4 98  7 98  12 98    2  0 42  5 42    2  9 48  14 48    2  12 50  3 50
15    2  11 37  1 37    1  5 80    2  4 75  6 75    2  8 55  1 55    2  7 50  6 50    3  0 94  3 94  9 94    3  9 14  2 14  14 14    1  6 41    2  14 72  9 72    1  3 50    3  10 61  4 61  13 61    3  13 79  8 79  10 79    2  2 98  14 98    1  12 18    2  1 63  7 63
15    3  7 65  2 65  11 65    2  3 96  10 96    1  0 47    3  4 75  8 75  5 75    2  12 69  9 69    1  14 58    2  10 33  3 33    3  1 71  8 71  10 71    1  9 22    2  13 32  8 32    3  5 57  13 57  8 57    3  8 79  12 79  11 79    1  2 14    3  11 31  10 31  2 31    3  6 60  7 60  1 60
15    3  1 34  13 34  9 34    1  2 47    3  3 58  11 58  14 58    1  5 51    2  4 62  2 62    2  6 44  12 44    2  9 8  12 8    1  7 17    1  10 97    3  8 29  6 29  0 29    1  11 15    3  13 66  12 66  5 66    2  12 40  14 40    3  0 44  12 44  13 44    1  14 38
15    1  3 50    1  7 57    3  13 61  9 61  3 61    3  5 20  4 20  14 20    2  11 85  8 85    2  12 90  10 90    2  2 58  0 58    1  4 63    2  10 84  9 84    1  1 39    2  9 87  1 87    1  6 21    2  14 56  10 56    1  8 32    1  0 57
15    1  9 84    2  7 45  3 45    2  5 15  6 15    2  14 41  5 41    1  10 18    1  4 82    3  11 29  4 29  0 29    2  2 70  10 70    3  1 67  4 67  12 67    2  3 30  2 30    1  13 50    3  6 23  4 23  14 23    3  0 20  11 20  4 20    1  12 21    3  8 38  5 38  10 38
15    1  9 37    2  10 81  5 81    2  11 61  4 61    2  14 57  12 57    3  8 57  11 57  4 57    2  0 52  12 52    1  7 74    1  6 62    1  12 30    2  1 52  10 52    2  2 38  5 38    1  13 68    3  4 54  13 54  11 54    3  3 54  2 54  14 54    3  5 16  12 16  2 16

0 23 3 10 21 13 26 25 21 16 4 8 1 4 23
9 0 7 26 18 21 12 7 22 25 9 22 6 11 5
6 8 0 21 14 2 16 7 3 10 26 18 25 13 4
2 17 25 0 22 3 4 5 18 20 6 26 12 22 13
16 26 5 22 0 16 1 17 11 15 25 19 4 24 16
12 5 10 20 25 0 16 6 5 20 18 22 5 19 9
13 26 5 21 1 3 0 18 18 17 14 14 15 25 4
6 11 9 25 7 15 13 0 14 14 17 15 20 2 23
10 3 22 6 6 20 3 20 0 1 3 15 23 7 12
18 25 26 21 14 10 7 5 18 0 5 1 24 16 10
7 12 25 14 24 22 14 11 21 1 0 22 19 8 14
16 24 16 9 16 5 26 7 12 24 15 0 12 14 24
25 6 21 11 16 12 16 8 22 4 24 25 0 1 24
1 2 14 11 13 16 23 9 10 22 8 21 22 0 1
21 9 18 14 12 16 6 8 18 11 25 19 26 21 0

0 23 7 19 26 8 1 17 8 4 5 25 8 17 9
14 0 7 14 2 10 13 24 10 9 7 7 7 10 15
6 21 0 20 13 24 23 23 22 18 25 17 24 16 20
18 10 7 0 9 6 26 1 25 23 10 9 8 24 7
24 9 12 14 0 5 16 13 20 9 12 17 17 19 4
7 22 9 23 3 0 2 13 8 25 26 13 10 12 21
19 9 22 17 21 9 0 13 14 10 11 14 21 8 17
21 4 19 16 9 4 16 0 3 25 13 3 11 25 19
7 18 19 13 8 7 14 10 0 13 1 12 6 3 4
22 2 2 18 12 13 19 7 21 0 7 23 5 11 24
23 10 13 2 1 21 21 1 20 12 0 18 19 18 22
17 22 14 13 13 6 10 7 21 19 19 0 19 13 20
6 22 19 7 11 19 8 12 17 9 13 11 0 11 10
17 15 18 19 5 5 9 23 7 10 8 3 19 0 7
25 9 23 17 2 11 7 4 19 8 6 26 20 7 0

0 18 7 3 22 1 24 20 10 16 8 2 2 11 12
13 0 23 5 13 22 6 10 1 2 14 15 7 24 1
21 10 0 21 20 16 18 15 24 20 25 21 9 18 5
16 17 7 0 10 11 12 23 21 1 17 24 18 3 25
11 4 10 13 0 3 23 6 8 5 18 20 10 10 10
2 13 11 15 13 0 9 10 10 4 13 9 21 10 8
4 20 25 4 24 20 0 6 10 10 14 9 21 9 18
4 6 12 25 11 13 25 0 9 16 2 18 25 4 3
1 22 16 1 7 1 5 13 0 10 3 19 21 20 19
13 25 22 13 5 10 22 7 11 0 12 19 10 14 18
6 16 16 7 11 1 6 1 2 16 0 25 6 9 4
21 22 17 24 7 14 9 13 25 17 18 0 14 21 20
7 8 21 16 17 25 8 24 25 22 12 17 0 18 8
10 22 19 5 10 15 8 9 13 7 5 8 24 0 3
11 24 26 12 24 1 10 1 17 17 2 19 6 10 0

0 21 11 10 17 19 24 25 10 12 3 21 6 22 26
19 0 16 8 22 2 21 7 8 9 16 25 9 8 2
15 1 0 21 21 6 6 19 18 13 3 14 2 22 4
10 17 6 0 16 23 12 17 23 21 26 9 11 25 20
14 4 12 2 0 25 9 17 24 17 13 6 13 24 25
26 8 23 15 18 0 13 26 25 8 1 11 18 21 16
12 2 2 4 14 12 0 3 2 26 17 16 13 10 24
26 24 25 17 22 21 15 0 7 8 10 3 11 19 21
25 7 21 25 3 7 23 5 0 8 24 20 20 2 21
18 10 18 1 19 23 24 16 16 0 6 1 22 26 19
19 12 3 10 20 11 17 25 21 2 0 26 16 22 16
14 25 3 21 20 2 7 6 7 13 26 0 11 12 12
11 19 12 7 2 14 26 25 19 9 13 15 0 15 21
11 11 7 7 23 5 4 20 21 20 14 9 17 0 12
20 22 24 14 24 24 7 1 26 5 24 9 15 15 0

0 22 25 20 18 1 20 26 11 1 17 21 19 8 16
25 0 14 14 19 19 25 10 14 25 6 15 2 6 17
11 3 0 19 17 1 4 19 21 7 15 15 12 14 4
23 17 12 0 10 12 21 10 9 17 23 2 4 25 11
5 13 15 3 0 2 2 5 26 11 11 26 11 18 16
16 2 17 17 21 0 17 5 21 3 2 1 10 15 25
23 22 23 26 7 21 0 10 8 19 18 10 21 1 4
1 15 14 22 11 21 2 0 17 22 2 14 6 6 2
17 8 6 1 14 13 18 8 0 4 11 10 4 3 24
15 24 17 9 16 4 6 11 26 0 14 11 17 9 14
10 17 9 21 25 18 14 9 11 4 0 1 6 2 9
21 14 7 14 11 26 15 10 22 4 16 0 1 8 6
24 10 1 14 15 25 11 15 17 26 22 9 0 9 8
6 20 3 11 22 1 26 1 8 22 4 4 25 0 11
3 6 24 24 26 23 20 5 7 9 20 23 23 10 0

0 25 10 8 5 17 1 8 5 19 22 17 9 4 12
2 0 1 4 21 4 13 17 13 13 4 23 11 25 5
15 18 0 11 13 12 14 12 23 26 18 19 6 17 14
7 14 19 0 13 17 13 7 4 2 14 21 10 22 8
18 21 25 15 0 26 6 7 17 6 18 25 2 1 18
8 9 12 12 16 0 12 19 5 1 16 18 16 18 16
8 26 24 10 6 18 0 6 20 9 4 17 9 17 3
25 15 16 13 23 19 24 0 17 11 11 21 7 11 2
6 10 10 21 25 5 13 1 0 16 1 7 1 17 9
14 16 9 13 1 3 13 23 10 0 19 19 8 24 26
3 12 17 18 23 18 22 24 13 19 0 7 2 13 21
26 22 15 7 12 9 17 26 13 16 6 0 14 5 5
7 23 14 12 3 19 1 24 7 16 10 13 0 7 22
5 26 3 26 3 23 2 24 18 10 24 19 9 0 3
26 18 3 9 11 20 4 6 1 23 7 24 25 20 0

0 21 10 21 20 4 4 11 13 5 12 3 18 26 13
3 0 2 1 21 22 14 4 24 25 3 24 9 20 7
21 17 0 1 4 4 7 10 11 1 21 14 3 8 21
20 14 5 0 14 19 6 16 24 19 20 14 16 9 2
23 7 8 17 0 24 17 8 9 19 14 25 16 12 1
23 4 15 15 9 0 22 12 26 24 22 20 4 25 11
10 12 13 16 9 18 0 18 5 10 22 18 17 24 8
11 12 5 2 1 12 26 0 11 20 18 7 22 7 17
21 7 4 21 14 1 20 8 0 26 21 7 21 4 17
21 16 5 16 24 22 12 15 22 0 3 14 8 21 20
15 10 1 10 2 16 26 23 17 20 0 18 12 26 26
3 24 9 21 14 19 7 5 5 23 8 0 14 3 8
6 18 2 9 21 8 13 21 20 12 22 25 0 23 12
24 25 12 3 23 9 9 23 6 25 16 23 20 0 3
11 22 20 11 24 22 22 26 12 7 13 10 20 2 0

0 1 20 10 4 9 21 19 19 2 22 11 26 10 24
14 0 19 17 11 22 13 1 25 17 2 2 4 13 6
14 23 0 15 10 19 3 5 7 21 24 21 5 10 18
17 24 24 0 22 24 13 9 16 12 10 2 23 12 2
2 18 21 25 0 9 23 25 22 3 2 18 14 11 25
24 4 18 11 26 0 7 26 11 14 23 20 18 23 25
11 11 17 24 17 1 0 17 26 13 10 21 5 15 21
21 12 21 24 20 16 14 0 10 5 11 12 20 2 11
20 10 15 22 14 21 13 26 0 7 11 17 25 12 17
17 9 13 5 3 8 1 13 12 0 20 17 24 9 13
19 17 13 11 18 20 24 3 15 12 0 20 11 9 25
3 23 22 21 25 8 19 24 2 1 15 0 6 12 13
24 19 22 8 11 9 25 26 4 21 13 9 0 7 17
21 3 17 24 8 6 6 1 14 14 12 18 21 0 26
4 21 22 16 17 5 2 14 19 25 9 8 3 12 0

0 23 18 26 8 3 10 11 24 14 18 7 24 5 11
12 0 4 14 13 18 5 15 8 1 17 10 5 3 18
24 21 0 1 2 3 15 14 12 17 12 13 18 21 3
7 18 19 0 1 6 10 3 9 17 15 23 15 18 15
4 9 6 9 0 3 15 1 22 17 5 13 14 4 18
24 26 2 23 23 0 1 4 8 12 17 21 13 21 15
8 15 21 25 10 23 0 24 20 7 12 3 18 3 15
19 24 14 4 5 13 23 0 16 15 22 26 18 12 22
23 6 18 21 5 13 5 12 0 1 18 19 20 25 21
15 14 22 11 21 2 8 8 15 0 5 23 26 7 13
19 22 24 12 3 7 22 4 2 7 0 12 20 26 12
10 1 14 19 13 22 19 11 6 18 2 0 16 9 7
9 25 10 6 11 11 25 9 10 2 16 19 0 3 9
4 11 6 24 20 3 5 20 20 1 1 26 3 0 18
9 25 3 16 20 4 7 4 21 24 24 19 3 3 0

0 24 13 20 18 23 17 13 13 7 22 21 13 25 14
26 0 9 10 26 9 17 24 4 2 25 8 17 18 20
15 6 0 16 1 22 12 16 2 19 21 4 25 5 25
8 2 10 0 8 16 5 12 16 8 7 17 15 9 17
7 1 16 9 0 18 9 18 9 7 17 18 15 3 13
18 23 19 2 5 0 23 12 18 11 24 18 12 3 23
15 24 23 20 10 11 0 11 20 5 13 18 12 5 10
11 12 21 2 15 2 22 0 18 22 23 18 12 9 10
21 14 22 20 19 17 8 3 0 16 5 14 13 25 2
21 3 10 11 9 26 4 2 20 0 1 6 22 5 6
9 10 4 8 3 11 11 13 3 5 0 21 15 21 25
3 15 13 2 7 9 23 26 24 24 5 0 20 20 2
10 20 3 16 17 9 21 18 21 9 6 25 0 21 14
25 23 21 23 8 16 2 14 23 11 6 9 11 0 4
21 8 17 25 5 7 7 9 20 22 23 10 17 14 0

0 3 11 12 5 10 10 15 24 10 3 24 24 23 22
10 0 25 8 20 8 24 25 23 22 3 5 19 9 25
24 26 0 12 16 1 9 1 24 22 2 17 9 11 20
20 20 21 0 20 9 2 6 5 25 18 16 7 14 1
9 19 24 4 0 7 17 12 2 15 8 2 10 20 4
8 12 17 5 12 0 21 10 23 18 11 6 11 17 9
14 26 1 23 7 22 0 6 13 4 15 24 12 13 14
22 4 17 13 8 18 25 0 18 13 23 20 5 15 2
4 21 15 21 15 7 4 3 0 1 19 17 21 3 6
6 13 9 16 23 7 14 5 22 0 10 4 2 8 5
12 22 9 22 14 10 5 20 5 17 0 22 13 15 17
22 15 22 25 17 19 8 6 18 17 16 0 26 4 26
1 23 23 14 26 3 20 18 20 4 7 1 0 22 8
21 16 26 26 2 23 13 24 17 10 9 22 17 0 22
21 25 21 4 24 5 6 11 5 25 13 21 15 10 0

0 2 11 23 3 19 2 6 13 25 10 7 14 5 19
3 0 26 9 8 24 25 20 12 7 13 18 4 13 6
8 10 0 16 6 26 20 24 25 2 20 14 3 6 7
8 3 23 0 7 20 6 4 16 9 8 24 11 3 13
17 22 4 24 0 20 20 13 18 8 14 5 9 2 1
16 4 18 5 7 0 16 7 21 11 10 22 1 24 2
2 5 13 22 9 26 0 19 1 13 12 20 7 8 9
17 19 17 25 16 2 1 0 24 25 8 5 5 5 13
6 5 24 26 15 2 8 1 0 18 20 10 25 15 3
25 25 15 23 3 15 1 4 20 0 6 21 2 5 13
11 26 26 13 15 11 25 3 18 4 0 3 25 9 18
3 16 5 24 12 15 9 10 12 15 8 0 1 4 7
3 18 14 22 21 10 5 22 6 3 15 4 0 1 6
20 18 2 12 24 12 5 2 8 6 21 23 2 0 5
13 21 21 23 5 18 3 2 24 25 8 7 17 9 0

0 16 17 4 11 20 11 14 4 19 14 25 21 23 7
20 0 9 18 11 1 7 18 3 10 16 13 10 26 25
14 26 0 11 13 7 26 20 8 9 7 13 1 17 11
8 5 6 0 17 22 25 11 15 15 15 24 20 3 17
24 14 5 3 0 26 21 1 5 26 1 16 19 2 23
26 12 22 21 6 0 4 22 5 19 22 15 11 5 13
10 14 21 18 12 11 0 20 5 14 20 25 19 22 3
16 17 7 16 23 11 21 0 8 8 25 15 9 1 25
22 10 22 5 1 11 6 2 0 5 17 7 13 7 26
9 4 5 14 20 6 6 9 20 0 16 5 15 11 18
6 25 16 12 7 5 14 15 25 14 0 17 10 4 8
22 19 17 11 5 19 18 22 8 16 18 0 10 7 8
20 16 11 3 20 1 14 2 6 3 26 13 0 20 13
3 3 24 6 7 13 2 17 9 20 19 15 6 0 14
3 16 12 17 1 22 25 1 4 2 1 13 23 25 0

0 12 10 24 14 9 13 24 2 18 18 16 2 10 17
19 0 8 1 9 16 16 5 11 19 22 11 24 3 23
8 25 0 4 15 22 2 6 2 7 25 25 12 15 17
22 6 25 0 24 6 23 11 4 10 21 18 24 5 8
8 26 10 7 0 16 17 17 9 14 17 14 19 18 9
24 6 1 17 12 0 13 10 20 6 13 11 17 21 11
19 3 9 2 10 12 0 13 25 15 7 22 10 20 8
14 12 19 8 10 25 4 0 18 8 1 9 20 1 1
23 24 5 15 1 9 9 24 0 22 4 8 8 9 15
19 17 15 11 10 24 21 12 12 0 8 11 2 21 25
8 5 9 13 18 20 24 24 11 23 0 4 7 24 7
14 6 2 23 22 22 25 26 19 9 15 0 19 10 13
12 3 9 21 12 7 18 15 15 21 9 20 0 2 2
2 18 13 20 12 6 16 25 17 20 9 26 21 0 8
19 13 6 9 25 8 22 10 4 25 16 8 6 13 0

0 5 12 1 18 17 20 3 7 4 21 25 13 25 4
7 0 7 15 13 22 5 9 19 9 22 8 20 20 20
6 18 0 8 4 10 18 23 6 9 2 16 1 25 7
7 23 12 0 13 20 17 6 21 6 1 8 12 8 16
20 20 20 9 0 11 4 2 26 9 2 2 2 21 6
7 23 25 22 2 0 2 24 8 3 23 6 14 13 5
26 19 4 11 8 25 0 12 14 2 17 3 9 14 22
12 12 3 12 22 7 11 0 4 23 21 21 16 11 3
20 8 11 18 6 19 19 22 0 3 20 26 7 4 9
25 7 16 16 26 23 9 23 15 0 6 13 6 13 7
13 5 10 10 5 6 26 23 22 25 0 3 14 25 6
17 15 24 18 22 26 12 16 18 19 18 0 26 21 16
14 5 19 5 13 8 11 4 2 4 14 18 0 9 21
8 6 20 4 2 12 8 1 3 3 22 20 12 0 23
25 23 9 20 21 26 11 18 14 14 12 8 26 24 0
