15 10 3
10    1  9 66    1  5 91    1  4 87    1  2 94    2  7 21  9 21    1  3 92    1  1 7    1  0 12    1  8 11    1  6 19
10    1  3 13    1  2 20    2  4 7  8 7    1  1 14    1  9 66    2  0 75  9 75    1  6 77    1  5 16    1  7 95    1  8 7
10    1  8 77    2  7 20  2 20    1  2 34    1  0 15    1  9 88    1  5 89    1  6 53    2  3 6  9 6    1  1 45    1  4 76
10    2  3 27  1 27    1  2 74    1  6 88    1  4 62    1  7 52    1  8 69    1  5 9    1  9 98    1  0 52    1  1 88
10    1  4 88    2  6 15  2 15    1  1 52    1  2 61    2  7 54  4 54    1  0 62    1  8 59    1  5 9    2  3 90  8 90    1  9 5
10    2  6 71  7 71    1  0 41    1  4 38    1  3 53    1  7 91    1  8 68    1  1 50    1  5 78    1  2 23    1  9 72
10    1  3 95    1  9 36    1  6 66    1  5 52    1  0 45    1  8 30    1  4 23    1  2 25    1  7 17    1  1 6
10    1  4 65    2  1 8  2 8    1  8 85    1  0 71    1  7 65    1  6 28    1  5 88    1  3 76    1  9 27    1  2 95
10    1  9 37    2  1 37  4 37    1  4 28    1  3 51    1  8 86    1  2 9    1  6 55    1  0 73    1  7 51    1  5 90
10    1  3 39    1  2 15    2  6 83  4 83    1  9 44    1  7 53    1  0 16    1  4 46    1  5 24    1  1 25    1  8 82
10    1  1 72    1  4 48    1  0 87    1  2 66    2  9 5  7 5    1  6 54    1  7 39    1  8 35    1  5 95    1  3 60
10    2  1 46  8 46    1  3 20    1  0 97    1  2 21    1  9 46    1  7 37    1  8 19    1  4 59    1  6 34    1  5 55
10    1  5 23    1  3 25    3  6 78  3 78  8 78    2  1 24  6 24    1  0 28    1  7 83    2  8 28  0 28    1  9 5    1  2 73    1  4 45
10    2  1 37  7 37    1  0 53    1  7 87    1  4 38    1  3 71    1  5 29    2  9 12  0 12    1  8 33    1  6 55    1  2 12
10    2  4 90  9 90    1  8 17    1  2 49    1  3 83    1  1 40    1  6 23    1  7 65    1  9 27    2  5 7  3 7    1  0 48

0 7 10 1 15 19 6 3 12 18 6 24 16 6 6
10 0 1 13 3 3 13 20 24 14 3 24 7 1 12
5 8 0 9 7 17 24 17 5 2 15 21 11 9 3
19 6 4 0 1 12 3 10 18 19 21 11 6 7 14
13 9 13 23 0 14 7 21 9 22 23 9 17 7 24
24 6 17 24 14 0 5 15 8 19 2 3 19 19 8
6 3 7 16 4 7 0 6 6 24 13 19 13 11 12
7 24 18 15 17 1 10 0 23 4 3 18 11 1 9
14 14 16 11 3 24 6 7 0 1 2 6 24 13 18
12 7 16 12 2 6 17 6 6 0 8 6 16 24 4
14 14 14 17 24 19 18 24 15 20 0 3 8 16 9
2 1 4 14 13 20 12 3 10 13 4 0 4 17 14
3 23 13 13 24 9 3 22 11 11 2 24 0 23 9
8 4 5 18 8 16 18 13 13 21 7 18 4 0 16
1 1 22 16 20 19 10 7 18 14 14 14 4 20 0

0 13 15 19 1 6 11 7 21 3 24 1 12 20 2
6 0 15 1 2 11 22 18 12 14 13 1 7 9 10
10 8 0 24 4 14 23 7 11 8 7 3 13 1 7
4 14 6 0 11 8 23 2 4 15 2 15 19 5 14
9 17 19 21 0 20 14 16 13 19 4 21 4 21 9
14 17 16 19 9 0 2 6 7 10 15 3 20 4 21
22 13 4 23 12 18 0 14 10 21 13 8 5 21 1
7 22 23 8 18 5 16 0 11 14 7 23 22 21 16
23 9 8 19 16 20 4 10 0 7 13 22 22 21 6
1 2 13 23 16 13 9 15 12 0 9 12 23 15 16
20 6 17 3 24 16 21 13 5 10 0 2 17 12 2
18 1 14 16 4 4 1 5 14 11 3 0 20 10 4
17 9 2 18 9 23 3 15 22 19 8 19 0 20 16
20 7 21 21 9 20 5 15 17 10 10 6 12 0 19
18 18 7 8 16 20 21 2 21 1 12 19 15 4 0

0 1 4 1 19 2 10 18 8 12 5 17 19 9 2
5 0 15 23 22 20 4 7 24 6 7 22 8 20 9
14 11 0 3 1 4 3 8 21 21 9 12 16 3 10
20 5 12 0 16 14 12 16 24 20 16 22 15 19 18
20 14 21 18 0 3 17 5 20 18 15 16 10 15 3
24 17 12 12 9 0 21 1 12 12 10 21 13 5 1
24 16 17 7 7 20 0 16 21 17 9 23 5 3 9
15 6 18 20 16 2 2 0 13 3 14 11 1 6 22
20 12 19 10 16 23 18 8 0 20 2 9 19 15 12
3 10 1 8 10 4 13 20 18 0 7 19 6 16 7
19 5 9 11 17 6 9 5 17 12 0 7 5 13 3
2 3 11 16 6 3 23 5 10 19 17 0 10 14 16
2 11 16 2 4 17 16 3 17 9 9 8 0 20 24
14 22 11 13 9 5 15 17 4 11 8 15 12 0 6
19 13 8 23 21 21 18 23 7 16 5 9 16 8 0

0 15 4 7 7 14 20 18 18 22 10 9 13 21 15
10 0 6 3 15 7 6 9 11 18 12 3 23 22 7
14 15 0 18 14 14 11 5 15 18 19 2 16 6 17
7 9 21 0 17 15 6 7 3 1 1 3 19 16 14
1 17 4 11 0 12 3 14 23 1 2 4 4 23 23
5 24 19 11 16 0 10 24 3 10 5 14 11 6 7
11 4 16 14 14 14 0 20 14 1 21 21 13 1 10
3 17 4 18 1 8 11 0 23 14 6 23 18 15 6
6 1 8 11 6 18 12 4 0 6 4 12 19 24 15
11 23 7 15 20 17 7 15 4 0 8 24 17 12 15
16 24 18 17 24 2 13 21 9 23 0 18 8 17 11
9 15 16 14 13 3 6 8 9 19 15 0 10 1 12
6 15 14 16 16 9 7 21 5 22 10 1 0 24 17
2 6 21 23 16 12 10 23 3 10 4 9 12 0 2
11 18 17 8 4 8 20 14 19 4 6 9 13 12 0

0 22 12 22 5 8 10 15 16 13 23 16 12 3 14
10 0 16 21 10 5 19 17 21 22 10 10 21 9 13
16 8 0 16 16 23 18 1 24 15 20 13 22 24 4
9 24 24 0 21 1 1 23 8 11 11 20 18 5 6
9 6 10 15 0 19 9 4 13 5 17 19 11 18 4
12 22 16 11 17 0 13 14 7 15 22 11 12 18 16
10 11 17 23 20 4 0 17 18 14 1 15 5 24 20
13 15 10 22 3 10 3 0 21 17 21 1 7 16 1
8 7 6 3 11 8 16 8 0 7 13 9 21 4 8
6 20 2 16 10 22 4 1 9 0 22 23 19 17 22
4 9 19 13 20 1 21 13 6 23 0 3 10 12 11
21 23 13 2 20 6 21 24 2 7 24 0 15 16 24
6 10 18 6 5 20 1 13 10 8 23 13 0 6 13
22 23 17 10 6 12 24 9 8 4 3 10 4 0 20
11 17 12 9 14 21 12 22 12 19 2 14 6 9 0

0 14 4 22 24 22 10 6 21 4 19 13 2 2 23
12 0 14 4 5 6 1 9 21 8 19 12 14 15 12
8 21 0 8 22 3 9 24 20 5 8 22 4 9 16
10 1 15 0 16 16 7 23 2 5 16 24 4 10 23
5 14 14 18 0 11 3 21 14 2 7 14 23 12 19
22 3 7 12 4 0 10 23 17 2 1 12 6 18 14
6 20 7 11 7 16 0 21 1 21 18 2 4 16 12
10 11 2 2 23 14 18 0 5 21 7 15 5 21 20
4 7 16 7 15 20 7 4 0 17 20 17 9 15 24
17 5 2 17 7 18 21 21 15 0 1 20 12 14 13
21 17 20 13 15 8 7 23 16 8 0 15 18 5 15
24 9 7 15 8 21 3 7 23 6 16 0 22 15 4
16 8 9 14 16 12 16 22 15 16 24 8 0 4 14
10 11 7 21 21 14 20 8 20 24 14 10 9 0 24
7 6 14 10 17 21 6 1 8 9 9 13 20 2 0

0 8 24 16 10 14 1 12 24 11 16 5 1 6 8
10 0 10 13 11 17 12 18 10 18 16 13 6 6 16
4 5 0 13 11 15 21 23 22 13 8 22 1 7 2
24 24 14 0 8 21 16 7 13 15 1 5 14 21 19
4 8 8 14 0 6 11 20 11 21 20 1 5 6 8
11 21 5 20 22 0 23 7 3 2 10 18 17 12 6
6 5 18 23 14 21 0 8 20 22 14 4 3 9 1
22 12 1 10 8 24 24 0 2 12 11 1 9 8 8
11 8 2 6 13 18 14 19 0 5 12 2 7 14 3
5 13 2 4 3 13 17 12 3 0 5 23 22 20 16
21 21 22 3 1 10 3 18 14 8 0 5 6 1 15
10 7 8 15 11 12 2 1 9 10 4 0 9 3 10
20 5 14 21 22 20 2 10 22 12 4 22 0 10 15
18 4 20 10 6 11 13 11 18 14 16 24 11 0 14
16 17 2 20 11 7 1 3 2 20 1 24 21 4 0

0 15 11 8 7 8 1 12 24 6 4 9 11 15 14
17 0 11 22 21 9 15 16 15 5 16 22 13 1 21
10 17 0 16 18 4 16 14 5 15 14 10 4 15 9
16 21 13 0 16 3 22 18 4 12 6 3 9 7 11
12 9 19 11 0 6 9 19 1 17 13 12 12 18 4
9 18 14 2 23 0 7 20 5 4 4 18 16 4 4
11 22 13 5 9 2 0 19 1 23 13 14 8 16 10
6 1 19 17 6 16 8 0 9 4 20 20 8 12 4
24 10 10 14 18 14 20 19 0 18 13 23 8 15 15
18 19 21 12 20 5 16 19 12 0 13 9 5 14 15
7 21 4 5 5 18 11 12 24 14 0 3 3 9 10
11 19 14 20 22 22 17 5 7 22 2 0 14 24 1
24 8 24 6 11 12 3 9 8 6 15 12 0 22 24
4 7 17 18 8 18 22 21 21 24 11 16 16 0 3
15 6 11 4 2 24 6 16 13 17 23 16 4 7 0

0 2 1 12 9 5 11 7 9 16 19 13 19 2 8
19 0 21 10 2 3 6 22 15 15 8 6 21 17 10
8 23 0 24 6 17 12 19 24 15 5 13 19 8 10
24 20 5 0 20 22 21 17 18 19 10 17 21 12 20
4 8 10 9 0 23 9 10 6 14 18 12 5 8 15
3 7 24 21 13 0 13 9 23 22 20 15 8 2 6
1 14 9 9 3 20 0 4 19 1 2 17 10 10 6
2 15 3 21 2 11 6 0 14 23 9 7 3 11 13
6 22 9 17 14 23 19 22 0 24 15 3 17 11 7
15 2 19 22 24 13 16 21 10 0 10 13 6 23 13
8 15 12 4 8 21 19 22 14 10 0 5 13 9 2
19 15 12 11 6 19 22 17 11 2 16 0 12 12 14
10 18 17 10 22 15 17 4 7 18 8 17 0 24 17
3 13 3 14 15 5 9 20 3 5 10 8 11 0 3
15 24 23 14 23 23 16 22 1 18 18 7 8 13 0

0 7 20 1 10 2 6 24 1 14 1 21 2 19 5
4 0 12 21 22 13 16 2 22 10 21 24 15 15 8
20 3 0 14 7 3 20 20 6 7 10 16 20 15 3
9 16 20 0 15 16 1 7 2 20 6 15 11 6 14
14 18 4 5 0 1 3 21 15 8 9 20 3 7 24
7 1 20 12 18 0 20 8 10 13 14 23 9 21 9
8 23 24 24 19 24 0 9 6 24 11 10 5 6 19
16 2 5 2 14 23 5 0 21 3 18 14 4 6 21
18 3 24 9 1 23 4 24 0 13 7 20 19 21 13
16 20 18 10 15 8 11 17 5 0 12 16 6 17 14
1 8 15 14 1 14 1 10 10 16 0 18 9 22 13
4 19 13 14 9 14 11 10 16 14 15 0 16 7 10
5 12 21 15 4 4 14 15 15 14 6 12 0 4 17
6 24 24 23 23 6 21 17 18 8 5 1 13 0 5
17 11 24 18 14 1 18 4 20 22 14 8 2 10 0
