20 5 3
5    1  2 34    1  1 21    2  0 53  2 53    2  3 55  0 55    1  4 95
5    2  0 21  2 21    2  3 52  2 52    3  1 71  4 71  3 71    2  4 16  0 16    3  2 26  1 26  4 26
5    2  0 12  4 12    2  1 42  3 42    3  2 31  3 31  0 31    1  4 98    2  3 39  1 39
5    1  2 66    3  3 77  0 77  4 77    3  4 79  3 79  2 79    3  0 55  3 55  4 55    1  1 77
5    2  0 83  1 83    1  4 37    3  3 34  2 34  1 34    1  1 19    2  2 64  4 64
5    3  4 79  1 79  3 79    3  2 43  4 43  1 43    1  0 92    3  3 62  1 62  2 62    2  1 54  2 54
5    1  0 93    3  4 77  1 77  3 77    3  2 87  4 87  1 87    1  1 87    2  3 69  0 69
5    2  4 83  0 83    2  3 24  4 24    2  1 41  0 41    2  2 38  3 38    2  0 60  3 60
5    1  4 25    2  1 49  3 49    2  0 44  2 44    2  2 98  0 98    2  3 17  1 17
5    3  0 96  3 96  4 96    2  1 75  2 75    3  2 43  4 43  0 43    2  4 77  0 77    3  3 79  1 79  4 79
5    1  0 95    2  3 76  2 76    3  1 7  2 7  0 7    2  4 28  1 28    2  2 35  1 35
5    1  4 10    2  2 95  3 95    3  0 61  1 61  3 61    2  1 9  0 9    1  3 35
5    1  1 91    3  2 59  4 59  3 59    3  4 59  1 59  2 59    3  0 46  2 46  4 46    2  3 16  1 16
5    2  2 27  3 27    1  1 52    3  4 43  1 43  0 43    1  0 28    1  3 50
5    3  4 9  1 9  3 9    1  0 87    3  3 41  4 41  2 41    3  2 39  4 39  0 39    1  1 45
5    2  1 54  3 54    3  0 20  2 20  1 20    1  4 43    1  3 14    3  2 71  0 71  4 71
5    1  4 33    3  1 28  0 28  4 28    1  3 26    2  0 78  3 78    3  2 37  0 37  4 37
5    1  1 89    1  0 33    3  2 8  3 8  1 8    3  3 66  1 66  2 66    1  4 42
5    3  4 84  0 84  1 84    1  0 69    1  2 94    1  1 74    2  3 27  2 27
5    2  4 81  0 81    2  2 45  1 45    3  1 78  3 78  2 78    3  3 69  0 69  4 69    3  0 96  3 96  1 96

0 2 9 5 22 5 13 1 7 5 1 24 20 19 15 1 5 1 21 21
13 0 7 13 21 12 26 2 11 7 22 7 23 20 7 20 25 4 22 25
24 12 0 13 6 1 19 7 26 8 9 23 2 5 23 13 25 19 7 14
19 19 16 0 27 27 17 21 19 24 27 16 2 17 3 16 11 11 2 11
25 3 26 16 0 24 8 10 6 10 13 24 22 26 17 4 14 23 8 10
22 5 2 17 8 0 24 21 9 3 17 19 11 20 15 5 16 18 13 14
21 13 10 20 2 7 0 20 25 21 11 18 5 18 4 8 11 11 2 10
2 21 11 24 22 24 9 0 21 16 13 18 5 11 26 16 24 10 1 18
13 4 26 12 25 25 25 25 0 27 17 6 5 23 24 25 21 3 14 17
12 5 6 27 14 15 27 27 6 0 10 7 9 18 12 6 8 18 15 7
12 17 4 3 6 4 26 20 6 9 0 18 6 14 3 18 4 25 11 2
2 9 2 3 22 21 7 25 23 27 16 0 19 15 4 19 16 22 2 12
25 14 3 14 22 1 13 11 13 24 25 21 0 12 25 14 14 25 20 14
16 23 18 18 25 12 25 8 23 25 13 4 19 0 18 18 19 23 4 4
8 16 8 10 4 27 5 12 12 14 8 5 2 17 0 19 9 25 2 3
2 10 6 20 19 5 12 6 22 8 6 22 11 8 12 0 23 24 22 1
16 6 3 12 4 11 5 27 26 25 2 27 12 26 8 22 0 13 3 22
24 7 10 9 8 8 26 1 15 26 14 15 4 16 13 21 8 0 25 8
25 4 3 23 19 2 20 18 11 2 13 5 12 13 13 15 11 20 0 6
9 13 4 19 3 10 24 8 6 14 11 24 25 2 12 6 14 24 12 0

0 16 13 6 17 3 26 2 16 22 25 12 3 12 22 2 13 9 2 12
19 0 5 5 10 19 19 15 5 11 23 7 3 7 15 12 12 14 10 20
18 1 0 24 8 1 27 25 22 4 19 26 14 15 8 13 10 7 15 5
1 23 9 0 27 8 15 21 25 5 23 6 22 15 27 10 12 19 14 21
16 19 22 14 0 21 24 4 9 25 15 17 13 15 4 23 13 15 18 9
10 1 1 11 1 0 5 10 22 23 1 12 7 26 15 24 11 6 22 15
8 24 19 7 6 20 0 25 25 16 14 9 8 23 17 21 22 8 7 14
12 27 25 15 20 27 20 0 20 1 27 16 3 1 26 24 20 10 13 3
3 23 22 3 8 25 16 27 0 24 8 13 14 8 7 25 14 23 12 8
26 20 2 21 8 24 1 15 8 0 22 13 7 22 27 16 4 8 22 10
12 2 10 13 2 1 2 12 9 27 0 8 18 24 12 2 27 18 16 26
14 6 23 25 14 7 10 12 7 8 7 0 18 12 26 22 12 8 14 20
18 18 14 15 12 24 6 4 6 5 12 18 0 18 6 17 21 11 14 5
8 7 11 19 14 4 17 27 2 12 21 12 19 0 15 7 13 14 9 8
21 2 24 17 21 6 14 15 7 22 16 27 20 3 0 20 1 13 5 12
17 25 6 24 5 7 24 17 23 6 18 12 12 7 8 0 25 10 8 14
20 27 9 7 11 25 11 10 2 26 10 27 15 17 22 26 0 6 25 17
13 2 7 25 13 22 16 14 25 27 19 23 12 2 10 14 26 0 6 1
10 8 4 3 16 4 10 3 22 10 26 2 13 17 15 20 22 2 0 20
19 25 20 18 1 24 7 1 24 11 20 25 4 20 3 27 2 17 11 0

0 6 3 1 7 10 25 15 15 25 13 13 13 21 6 7 13 27 4 2
22 0 6 3 6 2 12 8 19 11 10 23 17 11 17 4 7 6 6 23
9 4 0 16 8 11 13 6 27 9 23 21 8 1 8 8 6 8 1 25
20 1 27 0 25 10 2 1 15 5 13 7 3 18 9 25 9 23 5 15
2 14 3 6 0 11 3 8 27 6 8 11 8 22 10 11 9 3 10 5
9 25 10 17 2 0 16 1 2 27 24 14 19 13 14 3 2 2 8 27
13 15 15 21 26 11 0 26 11 13 20 8 26 14 9 16 6 1 1 3
6 24 18 4 6 8 5 0 26 10 11 13 23 21 9 20 20 14 3 19
23 15 11 19 5 16 3 10 0 10 16 22 3 3 12 3 5 4 16 25
1 16 23 8 14 6 26 12 17 0 20 10 17 14 1 2 24 1 3 13
25 9 9 9 4 27 10 9 8 8 0 12 2 23 23 27 15 18 23 12
4 20 14 19 26 17 10 17 12 23 11 0 7 27 13 15 22 24 19 24
24 6 3 9 4 27 23 1 8 15 14 18 0 9 11 2 18 14 26 1
1 22 13 22 16 6 7 14 27 7 23 9 26 0 3 14 7 16 20 26
13 20 1 7 16 9 19 19 7 3 22 23 26 23 0 5 3 14 13 11
17 8 1 14 13 24 5 2 23 1 11 13 18 27 6 0 3 16 2 10
3 3 15 15 1 23 9 21 25 20 2 26 23 12 14 20 0 24 1 9
4 17 4 27 1 18 15 20 25 27 5 6 1 18 15 19 14 0 13 17
10 20 11 27 16 15 5 16 13 6 20 7 13 1 27 7 14 19 0 24
10 22 6 8 25 9 24 10 6 26 22 25 26 16 13 25 23 10 14 0

0 26 21 6 27 17 16 9 23 24 26 20 22 25 19 14 20 19 2 27
17 0 11 23 22 13 23 4 23 13 27 9 12 21 6 15 15 3 14 3
15 12 0 24 5 26 2 15 2 24 22 20 9 5 20 17 3 25 13 13
27 1 24 0 15 1 18 1 1 12 21 4 16 13 20 9 4 23 26 20
26 11 15 10 0 14 4 1 7 14 10 20 26 22 1 18 16 19 5 14
7 16 16 3 26 0 8 7 16 19 24 27 13 16 15 27 11 15 17 11
25 7 13 18 15 8 0 11 26 4 13 10 25 25 9 4 5 9 22 20
1 4 24 9 17 27 23 0 10 4 21 25 12 6 25 6 21 24 1 27
2 16 13 24 3 19 23 26 0 19 27 24 4 22 24 26 23 9 15 8
13 20 12 10 22 22 2 1 24 0 25 5 22 7 5 20 27 11 5 1
19 22 11 14 9 7 9 9 8 4 0 25 20 18 16 6 7 4 21 24
23 19 24 17 8 24 11 18 18 21 27 0 2 19 13 15 20 22 2 11
2 12 15 14 21 24 24 18 16 6 21 22 0 21 8 7 10 27 16 26
16 13 8 17 8 5 1 23 9 27 1 27 21 0 23 17 7 3 1 5
13 10 18 25 22 14 13 9 12 11 25 9 21 8 0 18 19 15 19 21
1 17 2 11 2 5 9 4 22 17 21 1 3 15 19 0 1 23 15 9
8 24 20 1 19 23 24 15 24 10 9 19 8 25 3 9 0 17 17 25
15 15 7 20 14 8 1 14 1 22 21 24 2 23 27 24 13 0 26 26
14 22 26 10 19 13 12 26 12 27 15 21 2 23 14 14 12 9 0 7
15 4 4 27 16 22 4 14 13 27 25 2 7 14 8 13 5 5 5 0

0 10 22 19 25 14 17 4 24 7 4 6 24 2 6 4 26 10 4 27
1 0 9 1 24 14 19 17 14 27 21 12 19 4 22 6 5 24 17 1
9 6 0 3 21 13 14 13 4 20 11 26 17 4 6 6 21 6 7 27
12 19 25 0 20 12 6 13 27 25 8 26 15 2 4 8 7 23 22 5
18 21 5 9 0 17 4 20 15 20 2 27 4 26 7 21 1 1 5 17
4 11 24 19 3 0 7 22 26 16 15 26 24 27 18 9 7 19 18 24
12 2 19 9 3 26 0 8 11 4 15 23 14 9 12 23 13 21 18 19
11 12 21 13 13 19 18 0 23 25 22 17 14 13 1 17 8 27 16 10
19 26 4 15 27 21 16 1 0 9 19 6 1 3 24 27 11 4 27 5
12 19 8 10 23 1 20 22 8 0 13 16 10 9 18 1 3 22 11 27
19 6 12 13 26 7 4 24 14 7 0 8 21 13 1 21 9 5 8 5
10 13 14 19 11 6 2 7 17 4 16 0 8 5 5 22 22 1 25 14
25 17 2 8 8 11 23 8 11 4 20 23 0 21 15 11 24 17 17 17
6 22 17 10 4 3 1 1 3 10 21 19 20 0 5 6 19 22 15 9
8 1 9 9 27 19 8 27 18 18 19 20 2 20 0 13 16 26 7 12
1 16 24 15 8 4 1 6 8 24 16 13 10 9 17 0 22 13 9 14
19 3 17 10 25 19 20 27 20 4 9 12 11 17 11 19 0 8 2 12
23 13 22 13 16 10 16 1 17 4 17 12 1 15 13 8 12 0 14 8
24 16 16 24 12 3 13 27 6 10 20 20 3 2 20 4 6 25 0 15
9 12 16 6 18 6 18 12 18 10 1 19 23 5 14 10 20 5 8 0
