10 5 2
5    1  1 72    1  0 87    1  4 95    1  2 66    2  3 60  2 60
5    1  4 5    1  3 35    1  0 48    1  2 39    1  1 54
5    1  1 46    1  3 20    2  2 21  0 21    1  0 97    1  4 55
5    1  0 59    2  3 19  0 19    1  4 46    1  1 34    1  2 37
5    1  4 23    2  2 73  4 73    1  3 25    1  1 24    1  0 28
5    1  3 28    1  0 45    1  4 5    2  1 78  3 78    1  2 83
5    1  0 53    2  3 71  2 71    1  1 37    1  4 29    1  2 12
5    1  4 12    1  2 87    1  3 33    1  1 55    1  0 38
5    1  2 49    1  3 83    2  1 40  0 40    1  0 48    1  4 7
5    2  2 65  0 65    1  3 17    2  0 90  3 90    1  4 27    2  1 23  2 23

0 15 16 17 20 5 6 11 24 11
5 0 16 12 1 22 1 13 9 20
8 22 0 20 13 7 3 16 23 23
12 16 12 0 21 15 17 18 11 24
18 9 24 7 0 16 1 12 4 2
17 7 11 1 3 0 4 4 1 20
13 22 4 4 10 15 0 10 24 13
19 22 3 5 14 6 19 0 14 4
4 11 3 13 11 17 11 17 0 3
12 18 19 14 8 14 16 2 18 0

0 20 15 16 6 18 21 21 12 6
16 0 11 20 10 5 12 21 8 15
24 4 0 15 9 22 15 2 14 1
3 14 14 0 19 17 7 13 12 18
17 10 21 21 0 8 22 22 10 12
14 1 18 24 11 0 17 11 19 3
18 15 19 5 1 22 0 5 19 23
6 2 3 23 24 10 7 0 21 3
16 5 2 21 16 19 12 4 0 4
21 4 9 20 4 23 20 8 18 0

0 20 13 24 13 8 14 22 23 23
5 0 18 10 1 8 11 8 21 15
24 4 0 1 23 20 15 20 19 20
4 8 21 0 19 6 19 22 11 19
14 5 2 15 0 2 21 19 12 13
15 15 10 14 7 0 23 12 21 23
7 17 2 4 19 24 0 16 12 22
22 6 19 18 18 2 3 0 9 11
15 20 17 17 11 10 18 8 0 7
18 12 10 7 18 13 21 23 20 0

0 24 11 23 10 15 12 20 7 5
13 0 16 12 8 15 4 10 8 20
1 16 0 4 23 21 19 15 20 24
15 17 7 0 11 21 5 18 19 6
19 8 6 8 0 3 5 22 6 3
5 21 10 21 8 0 5 16 12 1
24 20 18 1 23 1 0 13 15 15
19 20 17 8 14 12 15 0 15 14
14 19 9 14 13 4 20 1 0 2
10 1 2 19 22 2 13 17 8 0

0 19 7 5 13 2 1 14 2 12
5 0 6 22 24 2 13 24 23 14
6 9 0 20 24 15 14 15 20 13
14 14 6 0 6 19 9 15 16 14
14 19 8 4 0 20 17 8 18 6
23 15 7 10 9 0 18 9 19 19
4 10 13 1 8 8 0 10 18 1
17 10 23 13 8 22 24 0 16 13
14 4 10 14 21 17 5 12 0 17
3 6 10 22 1 14 21 2 3 0
