20 10 3
10    1  8 52    1  7 26    2  6 71  2 71    2  9 16  5 16    1  2 34    2  1 21  7 21    2  5 95  7 95    3  4 21  9 21  6 21    3  0 53  3 53  9 53    2  3 55  0 55
10    3  4 55  2 55  9 55    2  5 98  4 98    2  3 39  1 39    2  9 79  5 79    3  0 12  3 12  7 12    2  8 77  6 77    1  6 77    3  7 66  8 66  0 66    2  2 31  8 31    3  1 42  3 42  9 42
10    1  5 37    3  4 92  3 92  9 92    1  2 64    2  6 54  5 54    1  1 19    1  7 43    3  0 83  2 83  1 83    1  3 34    2  9 79  1 79    2  8 62  3 62
10    3  1 87  9 87  0 87    3  5 77  1 77  2 77    2  0 93  2 93    1  3 69    3  2 87  1 87  3 87    3  7 38  4 38  2 38    1  8 24    1  6 41    2  9 83  0 83    2  4 60  0 60
10    2  2 98  9 98    2  5 25  0 25    2  6 75  3 75    2  9 77  0 77    1  1 49    1  3 17    2  8 79  1 79    2  0 44  4 44    3  7 43  5 43  6 43    2  4 96  9 96
10    3  1 7  5 7  8 7    2  4 61  7 61    2  0 95  6 95    1  2 35    1  9 10    1  8 35    2  5 28  4 28    1  3 76    2  7 95  5 95    3  6 9  9 9  4 9
10    2  5 59  2 59    3  9 43  7 43  5 43    2  0 46  1 46    2  4 28  6 28    1  6 52    2  3 16  8 16    3  2 59  1 59  8 59    2  1 91  0 91    1  8 50    1  7 27
10    3  5 9  2 9  7 9    1  9 43    2  8 14  0 14    1  7 71    2  4 20  6 20    3  6 54  0 54  2 54    2  3 41  5 41    2  0 87  4 87    1  1 45    1  2 39
10    1  1 28    3  8 66  1 66  4 66    3  0 78  9 78  7 78    3  2 37  1 37  8 37    1  9 42    3  3 26  8 26  9 26    1  5 33    2  6 89  0 89    3  4 33  0 33  8 33    2  7 8  8 8
10    3  4 96  2 96  1 96    1  3 27    1  6 78    3  5 84  0 84  7 84    3  2 94  0 94  4 94    1  8 69    3  1 74  0 74  9 74    1  9 81    2  7 45  3 45    3  0 69  2 69  5 69
10    1  4 24    1  7 32    1  9 25    3  2 17  3 17  6 17    3  3 87  6 87  2 87    1  8 81    3  5 76  6 76  1 76    1  6 18    1  1 31    2  0 20  7 20
10    2  8 90  4 90    2  5 28  4 28    3  1 72  8 72  2 72    3  7 86  5 86  9 86    3  2 23  8 23  1 23    3  3 99  4 99  7 99    2  6 76  7 76    3  9 97  0 97  8 97    2  4 45  5 45    1  0 58
10    3  2 17  5 17  3 17    2  4 98  5 98    1  3 48    3  1 46  7 46  8 46    2  8 27  3 27    1  6 67    1  7 62    2  0 42  2 42    1  9 48    1  5 27
10    1  0 80    3  8 50  2 50  4 50    3  3 19  0 19  4 19    2  7 98  8 98    2  5 28  6 28    1  2 50    2  4 94  1 94    2  6 63  5 63    1  1 12    3  9 80  3 80  4 80
10    3  9 72  4 72  7 72    3  0 75  7 75  9 75    1  4 61    3  8 79  4 79  9 79    2  6 37  7 37    3  2 50  0 50  9 50    3  5 14  2 14  7 14    2  3 55  0 55    3  7 18  1 18  4 18    2  1 41  7 41
10    3  3 96  8 96  0 96    2  2 14  4 14    1  5 57    2  0 47  3 47    3  7 65  8 65  0 65    1  4 75    2  8 79  4 79    3  1 71  8 71  3 71    3  6 60  8 60  2 60    3  9 22  2 22  1 22
10    2  1 31  2 31    3  7 47  2 47  6 47    2  8 58  1 58    2  3 32  6 32    1  4 44    1  5 58    3  6 34  8 34  4 34    1  0 33    2  2 69  7 69    2  9 51  7 51
10    2  1 44  2 44    1  7 40    1  2 17    3  0 62  6 62  5 62    1  8 66    3  6 15  7 15  0 15    2  3 29  9 29    3  9 38  7 38  8 38    1  5 8    1  4 97
10    1  2 58    3  3 50  4 50  7 50    2  4 63  9 63    2  9 87  3 87    2  0 57  3 57    1  6 21    1  7 57    2  8 32  4 32    1  1 39    2  5 20  1 20
10    1  1 85    2  0 84  5 84    1  5 56    1  3 61    1  9 15    2  7 70  3 70    2  8 30  6 30    2  2 90  0 90    1  6 67    1  4 20

0 7 15 12 12 2 12 2 26 2 17 15 17 22 17 2 2 4 25 6
21 0 27 23 7 7 10 18 27 23 3 27 10 8 20 17 21 4 14 7
10 10 0 26 9 27 22 24 15 16 24 14 3 17 2 20 16 11 5 27
26 4 14 0 25 27 4 5 21 2 6 23 4 5 7 25 26 7 1 20
5 15 26 3 0 5 27 5 14 12 10 9 27 12 5 14 10 5 9 10
12 18 8 10 18 0 12 23 1 8 14 20 4 14 7 27 13 21 15 17
27 5 6 25 16 11 0 13 1 5 5 9 23 10 18 21 23 16 10 3
23 27 22 7 18 11 3 0 1 20 20 1 8 11 26 21 27 2 18 1
15 14 9 4 24 27 19 18 0 12 18 6 15 10 8 8 22 6 19 17
15 2 25 14 14 26 4 21 1 0 17 18 20 25 7 4 14 21 9 4
18 7 18 1 14 15 22 2 2 20 0 16 5 2 1 27 27 10 23 25
4 15 4 23 4 3 24 23 18 4 5 0 21 13 13 2 13 19 26 10
3 1 4 10 9 26 12 18 8 20 17 23 0 11 7 16 27 19 17 12
25 13 23 9 5 7 25 25 15 8 17 6 10 0 25 22 4 12 1 1
20 14 6 3 20 6 15 7 22 23 1 22 17 6 0 13 22 25 18 26
6 27 5 12 7 12 21 15 5 26 14 16 5 6 3 0 20 11 19 1
22 3 22 15 16 17 16 24 27 15 25 4 21 14 6 5 0 26 17 5
13 25 4 20 23 13 13 15 8 26 23 24 22 18 17 3 19 0 8 5
10 27 23 9 2 11 23 14 19 9 2 6 2 4 26 24 26 14 0 4
25 25 8 26 26 16 13 6 4 15 14 19 3 11 4 4 10 1 5 0

0 15 27 26 20 9 22 25 23 20 17 14 6 8 7 4 7 17 13 25
15 0 24 26 16 23 16 23 15 21 12 5 21 12 5 13 14 24 7 5
7 16 0 10 20 14 23 3 20 19 14 20 17 12 26 1 15 9 24 5
25 21 2 0 3 27 6 20 15 24 22 14 6 23 16 10 19 25 11 20
24 15 5 11 0 23 24 6 19 20 27 11 19 8 14 7 18 16 17 17
20 25 15 21 6 0 23 21 8 6 4 21 24 19 24 2 14 16 27 22
7 2 24 22 23 1 0 2 24 23 14 1 12 14 3 8 16 3 1 10
12 24 20 8 17 19 1 0 1 5 1 21 22 11 24 23 10 16 6 5
8 13 2 15 2 20 22 15 0 2 8 9 10 15 7 1 13 8 8 17
1 15 9 6 18 21 10 17 8 0 8 20 14 2 22 21 3 3 14 11
6 6 8 8 16 18 1 25 3 3 0 25 21 9 25 2 15 4 19 8
18 16 2 15 4 8 23 17 23 27 3 0 14 25 5 20 5 4 26 7
22 21 3 7 18 6 6 23 19 11 2 22 0 21 2 5 9 1 24 23
15 17 12 14 4 1 27 13 9 11 18 6 7 0 27 1 17 20 18 4
10 11 18 25 26 11 6 16 11 3 2 22 22 20 0 14 20 21 17 10
4 5 21 3 23 19 15 13 13 23 11 17 25 10 1 0 27 8 12 17
13 8 26 10 10 19 8 1 21 7 23 22 26 8 21 20 0 12 19 23
10 27 25 8 5 7 18 19 2 17 6 26 17 20 6 11 27 0 8 3
17 11 4 3 15 8 24 20 13 10 16 12 4 18 24 3 16 8 0 15
9 9 25 2 16 19 13 15 22 7 13 14 26 9 10 23 25 15 14 0

0 13 3 14 15 3 16 22 3 11 23 27 17 2 11 26 15 2 15 23
26 0 19 4 18 7 2 23 27 25 4 16 18 11 14 11 26 16 19 11
14 22 0 27 1 14 5 13 20 19 18 21 23 4 21 18 6 6 3 6
25 20 20 0 25 27 2 7 12 2 12 12 13 1 6 26 11 8 8 14
15 21 2 21 0 3 14 7 22 25 7 9 25 4 20 15 4 21 21 5
7 9 26 16 12 0 15 10 18 22 15 26 13 6 4 5 6 8 14 5
20 20 16 23 2 3 0 10 8 24 12 16 3 22 21 11 10 22 19 25
2 15 22 25 13 6 21 0 8 13 5 7 19 26 13 20 25 7 20 6
11 26 21 17 11 5 15 17 0 12 6 3 18 15 26 27 16 3 23 5
7 20 24 7 24 2 12 16 14 0 15 27 22 15 21 17 14 24 4 17
6 2 19 27 12 4 15 23 5 13 0 24 27 24 18 6 2 18 21 1
14 22 18 20 4 14 17 17 23 26 7 0 12 1 15 20 15 24 25 12
8 3 14 27 9 9 13 6 15 21 10 20 0 17 27 9 20 3 25 26
6 18 10 12 4 23 18 19 12 24 14 22 27 0 2 23 1 7 4 12
20 15 19 9 20 12 7 2 5 3 12 3 25 20 0 2 27 12 22 17
25 15 7 21 27 18 3 23 4 19 19 3 25 13 9 0 3 25 6 15
21 14 11 3 25 3 24 11 18 19 17 20 8 17 16 21 0 15 26 19
5 18 2 24 12 19 26 17 20 27 15 14 9 12 16 17 26 0 22 6
20 12 9 22 12 11 13 9 24 1 7 5 9 26 7 4 1 24 0 23
16 9 11 27 10 15 5 8 1 11 18 23 15 4 8 8 17 13 25 0

0 27 16 5 17 25 15 21 24 11 17 25 19 18 13 13 8 18 11 27
19 0 4 27 3 11 16 6 12 24 16 1 6 6 23 9 15 12 14 17
5 8 0 8 4 22 16 22 19 15 14 2 15 8 23 11 17 7 26 10
26 3 9 0 14 27 16 5 24 21 20 2 9 21 11 23 4 15 6 27
2 16 10 7 0 21 22 8 27 18 15 10 27 8 8 11 17 9 5 18
18 7 22 27 19 0 22 23 1 7 6 17 25 10 15 21 18 7 21 4
9 16 21 11 23 8 0 17 16 27 21 8 26 17 20 3 12 11 17 7
23 17 3 7 20 15 10 0 1 9 20 19 3 3 1 1 1 2 14 15
2 4 18 16 1 24 13 19 0 3 26 24 12 11 22 14 14 15 14 22
11 27 3 18 24 17 10 8 15 0 20 2 5 12 5 16 8 20 6 21
4 12 26 5 11 21 21 26 24 21 0 17 13 21 24 15 8 1 3 4
14 23 17 21 12 26 15 23 2 19 11 0 24 24 19 15 2 1 21 16
16 20 8 24 20 4 19 8 16 9 24 2 0 8 20 9 16 17 4 26
4 17 19 15 25 27 2 14 19 20 26 4 8 0 8 5 7 6 21 27
3 21 10 21 18 14 2 21 13 18 8 4 12 12 0 18 8 21 5 26
6 9 5 19 18 1 19 9 21 16 9 22 19 1 7 0 21 14 3 20
6 19 25 7 8 5 4 14 27 19 15 22 9 9 20 26 0 6 9 16
19 25 8 8 3 4 5 11 22 9 3 8 9 23 23 18 5 0 23 18
27 1 15 24 27 12 14 21 26 20 9 21 20 16 18 26 18 15 0 23
24 9 25 5 18 12 11 8 7 22 4 7 20 3 5 1 19 18 18 0

0 3 26 25 10 7 19 18 23 23 20 15 20 1 4 27 25 21 13 20
8 0 3 6 5 6 12 26 2 12 3 19 21 25 25 19 21 25 19 23
22 16 0 4 13 26 12 5 14 15 18 8 18 22 5 25 14 7 5 26
18 18 1 0 15 5 17 7 3 21 4 20 13 9 3 4 20 18 25 22
17 14 10 3 0 14 5 17 6 14 18 20 20 27 14 14 13 21 16 14
4 17 26 24 24 0 4 5 21 20 22 14 19 24 6 8 20 4 25 19
6 21 18 27 11 18 0 25 17 10 13 22 2 27 13 22 12 26 11 13
18 13 25 7 21 16 24 0 23 2 2 11 17 19 14 26 13 1 17 19
14 5 24 24 10 16 9 18 0 21 13 19 20 23 9 27 14 22 1 4
21 2 4 4 25 4 5 27 4 0 12 16 17 10 12 2 8 27 18 10
21 17 19 19 15 23 3 8 19 21 0 23 3 3 6 25 27 19 15 26
18 16 20 17 15 7 18 15 12 18 17 0 12 21 8 18 13 11 14 22
15 7 2 15 24 4 3 17 21 11 25 20 0 14 11 12 24 12 17 12
15 1 2 13 14 10 3 4 6 1 5 16 11 0 11 13 5 10 16 14
24 17 8 3 4 3 6 20 7 10 23 23 18 27 0 6 3 2 10 14
11 16 2 25 5 8 17 3 10 7 17 6 3 18 27 0 25 5 6 24
17 17 21 23 2 3 3 3 12 19 7 24 5 23 9 5 0 22 6 14
17 13 15 21 6 17 12 27 20 9 7 14 2 5 19 26 18 0 23 24
4 20 8 18 5 6 4 7 5 16 21 16 4 17 21 2 12 1 0 26
13 5 11 6 5 17 12 5 22 26 20 5 4 24 7 7 14 3 20 0

0 27 1 17 13 8 3 13 2 15 22 21 14 17 8 6 18 4 10 27
10 0 5 22 8 11 17 19 16 20 15 18 17 11 19 7 24 25 27 15
21 5 0 27 1 6 25 18 2 17 4 15 12 6 19 13 24 4 6 18
25 10 2 0 2 15 12 23 9 18 14 4 15 17 23 19 26 22 6 19
12 5 26 1 0 18 16 25 16 14 23 4 12 24 21 25 14 8 23 19
17 19 26 21 26 0 1 6 13 9 27 21 8 15 27 19 24 7 23 21
26 7 26 6 13 21 0 16 4 15 4 19 16 18 21 17 18 20 27 22
4 15 18 16 11 26 5 0 17 1 15 27 12 9 17 19 24 21 13 14
27 9 11 18 6 27 23 26 0 18 22 13 22 16 4 24 22 16 25 7
10 8 14 16 4 19 11 13 23 0 9 10 22 22 5 22 14 8 6 17
3 1 15 2 21 12 16 1 24 14 0 24 3 9 3 4 6 9 4 6
20 23 15 25 12 14 5 2 5 3 9 0 26 23 12 16 16 16 4 23
8 12 27 11 11 20 18 25 16 18 1 16 0 27 6 9 9 20 2 10
14 9 8 1 8 7 26 21 18 13 11 15 11 0 6 18 15 5 13 16
10 17 7 24 19 24 8 24 2 15 7 1 9 22 0 23 24 1 1 12
17 15 6 22 17 20 24 17 7 17 8 3 22 25 21 0 2 11 15 13
14 20 15 26 16 7 5 19 2 15 26 26 18 18 8 25 0 15 7 20
16 15 19 6 18 23 5 22 19 11 19 20 20 4 9 27 23 0 13 27
13 6 11 14 22 1 20 6 22 4 7 16 13 12 13 24 8 12 0 22
10 7 22 5 22 25 26 17 1 9 11 18 15 8 4 12 3 27 27 0

0 23 23 26 3 17 27 10 22 10 5 16 8 2 21 4 16 11 22 2
4 0 7 8 24 11 27 26 24 27 26 22 19 11 15 20 15 24 8 2
19 22 0 25 26 27 21 5 23 14 25 25 6 2 12 6 1 5 24 5
15 13 14 0 9 9 6 9 19 18 25 27 15 21 25 5 7 17 9 25
6 12 22 16 0 26 27 23 22 2 2 20 10 4 16 13 5 23 21 4
12 26 7 15 10 0 9 24 18 1 2 19 9 19 14 18 16 2 26 1
16 18 14 7 26 2 0 10 16 9 14 11 5 1 14 13 5 26 21 20
25 1 27 13 19 20 5 0 10 4 25 17 23 22 16 22 20 11 12 25
26 3 22 6 14 7 14 6 0 15 12 16 8 27 23 4 17 1 16 27
15 11 20 7 4 13 15 3 26 0 27 26 18 13 16 1 27 18 14 9
15 23 16 13 20 17 7 15 15 23 0 16 12 18 1 6 23 27 22 22
11 26 11 11 20 19 18 8 20 13 24 0 3 15 3 5 10 21 9 27
8 6 15 16 8 19 13 26 20 8 3 20 0 1 4 3 11 13 23 11
18 7 26 22 8 17 14 1 12 11 2 17 12 0 7 10 23 11 22 10
20 10 21 10 11 19 9 25 5 14 27 22 26 17 0 15 25 16 4 24
8 16 1 8 26 15 13 25 24 8 21 21 5 16 17 0 24 11 22 27
1 7 25 11 20 27 19 2 6 23 20 22 26 18 27 17 0 14 1 9
25 23 23 6 14 6 17 7 9 16 24 1 10 7 15 13 17 0 27 3
6 25 13 24 6 21 21 7 14 16 8 20 17 13 12 8 11 11 0 13
16 11 2 23 25 11 11 22 21 11 5 11 2 26 25 4 21 3 18 0

0 2 7 5 26 25 18 25 23 10 6 24 8 21 11 14 15 9 13 12
26 0 13 1 3 17 19 12 12 24 19 6 20 5 21 23 4 14 25 5
7 11 0 17 9 20 26 18 1 3 24 15 5 15 24 15 6 22 21 2
22 20 3 0 5 2 5 7 19 9 18 9 25 7 16 17 14 11 27 9
18 5 10 7 0 18 25 25 6 25 25 26 24 5 27 14 26 8 26 8
19 10 20 3 19 0 24 27 25 9 10 19 8 12 10 26 26 15 18 5
22 23 1 15 3 22 0 16 15 24 19 11 9 10 2 20 17 8 4 24
1 7 8 27 2 25 23 0 20 14 2 26 27 22 11 12 18 27 9 18
26 18 3 24 25 16 6 9 0 4 7 26 21 13 17 27 4 4 16 21
20 7 5 15 21 2 4 18 22 0 25 12 18 2 8 22 11 21 19 20
4 11 11 26 8 27 22 2 2 6 0 26 12 25 18 19 17 25 10 17
5 11 2 1 5 3 6 15 18 19 13 0 13 23 1 17 11 27 26 7
9 13 10 3 11 24 12 1 24 3 22 2 0 10 10 11 20 15 13 15
1 7 24 7 17 25 7 18 11 3 19 6 24 0 1 16 16 13 15 3
15 2 14 19 25 14 23 9 1 14 19 12 23 5 0 16 22 5 16 4
16 6 9 23 13 23 4 20 26 15 8 16 3 27 19 0 27 10 7 18
13 7 16 5 16 17 11 2 12 1 7 15 10 7 4 3 0 24 10 24
15 20 1 13 22 6 7 27 22 1 20 7 12 19 23 13 25 0 21 16
4 14 14 12 27 1 3 10 25 4 25 26 2 23 16 6 19 20 0 1
14 24 6 16 6 2 21 4 9 13 17 25 14 1 13 18 8 6 22 0

0 15 8 3 15 19 9 14 13 13 2 18 5 8 14 24 2 23 27 21
4 0 24 14 20 21 17 6 2 6 10 7 23 21 18 5 3 19 27 22
22 19 0 22 2 13 5 18 19 13 22 13 12 11 27 21 11 23 25 16
13 11 7 0 5 5 4 15 21 11 5 19 11 21 26 11 26 17 22 13
11 13 14 13 0 21 14 25 27 15 26 6 11 10 23 10 2 14 26 10
18 24 23 25 14 0 27 9 15 2 15 24 23 14 25 22 23 20 25 2
21 8 1 8 19 19 0 5 8 1 4 2 15 6 14 2 17 2 21 14
10 16 17 18 18 6 27 0 6 18 5 2 17 17 26 8 10 7 1 24
15 7 15 1 16 8 9 1 0 18 26 17 8 7 17 17 19 22 1 16
7 8 7 7 21 12 24 4 9 0 17 25 5 13 17 8 1 20 21 19
14 2 20 16 16 14 1 18 3 19 0 20 3 9 10 9 24 8 12 12
24 11 27 27 15 15 5 6 24 12 8 0 15 25 22 13 10 4 11 16
5 8 17 14 21 14 14 14 1 10 8 13 0 17 25 14 16 5 14 8
17 11 2 7 9 24 22 23 17 6 21 13 24 0 22 9 25 3 5 17
1 19 7 16 13 22 23 19 21 4 7 17 17 2 0 10 23 15 25 19
8 8 27 15 17 27 23 22 7 16 23 9 21 14 20 0 26 27 26 23
20 1 8 6 3 2 19 11 10 12 13 22 24 18 11 25 0 10 23 20
19 8 27 10 20 13 10 14 5 8 6 23 20 3 27 23 23 0 15 22
13 26 3 22 27 2 25 23 9 7 16 3 1 26 9 18 24 23 0 9
25 21 24 11 1 7 6 3 8 12 24 9 17 13 9 6 18 27 14 0

0 8 11 2 18 6 23 16 18 14 4 23 4 17 7 4 14 4 15 23
6 0 7 18 21 12 11 12 13 23 27 20 8 26 18 17 11 27 7 27
21 9 0 22 27 4 20 13 14 16 7 13 20 18 16 3 22 26 1 24
21 27 12 0 16 26 11 5 20 4 4 12 5 4 9 10 23 22 6 14
16 18 10 8 0 27 13 22 13 25 16 13 6 23 8 11 19 10 23 7
23 15 6 8 2 0 17 24 4 5 23 27 25 5 10 21 4 24 9 7
22 7 3 14 3 15 0 11 9 7 20 12 10 4 7 12 20 25 17 2
12 22 14 2 4 4 11 0 21 11 4 27 14 3 2 6 13 12 18 11
19 20 15 27 16 27 8 3 0 11 3 15 4 7 15 27 1 8 14 6
7 20 12 24 12 19 18 25 8 0 14 1 2 17 10 13 10 7 3 26
6 16 20 14 18 27 23 11 3 8 0 1 27 21 19 9 23 24 2 25
9 17 1 10 22 15 11 25 20 23 10 0 11 22 10 14 18 24 24 17
17 10 12 22 11 25 6 9 6 21 2 12 0 7 2 17 11 23 21 12
11 20 27 27 2 1 14 27 25 9 25 11 23 0 17 5 7 2 25 19
1 4 1 26 4 10 13 25 24 27 13 16 10 5 0 11 6 14 2 14
27 5 16 16 6 11 23 27 4 15 6 14 26 4 20 0 18 12 24 20
7 20 4 24 18 9 10 6 19 4 6 21 18 17 10 5 0 25 20 11
24 15 24 4 12 3 27 8 1 14 22 23 2 1 2 2 8 0 13 18
7 27 17 3 7 20 19 12 1 5 22 6 16 19 26 18 13 25 0 12
14 7 20 9 23 12 23 12 27 2 27 6 11 4 17 22 2 21 3 0
