20 10 7
15    5  3 65  5 66  6 64  7 61  9 61    2  1 28  9 36    4  1 14  3 16  8 16  9 17    1  1 56    3  5 87  6 86  7 90    2  5 42  9 46    4  0 88  1 83  4 83  5 82    3  0 67  2 63  6 63    4  0 46  4 46  5 46  9 46    3  5 88  7 87  9 87    2  0 66  6 74    3  0 33  3 33  5 33    5  0 92  2 89  5 93  6 92  7 96    3  0 12  2 16  8 15    2  4 20  5 22
20    3  2 86  4 90  8 86    3  1 23  2 22  7 22    6  0 79  1 74  2 76  4 78  5 75  8 75    2  0 38  9 37    6  0 71  1 65  4 67  5 62  7 67  9 71    4  2 46  3 45  6 46  7 52    6  1 55  3 55  4 56  5 59  6 55  9 55    3  1 40  5 45  9 40    2  1 49  9 50    1  1 68    6  0 71  3 73  4 71  6 75  7 75  9 75    2  0 77  6 77    3  1 76  5 82  6 79    2  1 41  6 41    1  1 90    2  3 72  4 66    3  2 32  5 27  7 25    7  0 85  1 89  2 81  3 85  6 85  7 84  8 81    2  1 73  2 72    5  1 50  3 46  4 45  6 40  9 46
23    5  2 58  4 60  5 57  7 62  9 60    2  1 53  9 52    2  1 37  4 38    2  4 90  9 90    3  4 33  5 35  6 35    1  6 58    2  2 69  6 69    2  0 61  5 61    2  1 58  7 57    4  1 34  2 32  6 31  8 35    3  1 26  2 22  8 22    4  1 34  7 36  8 39  9 35    3  0 72  3 71  6 73    2  8 80  9 76    2  1 70  7 64    4  0 63  5 67  8 64  9 62    3  4 48  5 45  8 41    5  2 56  3 56  4 56  5 59  9 58    4  0 56  2 57  5 59  9 54    3  3 69  4 68  7 65    4  1 90  4 90  6 91  9 90    1  1 35    1  0 62
18    4  2 18  4 24  7 20  8 22    3  4 63  5 57  8 58    5  0 40  5 34  7 32  8 37  9 37    3  3 88  5 91  9 88    6  0 29  1 37  2 35  4 30  8 34  9 36    2  1 76  7 79    3  2 41  5 42  9 43    2  4 59  5 62    5  1 91  2 94  3 93  5 86  9 89    5  0 70  2 67  4 67  7 62  9 65    2  5 87  9 87    4  1 44  2 48  3 44  4 44    1  3 34    3  1 52  3 54  5 55    3  0 84  8 84  9 86    4  2 41  4 41  7 37  8 46    2  0 81  2 82    2  1 40  7 42
21    3  0 87  1 94  5 95    4  0 62  1 61  2 66  7 62    3  2 94  3 93  8 93    4  1 46  2 42  5 47  7 45    5  0 31  1 31  5 29  6 35  8 31    3  5 60  6 59  8 61    1  6 88    2  0 67  3 67    3  2 58  5 60  8 63    4  0 93  1 89  5 97  9 92    2  0 43  6 45    3  1 95  2 93  5 95    2  6 64  7 67    1  0 77    3  3 64  5 68  7 64    5  1 21  2 17  6 21  7 22  8 16    3  0 35  5 30  6 30    2  5 32  9 33    6  0 24  1 26  3 24  4 26  6 28  9 25    4  0 95  4 95  7 95  9 95    3  1 80  4 84  9 89
15    2  1 65  9 64    5  0 23  1 20  2 20  5 20  7 19    1  0 79    1  8 34    2  2 71  9 69    1  4 43    3  1 95  5 91  8 95    1  1 27    1  8 35    1  1 89    5  2 72  3 71  4 69  5 73  7 72    5  0 86  3 85  6 82  7 84  8 88    1  0 54    1  0 38    4  3 48  4 48  7 53  9 51
17    1  9 65    3  6 58  7 61  8 56    2  4 93  6 93    2  2 71  3 71    2  1 80  4 78    4  2 19  4 15  6 18  8 15    5  5 34  6 34  7 36  8 29  9 31    3  0 54  2 55  9 54    2  0 55  4 54    2  3 23  7 26    3  7 58  8 55  9 55    2  2 85  7 84    2  2 47  7 47    2  8 66  9 71    4  0 33  2 29  6 33  9 33    2  0 48  1 46    2  0 51  8 50
25    2  0 36  7 44    5  1 76  4 73  6 74  7 73  9 71    3  0 34  1 35  4 34    3  0 66  2 69  5 66    2  6 65  7 65    1  9 44    3  1 20  2 23  3 21    4  0 36  2 32  3 37  6 35    4  1 43  3 40  4 40  6 43    3  0 91  3 90  6 89    3  0 58  1 58  4 54    1  5 38    5  0 63  2 64  3 68  8 67  9 65    4  0 25  2 26  4 23  6 25    5  3 27  4 33  6 27  7 31  8 25    1  9 64    3  0 61  2 54  6 60    3  2 64  6 64  7 67    2  3 41  7 39    3  0 46  7 44  9 49    2  4 76  7 81    2  0 44  3 42    3  4 79  8 77  9 79    1  8 51    4  0 75  1 77  3 72  8 76
23    1  2 37    4  3 76  5 72  6 76  9 77    1  3 41    2  2 73  3 73    2  0 44  6 40    1  2 18    4  3 62  5 67  6 62  7 64    4  1 90  6 97  7 93  9 98    3  1 25  2 20  6 20    1  8 36    3  1 94  4 94  6 90    2  1 87  4 79    2  2 50  8 42    3  2 80  6 78  7 78    2  1 43  5 46    5  0 54  2 59  5 57  6 57  9 58    2  0 56  7 53    4  0 35  5 31  6 37  9 33    2  1 60  8 60    1  3 51    4  0 89  4 92  6 88  8 88    3  4 29  5 36  6 31    2  0 77  8 74
19    3  3 44  6 44  9 44    3  0 40  2 35  6 32    4  1 37  2 38  4 46  5 44    6  1 73  2 77  3 77  4 76  5 77  8 80    4  0 69  1 66  3 67  5 71    3  2 67  6 60  7 63    6  0 74  3 71  4 74  6 74  7 74  8 74    4  3 23  5 27  6 27  7 29    3  1 50  8 48  9 51    1  2 18    1  4 39    4  3 22  6 28  7 25  9 29    3  0 77  7 75  9 76    4  0 87  1 88  7 95  8 88    3  6 57  7 64  8 59    2  4 88  8 87    2  3 53  9 49    6  2 76  3 82  4 75  5 79  7 83  9 80    5  0 59  2 62  4 58  6 58  8 60
19    2  1 59  3 61    6  2 89  3 89  4 85  6 85  7 94  8 91    4  1 54  3 50  5 52  7 50    4  1 79  2 83  4 80  8 75    5  1 71  3 64  4 63  6 63  8 66    2  0 44  3 44    3  0 93  1 87  7 93    4  0 84  1 89  5 89  9 86    4  0 36  3 37  4 35  9 42    1  9 69    3  3 12  4 17  9 16    5  1 58  2 56  3 52  7 58  8 54    3  1 17  3 23  9 23    2  3 56  5 63    5  1 22  2 23  5 20  6 22  7 18    3  1 86  2 84  4 85    4  0 24  1 23  2 24  3 23    5  1 85  5 88  7 87  8 83  9 83    2  2 55  5 49
21    2  3 50  6 46    2  5 64  7 62    2  2 20  4 17    1  3 64    4  0 71  1 67  5 69  8 73    4  0 46  2 46  3 46  6 46    1  9 43    2  2 37  5 40    3  0 16  2 16  8 13    4  1 76  2 81  6 80  9 80    1  1 18    1  1 98    6  0 25  3 29  5 29  6 27  7 29  8 29    4  0 77  2 79  7 85  9 77    4  1 38  2 42  7 38  8 36    2  0 43  5 41    2  2 48  4 45    3  1 54  3 51  8 49    3  2 54  6 55  9 58    2  1 56  9 56    2  2 26  7 30
16    3  2 96  4 89  8 90    4  1 89  3 88  4 84  5 92    1  7 48    1  5 63    1  0 80    3  0 94  3 94  6 94    3  0 84  2 82  6 86    3  0 87  3 86  8 82    3  2 55  5 59  6 62    5  0 22  1 20  2 19  4 19  9 20    2  3 91  6 91    3  4 64  8 64  9 67    5  4 67  5 71  6 71  7 71  8 71    4  0 91  4 93  6 92  9 92    2  0 48  9 43    3  3 53  4 49  8 51
16    2  5 60  8 57    2  1 26  8 27    3  0 85  4 86  7 86    4  1 14  3 12  6 16  9 15    2  0 13  2 17    2  0 65  2 66    3  0 57  4 57  9 64    2  4 47  8 44    4  2 70  3 66  4 70  9 68    2  5 69  8 73    5  0 50  2 49  3 53  4 50  7 47    1  1 28    4  0 52  1 50  2 49  6 55    3  4 73  5 73  7 73    3  0 25  1 25  6 28    4  3 38  4 35  5 35  9 35
25    3  6 15  7 16  8 17    5  1 45  3 47  5 42  6 47  9 47    1  3 23    4  0 70  1 73  2 70  5 67    2  2 36  7 37    2  2 92  3 88    4  6 19  7 19  8 22  9 15    2  3 54  7 57    3  1 49  2 48  5 47    2  3 77  9 80    2  1 82  8 78    4  0 75  3 71  4 71  8 72    4  0 83  1 85  6 85  7 80    4  1 41  4 36  7 35  9 40    1  5 50    2  2 30  4 21    4  1 48  4 50  7 43  8 48    2  8 34  9 36    1  5 48    6  0 29  1 31  3 27  4 35  5 32  7 30    5  0 55  1 59  3 60  4 60  6 59    3  3 27  7 29  9 29    4  1 60  3 56  5 56  8 51    1  5 16    3  2 83  6 83  9 85
17    4  0 51  3 59  5 55  6 56    3  2 70  5 70  9 69    2  1 63  3 63    3  1 38  2 38  4 37    3  1 33  2 24  7 29    3  0 33  3 38  7 37    4  0 69  1 63  3 70  5 71    2  1 60  6 60    5  0 39  3 43  4 43  7 45  8 43    1  2 38    4  2 60  3 67  6 63  9 64    2  6 85  8 87    4  0 21  1 17  3 21  4 17    4  0 28  1 35  5 32  7 33    6  1 87  2 83  4 84  5 88  6 88  8 83    3  0 69  4 74  5 74    1  3 68
21    3  3 73  4 73  7 75    3  3 70  8 69  9 64    3  1 36  3 38  8 37    4  3 23  4 28  6 25  8 20    3  2 78  4 81  6 81    4  0 22  4 22  8 23  9 26    5  5 62  6 57  7 60  8 56  9 60    1  9 81    5  1 38  3 34  4 39  7 42  8 42    2  0 69  6 69    3  1 57  7 57  9 57    3  1 52  5 54  8 49    3  3 59  4 63  8 58    4  1 58  2 51  3 58  4 54    3  3 37  7 41  8 43    2  2 70  8 73    2  3 93  6 88    3  1 25  8 29  9 22    2  6 35  7 35    4  0 65  1 64  6 64  9 65    2  3 85  5 78
17    3  1 16  7 16  9 13    2  0 41  7 39    2  0 11  5 12    2  1 81  7 79    4  0 51  1 49  5 47  8 47    1  6 78    3  0 23  1 23  8 23    4  0 90  5 90  6 88  8 92    4  0 72  2 71  3 75  7 74    3  2 46  5 44  6 44    3  2 78  5 81  7 78    2  4 73  8 73    3  1 92  5 92  8 97    6  0 39  2 42  3 42  4 34  6 35  8 37    5  1 48  2 45  3 45  7 45  9 48    3  1 98  6 90  7 94    4  4 88  5 85  6 85  8 83
23    3  1 67  2 67  9 67    2  0 85  4 84    5  1 75  4 75  5 72  8 75  9 75    3  1 22  5 25  6 22    3  6 22  7 23  8 22    5  0 20  1 18  4 16  6 20  7 23    1  9 44    2  2 72  7 68    4  0 28  3 28  4 23  7 24    3  1 66  3 72  7 71    2  0 21  2 22    2  1 25  2 27    3  0 46  6 50  7 46    1  0 20    4  0 70  2 67  7 63  9 67    2  1 20  3 20    1  5 81    2  5 51  8 45    5  2 82  3 87  6 82  8 78  9 83    2  6 39  7 35    4  0 48  3 44  4 44  7 44    3  5 16  6 16  7 16    6  0 22  1 26  3 27  6 27  7 29  9 27
16    4  1 51  2 49  6 50  9 49    1  3 19    2  1 92  6 93    3  1 30  2 24  9 26    3  0 37  8 34  9 28    6  0 89  2 92  5 95  6 89  7 91  9 92    5  1 66  3 66  4 68  6 62  8 65    4  1 44  2 40  7 44  9 46    3  0 47  4 40  6 39    2  2 54  4 61    1  4 85    3  2 76  3 76  9 78    5  1 76  2 76  5 70  6 72  9 68    2  3 57  9 61    2  2 70  8 64    4  0 82  1 86  8 78  9 82

0 21 5 8 16 22 24 13 1 14 18 12 16 20 27 17 5 27 27 24
8 0 17 23 14 4 6 18 19 27 1 16 1 27 28 11 9 8 12 21
10 27 0 17 20 24 28 13 6 27 6 18 12 20 16 25 23 19 22 23
4 13 5 0 16 8 21 14 2 5 12 27 3 19 19 7 13 16 1 17
17 25 1 16 0 26 16 25 25 15 11 24 10 28 16 17 14 25 17 2
1 18 26 8 12 0 4 17 19 11 27 8 26 12 1 2 17 6 20 15
12 18 3 9 20 25 0 19 19 16 27 9 4 13 2 28 23 22 15 16
28 9 14 16 1 27 18 0 28 9 25 3 25 18 23 2 27 20 20 7
7 9 26 11 8 2 25 2 0 2 21 6 22 8 20 28 2 27 13 21
4 17 5 1 15 19 5 25 22 0 26 14 1 13 20 9 9 27 21 23
5 15 24 4 3 19 27 9 7 7 0 7 11 23 15 28 18 16 23 17
7 4 16 1 14 16 3 22 17 1 4 0 6 6 20 1 5 7 7 26
3 21 28 13 13 7 5 6 11 6 3 9 0 2 11 4 23 7 15 24
26 27 25 9 10 9 20 7 23 2 11 28 24 0 28 8 15 15 1 3
17 2 28 15 23 9 22 1 7 23 19 21 7 5 0 14 4 26 23 25
5 18 2 26 17 12 2 6 17 1 1 26 20 9 8 0 24 27 21 13
24 25 21 21 11 17 24 9 25 2 20 17 12 21 9 17 0 28 15 12
15 20 26 13 27 10 12 15 16 10 9 17 11 23 6 21 16 0 23 9
6 15 3 24 1 12 25 13 11 14 15 8 24 20 11 2 18 16 0 16
13 22 23 3 27 23 20 17 14 5 20 21 26 17 4 10 27 7 14 0

0 4 2 8 20 10 24 8 28 3 27 3 8 11 10 17 6 4 13 20
1 0 17 17 16 15 10 18 13 21 11 5 25 8 13 10 17 22 5 21
28 5 0 23 22 22 20 26 9 27 13 14 6 18 19 22 6 9 28 3
19 21 16 0 1 3 20 27 11 6 15 16 10 1 28 7 17 6 27 5
15 5 9 8 0 1 10 3 26 22 7 11 11 15 13 17 22 16 5 18
8 20 27 17 23 0 9 22 7 14 7 4 25 12 15 12 22 6 19 25
14 16 15 18 11 27 0 19 2 17 8 24 18 6 6 12 11 13 18 16
20 9 26 16 21 20 3 0 18 28 10 20 12 6 25 8 3 12 17 19
20 27 8 2 2 14 24 28 0 28 4 19 3 23 3 7 25 28 22 27
3 16 3 23 4 17 15 9 11 0 28 27 21 18 26 16 21 2 3 9
13 1 26 4 6 15 10 8 26 27 0 14 4 13 6 2 1 12 19 25
25 27 10 19 18 26 12 15 3 25 9 0 21 15 4 25 22 11 22 15
1 4 10 7 1 10 24 11 9 10 25 27 0 27 17 19 18 17 5 10
17 25 15 19 19 2 2 8 7 21 13 20 17 0 8 22 27 14 23 9
8 21 13 20 25 1 10 11 5 4 21 16 21 5 0 17 1 17 18 12
26 13 3 28 19 26 5 9 5 2 23 8 10 16 20 0 2 15 12 14
9 15 2 12 19 12 26 24 17 23 7 26 13 20 6 2 0 7 1 3
21 28 2 13 3 1 8 26 5 22 22 13 18 13 20 10 27 0 2 21
4 2 2 28 3 20 24 12 3 26 13 6 7 14 5 18 25 5 0 12
25 21 20 4 8 19 22 15 27 28 22 24 25 3 26 8 1 4 20 0

0 26 10 19 28 17 26 23 8 26 22 26 12 4 11 18 15 13 24 8
12 0 7 25 15 21 12 19 27 18 16 14 9 27 10 11 1 24 4 20
28 9 0 15 5 24 9 26 13 24 4 24 14 13 12 19 24 19 1 18
23 28 4 0 9 23 7 8 25 23 26 23 5 4 24 20 5 13 26 12
22 6 17 16 0 16 27 27 22 16 11 25 9 27 23 19 21 10 19 19
6 15 19 11 7 0 6 4 15 10 17 17 5 7 7 12 1 1 15 12
2 17 20 20 22 17 0 24 20 9 1 18 13 15 14 12 4 26 17 16
16 3 12 2 11 22 5 0 26 12 14 20 20 15 27 7 9 16 3 26
4 28 20 14 28 1 24 26 0 27 9 27 28 15 5 5 27 26 14 15
18 4 4 23 2 17 6 19 21 0 25 16 6 6 16 2 1 6 8 14
7 15 4 8 25 23 2 21 18 16 0 12 28 9 5 13 21 7 7 10
18 2 8 25 7 2 15 14 7 10 8 0 10 2 16 1 25 2 9 8
14 14 26 11 6 6 17 27 23 19 11 18 0 23 7 16 23 20 21 2
9 14 4 21 20 20 1 10 7 10 20 19 4 0 3 23 3 10 27 2
2 25 17 19 26 19 20 10 8 17 20 1 9 2 0 14 13 17 16 2
14 1 17 9 20 18 15 5 12 23 17 21 17 22 21 0 17 16 10 14
3 27 17 23 26 20 19 9 28 7 1 18 27 11 5 20 0 14 16 21
16 8 1 16 9 21 16 3 28 8 15 11 12 22 21 24 4 0 27 19
28 15 15 2 14 16 14 13 11 15 5 9 19 5 28 25 7 16 0 28
15 19 25 11 17 21 27 11 22 14 4 26 8 15 7 5 19 21 27 0

0 22 23 9 4 8 8 20 28 13 22 14 21 5 5 6 25 23 3 23
23 0 27 8 7 27 16 8 9 5 14 13 9 20 3 13 5 8 12 6
13 16 0 16 24 18 23 19 14 27 16 23 17 18 5 5 23 20 17 2
12 7 8 0 3 4 9 2 20 19 2 4 28 15 11 11 15 21 10 17
18 9 28 21 0 15 16 13 18 10 19 12 14 8 23 24 7 23 25 2
19 9 1 22 23 0 8 25 20 21 11 4 13 21 8 23 9 10 28 7
16 6 10 5 6 11 0 2 5 19 24 25 26 12 12 25 8 26 6 25
25 15 9 13 4 18 5 0 27 3 13 4 20 6 3 22 6 17 1 1
12 27 4 22 5 5 12 2 0 19 9 19 10 20 4 7 2 22 21 27
18 9 27 2 15 24 15 8 2 0 4 23 24 5 14 12 6 22 13 24
6 12 10 21 15 24 6 19 1 22 0 14 23 8 6 24 14 17 20 11
17 7 8 9 6 26 10 28 7 15 2 0 11 15 3 16 20 2 13 10
16 13 21 26 8 23 10 15 18 28 13 19 0 13 1 12 21 6 19 20
24 27 10 10 6 10 10 6 18 23 10 2 6 0 22 12 25 25 1 5
1 8 3 9 3 17 20 2 10 26 24 28 2 18 0 9 8 5 5 28
24 11 25 16 11 18 22 5 20 8 23 27 14 7 24 0 2 6 10 8
5 19 24 11 3 4 18 4 23 18 20 3 4 20 1 18 0 13 13 28
23 21 17 3 5 27 10 22 25 13 8 22 20 14 14 1 10 0 4 16
20 26 13 22 2 17 6 8 10 10 14 21 24 3 2 17 18 3 0 9
13 14 11 23 20 25 6 15 16 11 9 20 21 26 25 21 7 8 15 0

0 6 19 20 17 19 7 23 20 11 24 19 1 27 18 24 17 6 17 10
25 0 19 19 10 14 8 23 18 14 19 21 1 11 9 20 10 13 26 3
6 25 0 21 20 11 10 28 25 27 10 5 11 7 21 21 23 17 22 1
1 3 16 0 27 14 19 4 22 6 13 20 6 11 18 23 17 18 4 16
6 4 25 21 0 20 19 10 20 15 7 6 28 28 21 27 15 16 13 10
4 21 10 3 5 0 27 24 10 19 27 28 25 10 10 17 7 10 2 12
26 26 20 6 25 20 0 16 2 18 6 25 27 19 6 25 12 14 10 4
23 14 2 18 18 4 27 0 20 28 3 17 16 13 16 11 21 14 26 4
23 22 13 15 7 17 12 26 0 7 2 19 12 5 2 5 1 15 20 5
14 17 25 20 19 18 2 6 23 0 23 15 7 20 4 13 24 28 22 4
19 12 23 22 18 9 23 25 26 15 0 28 28 13 5 13 15 8 2 11
16 1 23 26 18 9 14 26 12 5 22 0 28 20 14 22 20 27 26 12
11 25 6 23 20 19 27 9 27 22 19 12 0 23 3 25 14 4 16 6
15 24 17 28 21 9 7 18 13 25 16 14 20 0 1 10 12 28 7 7
10 15 12 11 2 9 25 26 12 28 16 11 3 28 0 26 4 24 20 1
5 26 24 28 6 26 20 1 3 27 23 16 22 19 18 0 21 13 18 11
26 13 3 1 2 10 23 9 21 12 22 25 1 22 4 15 0 16 14 17
10 9 24 15 21 26 9 11 20 24 20 27 21 24 9 2 27 0 16 6
7 6 11 24 13 23 27 25 23 24 22 28 6 12 3 23 11 12 0 14
17 28 9 12 27 12 19 12 8 16 8 11 2 11 23 2 19 10 26 0

0 3 17 24 4 15 17 21 28 18 7 17 28 13 6 1 19 24 1 13
12 0 11 24 28 7 13 7 6 7 14 20 1 6 15 12 4 8 28 26
4 3 0 17 9 27 26 23 16 16 28 6 20 15 12 10 13 8 1 20
17 5 16 0 2 22 28 1 10 16 17 16 15 11 20 2 19 19 9 25
27 23 6 9 0 11 14 25 26 12 9 24 28 27 18 15 17 7 10 19
18 11 2 8 15 0 5 16 18 21 7 20 4 1 11 16 26 2 7 20
3 7 27 9 17 23 0 20 20 27 23 27 24 6 8 14 2 1 24 15
3 21 17 9 13 27 19 0 12 17 22 18 9 5 12 17 21 7 10 5
22 13 3 6 14 7 7 17 0 17 14 10 4 15 28 9 24 17 27 6
4 20 11 25 25 17 20 13 17 0 3 26 21 16 21 15 5 11 17 26
18 18 23 5 13 23 27 12 15 12 0 17 28 8 28 25 10 8 27 20
18 12 13 8 6 16 4 1 23 16 15 0 18 19 4 11 24 8 25 5
18 15 5 4 28 8 20 28 27 24 11 16 0 22 13 16 9 22 2 4
7 27 6 8 18 19 6 8 17 12 3 9 28 0 25 14 26 23 25 5
10 1 14 15 7 21 26 24 21 4 19 1 7 11 0 18 13 20 22 5
28 3 1 7 18 12 28 26 22 7 19 17 8 3 8 0 12 21 9 1
20 6 18 21 19 7 24 8 4 27 23 15 8 18 14 12 0 18 24 14
11 10 17 11 19 1 5 5 19 10 17 2 19 26 7 6 6 0 27 3
21 11 8 10 25 15 16 25 17 23 22 6 11 6 10 8 24 21 0 11
5 9 25 7 4 7 24 4 15 2 25 13 24 2 11 18 1 6 17 0

0 4 16 13 8 1 25 27 13 27 26 22 8 25 5 27 21 18 26 18
15 0 6 18 17 14 19 28 19 20 3 22 9 16 28 16 5 28 20 9
22 3 0 22 19 5 27 17 16 25 14 26 10 13 23 16 14 14 18 1
4 13 17 0 7 18 8 6 28 9 2 8 23 20 1 4 4 18 26 3
14 28 27 15 0 12 25 24 3 5 21 2 13 18 23 15 9 6 28 18
19 25 25 1 15 0 21 6 4 23 1 7 13 25 16 26 22 15 24 27
18 16 2 20 13 28 0 6 2 1 7 24 3 9 23 6 18 18 10 8
8 12 6 10 15 20 23 0 12 23 12 28 9 5 3 21 3 20 11 20
5 6 2 12 12 20 19 12 0 13 24 10 22 26 24 28 7 16 7 17
6 15 18 12 21 7 7 18 25 0 19 23 25 27 20 16 14 12 18 25
26 27 12 16 9 5 7 14 9 8 0 20 11 8 15 26 14 12 3 14
27 12 21 27 25 10 2 19 27 25 15 0 12 17 26 12 28 18 1 8
7 19 23 3 26 20 2 25 27 3 17 2 0 5 14 25 12 1 1 22
15 3 11 14 20 18 20 14 5 25 21 20 9 0 1 19 10 8 18 15
28 6 5 13 27 7 8 3 28 5 28 4 20 10 0 16 13 17 15 13
15 2 18 14 17 15 21 23 21 3 23 14 27 12 19 0 16 15 2 25
7 22 13 25 9 10 16 12 9 4 3 3 22 22 9 19 0 22 25 11
7 25 22 8 22 21 6 24 18 26 1 20 17 16 4 11 6 0 20 25
20 9 25 18 1 26 16 10 27 6 6 23 4 19 19 22 12 9 0 25
7 25 7 4 10 14 9 18 10 23 4 18 26 19 26 23 3 8 2 0

0 16 17 3 4 1 27 3 14 22 6 10 21 16 16 14 28 3 23 13
21 0 14 1 13 16 1 27 24 21 26 13 12 22 21 11 26 21 13 28
25 22 0 7 3 26 22 8 25 2 7 18 8 19 1 26 15 25 16 9
5 17 23 0 17 14 3 4 16 17 25 25 16 10 19 14 15 18 22 19
19 12 25 13 0 6 7 14 14 4 8 14 28 20 6 7 12 28 2 19
2 14 20 23 3 0 14 7 6 13 20 12 19 13 17 25 22 15 27 3
2 13 3 28 21 24 0 1 1 16 9 24 2 25 23 8 16 25 7 25
1 21 20 15 24 7 4 0 13 11 24 13 17 6 11 28 6 24 25 16
15 10 11 2 15 8 22 12 0 25 14 6 9 21 5 21 28 9 2 15
2 3 9 23 28 2 14 26 26 0 25 20 7 12 5 22 2 25 9 16
5 23 12 15 26 28 25 23 4 20 0 14 11 4 16 25 17 25 26 8
12 9 2 14 18 8 22 25 1 18 25 0 15 9 15 13 6 13 20 14
14 20 9 27 7 20 18 23 23 23 5 21 0 12 20 13 6 28 20 16
8 9 13 3 15 6 2 20 15 1 10 24 5 0 19 21 12 25 24 18
17 24 9 27 21 25 26 24 22 7 10 2 13 6 0 27 11 9 3 6
16 12 8 16 7 28 13 16 13 1 20 28 28 13 27 0 23 25 11 6
15 13 13 3 27 13 3 7 5 28 11 16 24 27 8 19 0 9 1 1
22 9 24 2 15 8 14 1 2 16 8 7 27 24 6 25 1 0 10 17
12 22 16 14 17 23 23 14 3 24 26 8 11 25 19 3 9 9 0 11
5 24 16 24 25 20 15 8 21 3 6 15 26 22 23 28 5 21 9 0

0 26 10 11 12 22 25 3 24 26 18 8 24 24 13 6 22 11 12 2
26 0 4 27 26 19 5 24 13 8 2 12 6 23 23 3 19 13 10 14
2 11 0 1 15 26 10 3 23 26 8 23 28 1 28 24 22 2 1 6
1 10 5 0 21 16 8 24 10 16 1 13 20 16 26 23 21 20 14 5
3 12 19 2 0 23 26 11 3 2 14 17 2 3 17 15 5 14 11 26
25 13 16 26 23 0 10 4 21 21 6 10 9 22 4 5 2 5 23 1
14 4 21 17 5 6 0 14 25 18 3 5 20 15 13 7 17 24 22 26
12 18 16 13 17 15 8 0 19 22 23 17 18 8 23 23 24 14 16 8
6 8 24 7 8 14 20 6 0 16 23 28 14 18 23 25 5 6 6 15
8 18 14 3 12 23 14 5 4 0 28 9 18 15 4 2 23 4 8 12
8 23 10 28 1 8 27 5 17 19 0 10 11 27 11 8 24 4 2 11
6 12 2 10 16 7 19 16 23 22 23 0 16 22 19 4 1 10 8 15
8 12 27 1 14 11 15 15 3 26 7 8 0 7 19 7 3 11 21 2
22 5 26 8 18 28 25 14 6 22 18 17 24 0 17 10 23 10 22 11
23 21 21 11 3 12 12 6 17 24 15 1 20 25 0 7 18 16 9 6
11 6 17 3 19 3 17 27 23 14 5 21 6 17 10 0 21 20 16 17
19 27 18 11 15 8 17 27 11 14 9 8 2 5 22 24 0 18 28 2
24 4 19 3 21 1 27 24 5 9 26 23 3 4 27 2 28 0 12 28
27 11 6 10 7 10 24 8 28 8 25 9 16 16 15 21 24 19 0 24
24 12 8 22 14 21 7 17 22 15 24 15 26 13 11 7 26 23 18 0

0 18 25 24 17 20 14 4 21 23 16 5 7 14 8 10 4 12 25 16
5 0 13 24 21 6 22 9 15 15 25 1 9 10 7 2 2 23 10 12
25 15 0 17 25 18 28 14 26 6 10 23 26 27 10 9 26 10 21 6
6 20 6 0 8 10 24 16 3 28 25 4 8 14 18 25 12 10 24 1
23 12 20 22 0 18 26 9 22 4 15 28 24 15 2 26 25 1 9 22
9 5 25 19 18 0 1 3 24 8 9 2 23 28 19 4 19 24 9 10
7 6 25 3 26 8 0 28 2 2 6 26 12 4 21 24 17 24 11 22
15 5 8 21 21 16 17 0 15 21 2 3 19 18 19 19 7 19 21 6
4 4 9 11 25 11 3 26 0 24 13 7 21 2 11 14 3 7 25 10
7 27 23 1 21 18 26 3 1 0 19 6 11 15 28 21 18 13 10 6
6 28 18 3 8 24 10 24 1 18 0 4 14 22 24 20 14 14 11 18
28 3 17 1 8 8 8 13 14 6 8 0 1 8 20 19 26 18 15 16
13 25 27 19 4 8 6 2 7 21 12 1 0 12 21 12 4 27 2 3
28 17 11 25 17 26 21 2 22 7 2 24 28 0 2 5 25 19 15 6
2 5 24 9 25 8 1 9 3 16 7 27 19 2 0 28 25 18 25 15
2 19 20 10 26 17 7 11 14 6 14 23 1 13 18 0 16 7 27 1
8 8 26 11 7 17 12 2 13 14 8 28 27 18 9 8 0 9 9 1
19 28 11 6 4 17 20 28 16 25 4 11 26 7 22 4 2 0 15 26
14 19 13 4 23 7 2 15 18 9 5 28 10 6 9 14 18 7 0 14
11 13 16 13 17 9 15 10 3 1 28 28 10 9 23 10 10 22 18 0
