10 10 2
10    1  0 29    1  1 78    1  2 9    1  3 36    2  4 49  7 49    1  5 11    1  6 62    1  7 56    1  8 44    1  9 21
10    1  0 43    1  2 90    2  4 75  5 75    1  9 11    1  3 69    1  1 28    2  6 46  5 46    1  5 46    1  7 72    1  8 30
10    1  1 91    2  0 85  9 85    1  3 39    1  2 74    1  8 90    1  5 10    1  7 12    1  6 89    2  9 45  3 45    1  4 33
10    1  1 81    2  2 95  9 95    1  0 71    1  4 99    1  6 9    1  8 52    1  7 85    1  3 98    1  9 22    1  5 43
10    1  2 14    2  0 6  2 6    1  1 22    1  5 61    2  3 26  4 26    1  4 69    1  8 21    1  7 49    2  9 72  8 72    1  6 53
10    2  2 84  7 84    1  1 2    1  5 52    1  3 95    1  8 48    1  9 72    1  0 47    1  6 65    1  4 6    1  7 25
10    1  1 46    1  0 37    1  3 61    1  2 13    1  6 32    1  5 21    1  9 32    1  8 89    1  7 30    1  4 55
10    1  2 31    2  0 86  2 86    1  1 46    1  5 74    1  4 32    1  6 88    1  8 19    1  9 48    1  7 36    1  3 79
10    1  0 76    2  1 69  4 69    1  3 76    1  5 51    1  2 85    1  9 11    1  6 40    1  7 89    1  4 26    1  8 74
10    1  1 85    1  0 13    2  2 61  4 61    1  6 7    1  8 64    1  9 76    1  5 47    1  3 52    1  4 90    1  7 45

0 8 16 5 6 17 22 14 22 8
14 0 11 15 20 9 20 13 23 22
22 16 0 16 1 15 22 13 2 21
15 2 9 0 15 5 26 12 20 24
24 9 19 16 0 5 6 23 1 10
20 5 22 5 3 0 10 10 18 26
20 2 2 16 10 2 0 17 5 11
12 21 25 24 16 17 20 0 12 21
2 16 10 9 11 1 12 12 0 18
6 12 22 25 1 7 23 19 2 0

0 25 21 10 6 2 19 11 2 9
4 0 17 10 18 21 6 8 25 1
10 8 0 16 4 5 3 1 26 15
25 11 26 0 9 23 10 18 19 14
13 20 18 22 0 8 3 11 1 16
7 25 25 23 9 0 18 26 20 20
17 17 2 8 20 8 0 18 13 17
9 18 17 20 21 5 23 0 2 1
6 3 6 2 25 23 16 1 0 1
20 11 22 14 23 24 15 11 17 0

0 23 1 16 8 23 26 12 20 14
5 0 24 10 18 15 24 25 16 1
1 5 0 10 17 5 15 9 12 5
14 11 2 0 8 9 23 23 15 9
11 18 7 4 0 24 20 7 11 23
18 20 4 18 12 0 7 25 19 18
26 26 21 8 6 12 0 20 6 24
22 8 21 4 17 1 21 0 1 25
2 18 19 12 9 24 16 24 0 25
4 26 17 15 9 20 16 15 7 0

0 11 2 14 19 1 18 9 10 15
17 0 15 4 12 23 22 3 25 12
4 16 0 4 2 21 19 2 21 23
4 12 17 0 8 4 11 23 6 8
20 24 17 9 0 21 14 19 2 5
22 9 13 24 13 0 1 13 7 10
11 20 9 14 16 16 0 16 23 15
4 24 11 5 14 18 19 0 16 22
19 20 15 13 19 15 13 14 0 23
24 13 14 10 15 26 20 15 8 0

0 17 17 19 1 26 17 11 3 23
7 0 23 13 3 26 12 6 11 17
13 25 0 24 25 20 12 19 15 17
8 7 22 0 26 5 5 5 2 21
14 24 18 17 0 14 2 7 3 6
17 11 12 18 12 0 2 8 4 25
22 13 5 18 24 2 0 22 24 8
6 7 5 23 8 1 20 0 24 21
7 4 15 25 7 16 1 7 0 25
5 12 22 21 14 18 19 17 24 0

0 16 14 23 18 16 13 20 20 9
9 0 14 25 8 3 26 18 24 24
13 9 0 4 12 6 6 16 21 2
25 18 19 0 2 5 18 5 19 6
25 24 22 1 0 18 5 18 25 25
17 17 12 9 26 0 15 17 20 6
11 23 15 24 15 2 0 14 22 1
16 9 21 21 20 2 19 0 3 25
4 21 20 22 15 26 17 19 0 18
2 23 18 11 8 4 13 21 19 0

0 7 5 26 7 2 14 26 11 16
15 0 8 19 19 10 7 15 21 25
6 23 0 8 17 17 26 4 6 19
8 14 10 0 10 14 18 18 16 16
10 17 4 4 0 6 3 22 26 17
23 19 25 16 26 0 18 1 17 16
11 19 14 4 21 15 0 15 5 11
2 12 13 8 18 24 22 0 6 19
3 12 1 25 16 18 7 11 0 13
24 9 23 18 2 9 1 23 19 0

0 25 21 7 14 11 26 22 26 11
16 0 9 10 21 25 3 11 26 20
3 5 0 1 22 19 22 10 3 26
19 15 10 0 19 24 5 5 21 16
6 19 23 1 0 11 8 22 25 24
15 21 14 20 22 0 15 10 18 8
10 9 22 22 14 26 0 1 19 26
20 7 21 1 7 21 16 0 25 6
9 26 10 23 13 15 12 15 0 26
25 3 5 22 23 13 23 21 16 0

0 18 2 23 23 4 3 17 22 7
10 0 5 13 25 1 7 10 25 19
6 4 0 5 3 19 9 18 9 26
11 20 17 0 12 12 8 14 26 4
4 21 23 8 0 11 15 12 22 8
6 3 4 5 5 0 25 2 5 26
15 23 20 19 10 8 0 7 13 11
17 19 1 10 5 12 23 0 24 11
11 7 14 5 24 25 15 4 0 2
24 6 2 25 18 12 18 18 19 0

0 5 19 16 17 6 16 13 1 18
9 0 20 13 15 4 15 25 26 2
21 12 0 2 11 3 26 16 14 25
9 9 9 0 9 16 10 8 5 2
21 25 21 15 0 20 2 14 2 10
23 14 17 20 5 0 24 1 2 2
7 10 22 5 20 14 0 7 21 13
14 12 4 1 1 24 22 0 23 24
15 8 4 5 19 7 21 11 0 10
16 24 9 21 25 23 10 24 4 0
