20 5 5
5    4  0 29  2 29  3 29  4 29    3  0 9  1 9  2 9    4  1 49  2 49  3 49  4 49    3  0 62  2 62  3 62    3  1 44  2 44  4 44
5    4  0 43  1 43  3 43  4 43    3  0 75  1 75  3 75    2  1 69  3 69    3  1 46  2 46  3 46    2  1 72  4 72
5    4  0 91  1 91  2 91  4 91    2  0 39  4 39    3  0 90  2 90  4 90    1  4 12    3  1 45  2 45  3 45
5    3  0 81  1 81  2 81    2  0 71  3 71    3  0 9  2 9  4 9    2  0 85  2 85    4  0 22  2 22  3 22  4 22
5    2  0 14  2 14    5  0 22  1 22  2 22  3 22  4 22    4  0 26  1 26  2 26  4 26    1  3 21    3  1 72  2 72  4 72
5    1  2 84    3  0 52  1 52  3 52    2  0 48  4 48    3  0 47  2 47  4 47    1  3 6
5    4  0 46  1 46  2 46  4 46    4  0 61  1 61  3 61  4 61    2  2 32  3 32    3  0 32  3 32  4 32    1  4 30
5    3  0 31  1 31  2 31    3  0 46  1 46  3 46    1  0 32    2  1 19  3 19    3  1 36  3 36  4 36
5    2  0 76  3 76    3  0 76  1 76  3 76    2  2 85  4 85    1  1 40    3  2 26  3 26  4 26
5    2  1 85  4 85    2  0 61  2 61    2  0 64  1 64    2  3 47  4 47    3  0 90  2 90  4 90
5    3  1 78  3 78  4 78    3  1 36  2 36  3 36    3  0 11  2 11  4 11    3  0 56  1 56  4 56    1  2 21
5    2  0 90  2 90    3  0 11  2 11  3 11    3  0 28  1 28  4 28    2  1 46  3 46    2  0 30  4 30
5    2  0 85  1 85    2  2 74  4 74    3  0 10  1 10  2 10    2  2 89  3 89    1  4 33
5    3  0 95  2 95  3 95    3  0 99  2 99  4 99    3  1 52  3 52  4 52    3  2 98  3 98  4 98    3  2 43  3 43  4 43
5    3  0 6  1 6  2 6    2  1 61  4 61    3  2 69  3 69  4 69    2  2 49  3 49    1  3 53
5    3  1 2  2 2  3 2    4  0 95  1 95  3 95  4 95    3  2 72  3 72  4 72    4  1 65  2 65  3 65  4 65    2  2 25  3 25
5    3  0 37  1 37  4 37    3  1 13  2 13  3 13    3  0 21  1 21  2 21    2  0 89  3 89    4  0 55  2 55  3 55  4 55
5    3  0 86  3 86  4 86    1  1 74    2  2 88  4 88    2  2 48  3 48    4  1 79  2 79  3 79  4 79
5    2  0 69  1 69    4  0 51  2 51  3 51  4 51    3  0 11  1 11  4 11    2  0 89  3 89    3  1 74  3 74  4 74
5    2  0 13  4 13    1  1 7    3  0 76  2 76  4 76    4  1 52  2 52  3 52  4 52    3  1 45  2 45  4 45

0 11 17 25 10 15 22 25 6 18 18 13 8 4 10 13 6 14 14 8
10 0 4 25 7 5 11 1 14 25 14 12 1 2 14 26 13 21 13 6
3 24 0 6 4 2 25 20 26 15 14 21 24 10 24 5 18 26 26 5
9 3 3 0 9 9 23 1 26 22 2 8 12 1 17 11 17 18 26 18
13 25 19 11 0 9 19 18 11 17 16 16 13 13 12 17 26 6 23 1
6 7 6 7 12 0 12 20 13 7 1 25 10 20 3 2 16 2 12 10
15 26 15 3 13 18 0 4 26 3 11 24 18 14 13 22 16 9 18 6
23 11 8 20 16 2 11 0 21 13 10 11 23 22 5 6 11 5 2 16
2 23 14 11 14 21 4 7 0 11 12 25 18 17 7 5 24 12 1 3
20 3 23 22 21 15 18 18 11 0 18 20 25 23 15 2 13 22 14 17
12 11 8 1 14 9 10 14 16 22 0 10 4 22 16 12 1 25 22 22
20 12 8 24 22 1 5 14 6 12 11 0 18 6 2 19 11 2 25 20
9 12 21 5 25 12 18 17 21 7 1 7 0 14 6 9 24 5 16 22
15 12 8 14 9 16 6 3 10 12 13 15 14 0 14 7 6 5 20 9
10 18 16 4 26 2 20 4 19 20 5 17 26 9 0 18 18 21 13 21
26 23 24 24 1 19 24 7 16 22 9 9 26 10 17 0 4 14 18 2
23 8 10 18 26 7 8 1 12 14 17 10 1 1 2 20 0 2 2 5
16 26 11 11 1 9 13 23 24 6 17 5 20 17 10 5 3 0 6 26
20 19 11 8 19 15 3 11 8 15 11 19 25 11 8 22 6 21 0 23
12 8 6 2 25 26 18 23 25 21 20 5 24 26 10 26 14 14 14 0

0 22 11 4 7 4 6 5 24 23 24 19 12 17 10 8 25 18 19 13
7 0 13 9 15 24 17 21 10 20 3 12 3 21 3 23 14 2 14 2
10 21 0 3 22 12 23 10 2 22 19 19 6 3 2 17 12 8 2 11
15 6 15 0 17 7 26 15 21 15 26 10 22 2 1 20 12 2 13 22
2 18 26 25 0 13 14 14 10 16 4 7 20 24 26 4 14 8 18 26
4 4 4 19 2 0 20 23 1 23 10 17 1 4 10 5 17 21 2 10
3 25 24 20 5 7 0 14 9 22 24 12 8 26 23 13 7 5 22 26
15 3 13 14 7 19 10 0 11 14 18 4 15 12 18 6 17 17 23 24
17 8 7 15 9 5 14 11 0 23 20 8 19 3 23 24 2 10 13 23
22 9 10 15 9 18 17 10 7 0 26 26 26 2 23 8 25 25 19 24
17 24 26 15 13 5 7 2 6 6 0 2 17 22 12 15 6 22 24 3
23 15 23 25 21 5 8 26 26 26 5 0 3 2 4 19 6 6 26 1
24 17 17 6 8 9 12 9 15 12 7 12 0 5 20 26 1 19 9 16
21 1 18 25 23 6 10 15 21 10 24 5 5 0 3 19 1 2 19 20
21 7 8 23 10 20 9 12 7 7 17 16 19 3 0 4 3 22 10 8
15 12 9 11 11 2 18 10 11 8 25 9 23 18 23 0 3 14 19 11
18 15 18 2 8 4 5 2 22 18 12 12 9 24 13 19 0 3 1 25
1 6 7 24 2 17 7 6 13 4 6 9 2 10 14 16 25 0 12 1
9 3 25 23 13 14 10 16 15 19 13 5 9 23 24 5 26 24 0 2
25 8 9 14 4 22 6 26 15 9 18 12 20 25 13 9 9 21 21 0

0 23 26 18 3 13 16 19 23 25 18 12 25 25 3 18 7 18 18 7
18 0 3 7 24 8 1 6 1 19 1 22 4 23 5 10 15 25 3 16
6 18 0 15 19 21 19 17 4 11 9 11 17 2 16 18 16 17 17 23
24 8 21 0 5 14 5 3 26 16 1 21 25 26 10 16 12 4 21 22
15 9 1 18 0 20 10 15 9 18 23 4 10 19 2 24 21 2 24 19
18 9 3 6 11 0 14 13 15 10 20 3 2 13 26 18 10 22 12 7
20 23 5 23 2 9 0 22 23 21 20 17 5 18 12 9 16 17 24 5
10 20 18 22 25 7 12 0 4 14 5 8 15 2 7 20 22 10 3 8
12 26 8 22 25 16 24 23 0 18 12 15 14 13 21 13 10 22 14 21
12 25 15 9 8 8 1 13 4 0 24 14 21 8 5 15 1 16 2 7
8 26 21 9 13 3 26 5 24 26 0 16 26 15 23 12 3 12 22 23
21 14 26 23 6 16 19 6 15 8 4 0 8 18 23 8 7 16 9 25
17 19 4 2 3 16 13 17 11 6 3 10 0 14 1 17 10 13 22 1
22 19 25 6 3 19 10 16 1 1 13 20 18 0 20 4 21 16 14 16
19 25 14 7 13 1 1 22 19 25 21 17 11 26 0 17 7 1 21 4
10 4 25 23 25 21 24 15 16 10 25 15 18 9 14 0 2 25 16 19
9 14 20 4 19 11 9 22 17 10 3 1 4 6 23 23 0 3 16 10
2 13 1 6 21 21 4 19 8 10 8 18 22 24 22 8 10 0 11 17
18 10 8 6 21 4 10 17 16 16 20 26 24 3 24 21 16 21 0 1
1 25 15 26 23 8 14 9 26 12 3 16 2 11 19 21 7 23 16 0

0 18 20 14 20 18 15 14 11 26 3 19 15 19 14 1 24 13 19 9
3 0 17 9 10 12 3 16 8 24 12 19 1 6 17 14 2 20 1 7
10 2 0 4 1 24 15 14 26 15 1 3 15 13 20 25 9 18 14 5
8 23 7 0 8 14 24 4 23 3 16 26 8 9 2 7 11 1 10 7
20 20 8 2 0 25 10 24 23 5 18 7 23 4 22 11 6 24 15 7
7 23 6 5 4 0 4 5 4 22 14 25 8 5 12 1 14 13 14 13
26 24 22 11 16 20 0 24 6 24 23 2 5 26 6 23 3 17 22 3
26 5 22 1 11 7 4 0 18 24 25 3 6 15 10 7 25 11 20 3
19 14 23 26 1 24 15 18 0 13 5 13 9 10 10 21 4 10 18 16
4 9 25 4 16 6 7 1 16 0 17 12 12 8 21 5 10 1 11 25
19 1 21 13 17 14 9 24 5 21 0 25 19 1 26 20 24 21 7 13
11 15 8 16 26 10 8 13 19 9 25 0 2 6 4 2 14 7 3 4
7 14 20 21 12 13 24 15 21 18 14 23 0 2 12 8 11 7 5 19
2 25 15 14 22 25 4 25 7 9 16 8 11 0 25 24 11 22 22 22
6 26 10 14 5 21 10 14 9 9 8 6 19 5 0 13 22 26 23 15
26 21 12 2 24 6 10 16 6 1 4 19 22 11 11 0 25 7 6 11
16 13 17 10 17 1 9 20 7 20 22 2 12 14 10 15 0 4 2 17
10 26 10 4 2 3 20 1 15 24 14 23 20 25 1 4 25 0 23 4
4 26 9 12 1 19 17 16 16 26 23 18 11 9 9 17 24 18 0 23
19 4 10 20 16 8 9 25 16 4 17 9 5 2 10 26 5 16 18 0

0 24 11 21 17 18 16 20 6 9 17 13 1 24 6 2 15 25 20 7
21 0 17 12 15 9 14 23 26 4 21 12 23 9 4 10 18 6 1 18
8 8 0 18 24 16 8 12 21 12 16 6 1 11 14 22 22 1 23 20
14 16 6 0 17 21 7 6 19 8 24 3 15 23 18 20 13 11 25 14
13 8 12 1 0 22 1 21 18 14 26 8 18 6 15 12 7 8 1 19
6 11 25 15 14 0 21 6 19 8 10 26 8 25 17 25 14 19 22 10
2 9 5 19 23 1 0 9 12 20 25 13 19 22 24 6 21 12 11 19
11 26 21 18 20 21 8 0 8 16 11 20 23 19 25 9 17 8 23 7
19 8 2 20 9 12 9 20 0 2 16 24 5 10 2 13 17 20 19 24
12 5 24 4 9 1 5 10 24 0 2 10 10 17 22 23 17 11 2 12
1 21 12 8 2 3 13 19 18 21 0 17 18 10 21 25 5 25 12 13
7 25 16 7 3 8 1 13 15 11 26 0 5 7 1 22 18 26 8 1
1 9 7 17 21 18 3 23 15 5 6 26 0 23 23 24 19 21 26 19
10 9 6 11 24 10 10 12 1 26 4 14 7 0 25 4 4 10 5 26
19 8 19 13 26 8 20 13 7 13 12 16 21 14 0 1 22 6 4 12
1 9 11 12 13 2 19 23 16 13 12 15 24 10 11 0 7 3 7 14
13 25 16 18 9 17 9 25 20 19 6 5 26 26 13 7 0 14 11 11
18 22 26 25 25 3 4 8 13 21 5 20 1 16 23 22 2 0 21 9
17 8 19 21 3 25 5 5 24 24 6 11 7 11 18 9 19 7 0 21
13 26 22 26 10 20 18 11 17 5 15 13 5 3 4 18 10 14 10 0
