15 15 3
15    1  9 65    1  10 28    2  4 74  2 74    2  12 33  0 33    1  2 51    2  14 75  7 75    2  5 73  12 73    3  8 32  14 32  6 32    3  6 13  13 13  4 13    2  3 81  5 81    3  1 35  2 35  4 35    2  7 59  4 59    2  13 38  1 38    2  11 55  5 55    3  0 27  13 27  5 27
15    1  0 64    2  1 53  13 53    1  11 83    1  2 33    3  4 6  13 6  10 6    2  9 52  8 52    3  14 72  3 72  12 72    3  8 7  13 7  9 7    1  13 90    2  12 21  5 21    1  6 23    1  3 10    3  10 39  2 39  1 39    1  5 49    2  7 72  14 72
15    3  14 73  6 73  4 73    1  3 82    3  1 23  9 23  0 23    3  12 62  6 62  2 62    2  6 88  7 88    1  5 21    3  8 65  6 65  13 65    3  11 70  4 70  7 70    1  7 53    1  10 81    2  2 93  5 93    2  13 77  10 77    2  0 61  14 61    2  9 28  0 28    2  4 78  8 78
15    2  1 12  10 12    1  6 51    1  7 33    2  4 15  11 15    2  14 72  4 72    3  10 98  7 98  0 98    2  9 94  1 94    3  5 12  8 12  0 12    3  11 42  4 42  7 42    2  2 24  11 24    1  13 15    1  8 28    1  3 6    2  12 99  4 99    1  0 41
15    2  12 97  5 97    3  5 7  1 7  4 7    1  9 96    2  4 15  2 15    3  14 73  7 73  0 73    2  13 43  1 43    2  0 32  1 32    1  8 22    2  11 42  8 42    3  1 94  8 94  7 94    1  2 23    1  7 86    1  6 78    3  10 24  12 24  9 24    2  3 31  5 31
15    1  1 72    2  5 88  6 88    3  2 93  5 93  4 93    2  13 13  1 13    2  4 44  12 44    1  14 66    1  6 63    3  7 14  6 14  4 14    3  9 67  12 67  14 67    2  10 17  13 17    1  11 85    3  0 35  3 35  4 35    1  3 68    2  12 5  5 5    3  8 49  5 49  3 49
15    2  9 15  3 15    3  7 82  6 82  9 82    1  6 21    3  14 53  5 53  7 53    3  3 72  0 72  4 72    1  13 49    3  2 99  10 99  9 99    1  4 26    2  12 56  3 56    3  8 45  7 45  0 45    1  1 68    1  10 51    1  0 8    3  5 27  8 27  1 27    3  11 96  3 96  2 96
15    1  3 54    3  7 24  0 24  1 24    1  4 14    1  8 38    1  5 36    2  2 52  7 52    1  14 55    2  12 37  4 37    3  11 48  13 48  12 48    3  0 93  5 93  14 93    3  13 60  8 60  1 60    3  10 70  9 70  2 70    2  1 23  12 23    3  6 23  10 23  13 23    2  9 83  10 83
15    1  3 12    3  8 69  10 69  13 69    2  6 26  5 26    1  9 23    3  14 28  7 28  8 28    2  1 82  3 82    2  5 33  8 33    1  4 45    1  13 64    2  7 15  2 15    1  11 9    1  12 73    1  10 59    3  2 37  7 37  12 37    2  0 62  5 62
15    2  0 87  14 87    2  5 12  3 12    2  7 80  1 80    1  4 50    2  10 48  6 48    2  12 90  1 90    2  1 72  6 72    3  13 24  3 24  9 24    3  6 14  9 14  2 14    3  8 71  12 71  7 71    1  11 44    1  9 46    3  2 15  4 15  13 15    3  14 61  8 61  10 61    2  3 92  14 92
15    1  2 54    2  0 22  7 22    3  6 61  2 61  11 61    2  4 46  10 46    1  3 73    3  5 16  8 16  10 16    1  12 6    1  9 94    2  14 93  3 93    3  13 67  8 67  10 67    1  8 54    2  7 75  8 75    3  11 32  5 32  13 32    3  10 40  5 40  8 40    1  1 97
15    3  10 92  12 92  11 92    2  14 36  2 36    3  4 22  7 22  6 22    2  9 9  11 9    2  3 47  1 47    1  1 77    1  12 79    3  13 36  3 36  11 36    3  6 30  3 30  4 30    3  8 98  13 98  12 98    2  11 79  12 79    1  7 7    1  5 55    3  2 6  6 6  0 6    1  0 30
15    3  0 49  12 49  5 49    2  13 83  14 83    3  3 73  12 73  13 73    1  6 82    1  1 82    1  14 92    3  11 73  9 73  3 73    3  4 31  14 31  1 31    3  10 35  13 35  0 35    1  9 54    2  5 7  9 7    1  8 37    2  7 72  1 72    1  2 52    2  12 76  10 76
15    1  10 98    1  12 34    1  13 52    2  4 26  3 26    2  1 28  6 28    2  3 39  5 39    1  8 80    1  5 29    3  9 70  4 70  0 70    2  0 43  10 43    3  6 48  4 48  12 48    2  7 58  2 58    1  2 45    3  14 94  4 94  11 94    1  11 96
15    2  1 70  12 70    3  10 17  5 17  3 17    2  6 90  5 90    2  12 67  4 67    2  4 14  12 14    3  8 23  11 23  4 23    2  3 21  12 21    1  7 18    1  13 43    1  11 84    2  5 26  1 26    2  9 36  13 36    3  2 93  12 93  4 93    2  14 84  13 84    3  0 42  8 42  2 42

0 24 4 3 12 12 8 5 25 11 10 14 14 9 4
24 0 11 4 25 19 9 19 16 16 2 16 22 17 7
17 18 0 5 4 25 9 6 1 9 24 23 24 20 22
3 25 17 0 7 6 18 13 14 23 12 22 19 14 20
20 3 6 7 0 21 1 15 14 6 1 24 7 11 7
24 1 5 7 24 0 13 6 14 15 8 4 4 12 18
15 20 16 17 23 8 0 10 22 5 11 22 4 13 24
17 19 12 1 14 16 23 0 7 15 23 22 1 18 19
13 15 23 17 14 10 9 9 0 16 17 9 6 7 22
24 6 22 4 15 14 23 12 18 0 13 5 2 6 25
5 3 22 10 9 9 16 6 8 8 0 14 4 20 17
11 14 11 19 8 24 25 4 8 18 3 0 7 24 1
12 21 24 11 8 23 3 10 7 5 6 24 0 6 4
23 1 11 22 16 13 12 8 8 23 1 4 24 0 4
9 16 16 25 17 23 23 1 11 13 10 6 15 8 0

0 4 21 14 3 25 19 6 1 16 23 4 1 16 9
8 0 6 10 9 3 5 25 16 2 10 18 6 6 24
5 15 0 4 21 6 1 17 16 22 5 10 2 24 20
20 11 11 0 25 21 7 13 19 24 11 18 11 13 16
20 4 19 23 0 9 19 22 11 1 10 8 1 11 15
18 13 4 13 6 0 21 19 11 24 25 5 11 21 16
18 22 1 13 15 4 0 1 22 2 5 5 25 1 20
13 2 24 25 22 18 8 0 24 7 9 23 10 24 21
24 18 25 14 20 7 5 14 0 25 1 12 21 19 2
9 1 18 24 25 12 11 20 18 0 8 1 5 9 7
17 8 4 8 21 17 3 15 20 11 0 13 16 6 23
19 23 14 11 14 18 25 14 15 22 8 0 16 25 12
3 8 21 19 5 20 1 7 25 6 9 21 0 16 6
25 4 6 16 5 19 10 15 16 14 23 16 6 0 6
14 12 25 18 22 11 8 7 9 14 19 18 25 18 0

0 22 13 16 15 14 10 6 23 14 17 13 22 5 7
5 0 13 10 21 25 16 17 17 21 18 7 6 20 4
6 5 0 24 16 17 14 13 10 22 14 4 20 11 19
6 15 18 0 14 2 17 21 12 5 2 19 25 24 12
19 15 23 18 0 2 12 16 4 24 4 20 7 4 8
19 17 18 15 23 0 19 13 1 5 25 16 14 14 14
14 13 2 8 19 18 0 4 14 14 7 22 18 20 3
2 23 25 19 6 2 20 0 22 7 9 14 2 11 10
24 17 8 12 23 3 12 14 0 2 5 20 8 1 20
2 23 13 10 8 25 17 22 21 0 4 5 25 13 8
10 25 8 21 1 4 5 15 18 22 0 3 24 13 17
1 16 16 6 12 25 8 25 18 4 6 0 22 1 23
3 25 23 22 9 18 16 3 9 18 19 23 0 20 3
1 24 9 3 25 4 17 10 18 4 1 2 22 0 2
13 10 12 13 8 6 1 14 25 9 8 14 23 11 0

0 18 16 2 2 21 14 7 3 20 1 17 21 24 24
19 0 20 9 4 2 7 6 3 16 4 21 16 17 7
25 2 0 10 22 7 6 22 14 6 8 10 1 23 25
20 18 6 0 20 2 25 23 17 2 8 4 10 3 4
7 18 10 12 0 19 10 11 3 3 3 5 15 3 18
9 18 14 8 3 0 6 13 18 12 4 5 21 11 5
17 20 4 9 25 5 0 23 13 12 4 17 5 20 16
23 20 5 17 23 9 13 0 11 12 12 15 25 22 22
9 19 9 15 1 15 18 25 0 23 15 9 23 1 14
10 25 1 16 15 6 8 25 16 0 8 24 7 25 14
16 13 9 25 10 18 10 22 1 4 0 9 1 25 23
7 21 19 8 9 10 25 2 11 18 21 0 24 10 3
25 21 11 9 5 14 17 9 5 7 25 23 0 7 17
3 20 24 3 24 12 6 4 11 20 24 2 10 0 11
7 19 24 6 6 1 2 9 19 21 5 4 23 16 0

0 17 3 19 3 25 2 19 24 24 16 5 23 17 16
2 0 6 7 9 17 25 2 11 20 18 24 15 9 17
10 25 0 3 15 3 4 8 1 5 16 6 1 17 9
18 23 17 0 6 24 2 25 15 21 21 11 8 4 22
4 4 3 6 0 11 2 25 12 8 2 14 23 11 15
15 7 9 4 9 0 15 10 25 1 12 4 6 10 16
14 3 5 17 25 4 0 13 16 1 10 15 2 22 23
21 1 9 8 7 5 11 0 22 18 10 16 10 14 11
11 13 5 22 3 10 3 6 0 9 25 18 7 19 23
13 17 7 16 20 22 13 7 9 0 4 17 20 15 21
4 8 23 4 8 16 12 17 11 13 0 22 7 10 17
4 3 12 17 3 24 21 20 7 1 1 0 19 24 8
4 23 15 15 23 17 6 12 21 25 23 23 0 20 4
2 17 21 19 17 5 7 9 14 20 18 10 20 0 21
25 8 10 14 15 7 10 10 16 15 20 10 5 15 0

0 13 7 8 8 9 14 3 2 5 2 1 22 8 10
17 0 9 12 12 13 8 25 11 17 15 4 8 12 25
16 6 0 21 19 22 22 7 15 2 7 11 13 25 17
19 7 12 0 25 22 11 16 16 6 9 21 7 18 4
3 21 5 17 0 6 21 21 20 5 8 18 11 25 14
15 7 24 24 25 0 19 18 8 10 20 6 18 19 10
4 22 25 13 20 5 0 23 5 6 5 20 10 23 14
23 11 5 2 11 22 10 0 2 5 19 4 12 1 23
18 7 3 8 5 8 14 5 0 13 11 16 8 23 7
4 21 13 11 6 23 22 5 3 0 23 25 12 10 19
4 10 14 10 8 1 8 10 2 7 0 10 13 10 19
17 1 17 23 20 16 17 20 4 18 7 0 21 20 1
8 20 14 11 16 15 25 19 10 8 4 19 0 12 15
5 1 16 16 5 14 21 17 16 22 9 5 1 0 17
14 3 14 10 5 7 21 21 2 13 4 11 1 18 0

0 22 16 25 10 3 19 20 16 21 2 7 1 18 24
25 0 18 8 12 21 14 7 6 10 7 5 22 1 12
21 2 0 12 20 14 4 5 5 19 3 8 11 23 19
13 17 19 0 15 7 23 19 12 18 24 20 15 4 9
6 6 13 20 0 5 22 12 24 6 10 3 13 22 11
18 8 14 20 21 0 23 9 15 13 23 23 17 10 8
1 15 16 25 14 17 0 3 24 21 1 22 4 2 11
8 25 25 11 4 9 4 0 8 12 25 12 11 6 17
21 5 22 9 23 11 23 6 0 12 9 6 21 16 5
5 16 10 3 15 6 2 3 25 0 20 17 24 7 17
11 11 6 13 6 17 13 10 24 2 0 1 22 3 17
18 11 15 23 5 22 23 24 22 20 3 0 11 19 7
20 13 15 15 8 16 18 22 2 9 11 17 0 6 13
5 7 4 20 24 5 14 6 23 22 2 13 21 0 21
6 14 24 7 15 1 13 21 17 18 25 1 10 4 0

0 2 6 24 21 18 10 24 8 11 9 22 7 23 24
12 0 2 13 15 18 4 24 3 11 8 25 10 2 14
25 22 0 4 1 10 23 9 18 2 19 23 25 9 15
21 23 17 0 5 12 17 11 1 15 13 4 3 7 9
17 14 19 24 0 15 18 18 15 16 18 12 17 18 23
20 12 17 3 5 0 17 14 14 13 21 7 7 7 20
1 22 11 2 12 19 0 4 4 14 16 16 20 22 13
17 9 16 13 1 9 20 0 21 1 5 10 14 17 9
6 23 7 16 21 18 19 17 0 2 8 5 4 11 16
12 7 2 11 23 23 13 12 7 0 24 20 24 9 16
3 7 15 19 19 4 23 18 2 16 0 3 25 24 1
1 15 16 18 6 23 2 24 3 14 25 0 7 11 13
20 7 17 25 10 9 14 24 18 21 10 24 0 11 9
11 2 20 20 13 4 18 19 2 4 4 25 19 0 22
16 17 13 23 4 16 24 21 11 16 20 19 22 9 0

0 10 1 20 18 23 20 20 1 4 5 2 25 20 9
5 0 14 2 4 4 18 19 7 14 4 10 3 16 19
14 13 0 9 21 20 4 17 10 4 1 1 13 1 14
5 8 11 0 13 5 8 6 16 11 2 9 10 24 2
21 4 6 6 0 4 24 13 18 4 15 23 25 12 14
16 17 6 18 19 0 21 9 18 2 12 23 21 18 25
3 22 24 15 7 9 0 16 18 11 4 17 15 8 17
9 24 19 14 17 25 21 0 6 8 14 9 22 17 11
1 6 10 3 19 1 12 6 0 4 13 22 11 11 20
24 18 16 16 13 25 3 14 14 0 13 11 25 5 4
16 21 14 3 12 5 20 6 14 24 0 13 14 7 10
5 21 13 17 3 9 19 22 10 3 4 0 7 18 17
7 10 20 5 3 10 2 9 25 2 5 2 0 15 11
17 6 6 3 19 18 23 12 3 23 1 1 7 0 15
8 22 22 1 8 24 2 17 11 20 6 17 13 10 0

0 19 2 23 2 15 22 24 14 19 1 13 10 14 22
17 0 16 19 14 10 16 8 11 12 9 18 8 9 11
20 19 0 17 10 4 5 5 15 23 20 23 10 1 18
16 21 16 0 20 6 17 3 20 25 10 13 22 2 2
13 3 2 23 0 23 12 1 12 9 21 25 11 22 3
12 2 5 12 9 0 23 8 9 11 3 8 5 12 1
19 21 3 2 17 25 0 11 17 3 11 10 10 22 18
4 10 14 18 19 15 17 0 16 15 21 2 11 15 7
13 11 22 12 1 18 4 16 0 4 11 5 2 25 8
19 21 23 5 25 22 9 18 21 0 1 20 19 14 16
15 25 10 12 6 8 25 10 25 11 0 5 15 17 7
18 16 16 9 23 9 21 15 22 5 4 0 23 1 5
12 23 7 1 17 25 16 17 1 12 13 19 0 1 24
2 4 1 10 5 6 25 7 17 5 2 21 10 0 21
13 6 20 11 11 25 20 6 25 5 4 8 20 10 0

0 18 1 24 19 2 9 17 20 7 24 9 16 25 18
23 0 24 25 15 19 3 23 2 16 1 14 5 11 21
22 16 0 5 24 4 8 8 18 24 18 7 15 7 1
8 1 25 0 12 8 16 18 15 17 12 11 5 18 21
11 7 20 6 0 24 3 23 9 5 18 21 14 25 24
6 17 6 15 6 0 25 20 5 22 18 22 25 13 2
18 25 5 21 8 23 0 8 14 4 16 9 1 2 22
13 10 12 5 10 1 14 0 21 16 22 19 1 7 23
11 15 6 16 13 6 11 18 0 13 2 5 4 22 1
25 18 9 18 15 10 11 24 3 0 18 2 5 21 18
4 8 2 21 10 13 22 1 24 10 0 14 18 18 25
4 25 3 21 15 22 16 21 4 11 9 0 19 16 12
8 7 13 6 12 16 22 11 14 2 9 4 0 2 13
3 18 15 15 21 17 5 9 5 15 18 10 18 0 25
17 8 4 17 10 3 9 1 19 12 4 25 15 25 0

0 25 17 2 1 9 25 23 2 12 12 8 22 21 3
5 0 8 11 12 18 8 1 19 5 25 25 17 11 25
17 5 0 5 17 12 18 22 23 8 14 17 16 13 10
6 16 3 0 8 8 23 25 24 11 6 8 16 7 23
11 21 7 21 0 22 9 14 24 20 10 17 23 1 1
5 18 12 12 10 0 2 1 13 17 14 20 20 20 19
14 1 4 1 19 23 0 21 10 10 10 25 5 15 6
22 7 2 11 17 24 1 0 2 1 12 8 17 12 24
9 13 12 17 18 15 6 1 0 17 11 14 21 16 8
11 13 17 4 10 12 10 9 1 0 20 3 3 25 21
7 21 22 2 19 24 1 21 20 7 0 10 24 4 17
6 17 11 24 1 16 21 19 16 6 4 0 22 16 17
20 4 21 6 19 4 14 20 5 9 13 18 0 5 19
21 11 7 1 22 23 16 12 23 16 14 7 23 0 25
4 8 13 13 18 19 13 16 3 12 14 1 13 19 0

0 9 16 14 4 21 13 13 6 19 19 14 20 7 20
14 0 9 23 11 1 21 25 15 18 13 13 9 25 24
3 21 0 2 7 19 6 8 24 16 10 2 8 21 17
11 3 9 0 2 19 19 10 21 23 3 11 6 11 24
20 17 1 21 0 17 22 24 19 14 24 23 4 6 19
5 10 19 24 19 0 2 2 3 24 4 24 16 11 8
2 18 15 22 25 9 0 8 13 6 10 10 5 6 4
2 14 18 8 3 6 18 0 21 14 10 4 2 8 18
13 19 24 25 25 6 23 9 0 13 5 19 6 24 8
12 8 22 15 17 5 25 18 22 0 12 6 22 9 25
25 14 18 4 4 8 4 14 9 25 0 14 21 25 19
21 10 14 23 9 22 7 16 9 15 24 0 18 17 20
13 12 24 6 23 16 1 19 15 8 21 24 0 18 8
14 20 11 9 2 13 16 7 5 1 3 1 14 0 6
7 17 21 22 16 2 2 14 5 9 22 9 9 13 0

0 8 17 13 11 6 18 1 16 22 16 10 20 9 21
7 0 24 20 12 20 20 9 10 23 8 14 19 23 6
7 6 0 21 16 5 2 2 16 7 3 7 18 3 21
3 16 12 0 16 17 24 25 16 19 24 25 16 23 23
21 16 7 2 0 11 7 7 7 7 12 13 8 18 18
9 23 21 21 25 0 11 24 23 22 8 10 4 24 14
18 19 11 2 10 25 0 17 7 21 13 13 18 1 24
17 22 23 24 23 14 1 0 4 18 16 16 15 15 17
23 22 17 12 1 22 12 15 0 6 22 9 6 2 17
25 2 24 21 7 4 21 2 13 0 19 6 23 5 14
4 1 3 18 21 15 7 22 1 25 0 11 23 5 7
14 23 17 9 19 13 7 22 19 1 8 0 11 1 10
15 6 21 4 10 15 16 6 14 7 1 1 0 12 11
12 3 21 2 7 4 25 6 18 7 7 4 24 0 21
1 3 1 20 3 3 3 13 10 9 12 20 2 10 0

0 21 9 25 3 16 19 23 6 12 8 20 8 7 10
3 0 20 11 9 12 9 16 5 9 7 24 24 2 17
7 17 0 25 8 21 19 7 16 11 8 7 6 18 21
22 6 24 0 18 25 5 22 12 2 18 10 4 1 3
3 23 22 21 0 11 9 10 16 22 23 6 1 25 21
11 5 8 5 23 0 4 17 6 23 17 17 7 9 11
15 15 9 20 14 9 0 10 4 12 5 18 13 20 8
18 17 3 12 10 25 23 0 24 13 11 1 1 13 9
18 18 10 23 2 18 2 16 0 15 8 5 15 2 6
7 6 14 17 9 4 10 4 1 0 6 22 20 18 13
2 14 12 1 17 22 22 20 4 18 0 3 4 9 1
20 11 24 21 8 9 5 15 6 6 13 0 23 19 2
21 3 20 5 3 14 15 20 12 13 20 3 0 19 3
2 22 12 25 19 19 13 9 7 6 4 20 9 0 21
20 16 4 5 11 2 25 14 16 2 24 7 6 16 0
