20 5 5
5    2  3 5  4 5    2  0 58  4 58    1  2 44    3  0 9  1 9  2 9    3  0 58  1 58  2 58
5    4  0 89  1 89  2 89  4 89    1  4 96    4  0 97  1 97  2 97  4 97    1  2 84    2  1 77  3 77
5    2  1 81  2 81    2  0 85  3 85    3  1 87  2 87  4 87    3  1 39  3 39  4 39    4  0 77  1 77  2 77  4 77
5    2  0 15  4 15    3  0 57  3 57  4 57    4  1 73  2 73  3 73  4 73    1  1 21    2  1 31  2 31
5    4  0 48  2 48  3 48  4 48    3  0 71  1 71  4 71    1  3 70    2  0 40  4 40    4  0 49  1 49  2 49  4 49
5    1  0 10    5  0 82  1 82  2 82  3 82  4 82    2  1 34  3 34    3  0 80  2 80  3 80    2  1 22  4 22
5    3  0 17  2 17  3 17    4  0 55  1 55  2 55  4 55    4  1 91  2 91  3 91  4 91    1  4 75    2  1 7  3 7
5    2  3 47  4 47    1  2 62    4  0 72  1 72  2 72  4 72    2  2 35  4 35    2  0 11  3 11
5    1  1 90    5  0 94  1 94  2 94  3 94  4 94    4  0 50  2 50  3 50  4 50    2  0 64  1 64    2  0 75  3 75
5    3  1 15  3 15  4 15    2  0 67  2 67    2  0 12  4 12    3  1 20  2 20  4 20    2  1 71  3 71
5    3  1 93  3 93  4 93    2  2 29  3 29    4  0 52  1 52  2 52  3 52    2  1 57  2 57    3  2 68  3 68  4 68
5    4  0 77  1 77  3 77  4 77    2  0 93  1 93    2  0 58  3 58    2  2 70  3 70    1  4 7
5    2  1 63  4 63    4  1 27  2 27  3 27  4 27    3  0 95  1 95  3 95    1  4 6    2  2 82  3 82
5    3  1 36  2 36  4 36    3  0 26  2 26  3 26    2  0 48  3 48    3  0 56  1 56  2 56    1  1 87
5    2  1 36  2 36    1  1 8    2  2 15  4 15    2  3 76  4 76    4  0 36  1 36  3 36  4 36
5    3  0 78  3 78  4 78    1  1 84    2  2 41  3 41    3  0 30  3 30  4 30    3  1 76  2 76  4 76
5    3  1 78  2 78  3 78    2  0 75  4 75    2  0 88  4 88    1  3 13    2  2 81  3 81
5    3  0 54  1 54  2 54    3  0 40  1 40  4 40    2  0 13  2 13    2  1 82  2 82    3  1 29  3 29  4 29
5    2  1 26  4 26    2  3 82  4 82    4  0 52  1 52  3 52  4 52    2  3 6  4 6    3  0 6  2 6  3 6
5    1  3 54    2  1 64  2 64    1  0 54    3  0 32  2 32  4 32    2  3 88  4 88

0 11 13 3 12 3 16 9 1 17 13 13 11 26 26 20 8 22 2 5
24 0 1 7 23 8 22 9 21 21 4 3 6 23 21 6 25 16 13 16
19 27 0 13 7 24 8 28 17 8 12 2 11 10 22 13 24 25 9 25
17 4 20 0 1 5 10 27 19 21 10 26 9 3 5 24 5 9 12 28
8 20 15 1 0 19 10 20 22 22 4 1 21 4 8 26 15 13 19 20
1 13 2 8 13 0 25 12 20 26 24 25 21 24 5 18 21 12 11 9
12 26 9 17 14 9 0 20 28 26 23 18 27 27 21 9 1 13 2 23
12 23 15 24 14 4 9 0 9 21 8 18 5 18 24 21 10 19 16 17
25 8 10 22 21 2 17 6 0 14 4 26 24 28 16 2 15 8 19 17
11 26 16 10 13 27 17 27 8 0 15 9 18 11 17 17 15 14 11 5
20 24 12 14 21 20 19 20 7 13 0 26 18 23 7 13 3 9 17 20
18 4 22 17 19 8 20 25 21 3 20 0 26 12 26 5 16 27 24 14
9 28 20 3 28 14 5 23 27 6 6 14 0 28 4 11 19 17 5 17
19 9 21 4 18 3 8 24 3 1 26 17 28 0 26 14 23 6 25 13
23 16 13 14 8 17 6 8 25 24 13 28 1 2 0 18 3 13 25 6
20 28 10 22 7 9 14 22 23 7 20 25 17 13 27 0 11 1 28 12
2 20 2 9 3 7 6 17 4 5 1 22 9 15 18 19 0 19 10 3
12 6 7 12 21 19 5 5 14 28 27 25 11 8 23 5 7 0 28 27
2 5 11 6 20 20 8 10 17 1 28 12 22 20 24 8 15 11 0 25
1 20 13 11 22 15 24 25 27 7 8 12 19 18 26 9 15 9 9 0

0 14 4 23 9 5 17 4 17 24 12 17 26 5 14 28 26 24 16 4
27 0 22 8 8 3 6 17 27 10 26 5 20 6 9 2 28 10 21 15
9 25 0 13 21 21 24 16 13 11 15 9 7 13 11 18 7 23 6 19
10 16 7 0 24 21 6 1 4 5 18 18 9 16 26 16 7 5 8 18
7 20 12 5 0 27 25 17 12 11 1 15 7 10 23 28 18 8 15 26
17 21 26 28 7 0 15 14 6 10 9 15 23 25 14 16 14 20 20 26
23 25 26 21 16 19 0 1 18 28 17 11 8 5 10 23 15 9 2 11
21 1 14 10 25 28 23 0 18 5 12 10 2 6 2 17 5 15 10 25
15 17 27 12 9 15 17 3 0 7 21 21 6 5 25 12 22 25 8 15
17 28 24 2 16 2 3 21 5 0 6 15 28 5 19 27 18 27 22 15
11 24 23 14 2 23 7 11 1 7 0 19 6 24 2 1 3 23 25 26
22 27 22 25 9 17 10 19 2 14 10 0 12 1 5 24 2 24 15 3
18 3 8 23 13 2 2 15 18 24 8 26 0 17 6 22 27 26 17 28
23 17 9 24 9 24 20 25 22 14 6 12 4 0 5 6 5 9 22 18
10 16 8 17 3 26 8 5 13 18 4 27 10 27 0 7 21 16 28 21
8 23 22 26 28 15 16 23 7 12 16 27 26 8 24 0 28 4 13 14
15 25 26 28 2 3 8 15 28 8 1 9 20 13 20 6 0 21 4 10
25 21 26 22 16 8 15 11 15 4 13 6 3 14 19 19 15 0 22 5
8 12 1 15 21 24 8 12 17 11 17 9 1 6 7 16 1 20 0 18
3 12 16 22 23 1 22 17 18 9 5 20 7 16 8 15 13 12 3 0

0 15 12 10 13 17 21 6 19 22 5 16 13 24 15 5 26 14 4 5
16 0 13 7 11 1 2 12 25 5 15 27 18 20 15 14 19 12 13 11
16 6 0 21 13 5 10 11 20 2 11 18 23 17 21 20 12 11 17 14
4 22 14 0 27 7 12 15 2 15 12 21 12 24 17 2 21 10 8 24
27 26 10 10 0 16 4 25 28 22 19 2 22 15 25 3 22 11 2 25
19 1 11 18 4 0 3 1 1 15 25 25 3 16 23 25 11 13 2 6
12 24 13 16 13 20 0 9 23 19 28 22 16 21 7 19 21 21 15 3
15 12 3 11 1 26 15 0 4 26 25 1 22 28 24 11 21 28 4 17
22 26 23 21 16 21 13 14 0 23 6 16 5 14 28 5 17 4 12 25
21 13 12 11 25 24 7 8 17 0 27 3 9 20 5 6 11 14 24 14
7 18 6 3 13 21 4 20 22 3 0 24 9 24 6 26 21 19 19 26
11 14 26 22 19 23 22 12 20 4 26 0 10 28 18 7 12 9 24 22
2 11 22 4 7 23 19 2 21 13 6 16 0 3 5 3 9 22 8 1
12 15 25 19 27 3 17 25 25 22 23 26 2 0 10 14 24 2 26 18
8 20 23 25 12 7 7 8 14 22 12 7 21 16 0 4 16 17 12 9
19 12 17 7 2 20 10 26 16 24 25 3 12 13 23 0 6 25 18 11
5 5 16 5 5 21 9 3 25 22 3 2 5 23 20 15 0 8 23 9
6 14 19 6 3 23 24 25 7 14 11 5 21 18 9 21 8 0 6 28
21 25 25 22 1 8 16 8 17 1 3 17 23 16 15 20 17 24 0 15
24 27 6 23 19 18 12 10 18 24 14 14 1 21 3 3 28 25 26 0

0 28 12 26 2 26 27 19 27 15 10 26 15 23 4 15 8 13 19 19
4 0 2 4 13 22 22 24 20 1 15 16 4 13 17 27 27 26 12 18
3 20 0 4 12 28 5 12 24 26 17 26 16 9 15 6 15 28 26 18
23 6 18 0 16 2 11 2 27 27 16 13 11 27 5 25 17 1 25 25
24 7 2 27 0 8 7 14 13 1 7 25 11 21 13 22 17 2 16 2
17 13 25 11 9 0 7 24 4 25 7 9 27 18 16 11 3 4 2 21
3 20 10 21 25 10 0 13 16 18 21 15 11 25 23 19 26 20 28 27
4 11 17 12 23 1 24 0 28 27 20 12 28 9 19 20 18 17 11 6
3 9 24 5 22 1 8 8 0 23 12 17 23 22 5 16 9 20 27 25
3 20 15 20 14 28 19 7 26 0 9 11 23 14 11 19 20 17 14 19
18 14 15 22 2 24 20 2 4 16 0 17 6 22 9 14 12 28 6 28
3 22 23 3 11 21 25 3 28 5 21 0 4 3 14 11 4 24 16 23
26 28 12 21 1 13 21 22 19 27 2 10 0 28 18 26 26 19 14 21
16 5 14 2 13 2 20 22 14 24 24 9 25 0 4 18 28 1 18 7
24 7 25 1 3 7 11 16 12 15 23 28 20 21 0 18 23 22 22 9
12 20 18 19 18 19 20 17 16 21 8 1 6 20 10 0 8 19 17 1
7 9 24 11 16 9 28 15 2 8 11 6 5 5 5 23 0 13 10 27
27 17 1 26 10 20 22 9 4 15 3 18 10 6 23 25 14 0 2 15
17 23 23 28 13 24 21 27 1 20 26 16 4 4 1 8 17 16 0 20
2 10 25 22 26 6 1 27 20 18 23 11 1 25 26 11 8 27 22 0

0 4 17 10 11 18 1 18 14 28 22 22 16 6 20 10 4 21 25 20
26 0 13 24 9 8 15 10 27 19 24 17 28 19 4 3 2 22 21 11
28 18 0 19 17 8 8 3 14 6 19 25 5 22 27 2 5 11 9 5
24 19 5 0 2 10 25 25 9 16 2 7 10 2 3 10 9 24 1 21
18 21 21 10 0 6 5 23 28 19 22 17 7 7 10 25 25 11 16 13
9 8 23 16 24 0 12 3 2 1 27 2 10 4 12 17 22 13 8 8
20 3 28 9 3 22 0 1 16 15 10 14 20 20 23 2 5 17 14 18
4 2 22 8 24 5 28 0 8 13 2 2 24 22 2 9 1 25 24 22
6 4 12 22 20 5 24 11 0 20 27 9 24 2 14 17 22 23 18 5
9 12 27 15 2 6 22 19 13 0 22 25 21 24 10 21 9 15 9 14
23 15 10 14 16 22 2 28 10 27 0 26 3 24 5 26 25 5 6 9
5 21 11 17 6 8 17 8 21 27 19 0 19 15 19 2 7 18 7 15
4 9 16 3 3 1 6 25 9 12 14 22 0 23 28 16 21 11 23 26
7 5 9 26 10 9 20 13 26 6 7 19 12 0 9 7 14 25 6 17
27 21 2 6 9 1 7 19 11 27 19 19 21 15 0 26 21 5 11 17
3 18 18 23 22 10 17 7 24 28 24 8 6 1 24 0 10 6 1 5
9 7 2 22 26 11 5 22 10 12 4 3 14 22 15 22 0 21 5 28
10 14 4 11 7 2 11 11 25 23 22 27 24 2 5 18 20 0 27 21
20 24 19 14 4 16 13 28 7 1 7 11 25 8 10 23 23 4 0 16
10 9 7 23 9 26 11 17 17 2 9 24 13 24 26 19 23 2 22 0
