15 10 3
10    1  2 34    1  3 55    2  5 95  2 95    2  9 16  5 16    1  4 21    2  6 71  7 71    2  0 53  7 53    3  8 52  9 52  6 52    3  1 21  3 21  9 21    2  7 26  0 26
10    3  3 39  2 39  9 39    2  2 31  4 31    2  0 12  1 12    2  1 42  5 42    3  9 79  3 79  0 79    1  8 77    2  6 77  8 77    1  5 98    1  4 55    3  7 66  8 66  0 66
10    2  1 19  8 19    3  0 83  3 83  9 83    1  3 34    3  4 92  3 92  9 92    1  6 54    2  9 79  5 79    1  8 62    1  5 37    3  2 64  1 64  6 64    3  7 43  9 43  1 43
10    2  4 60  3 60    3  2 87  9 87  1 87    1  8 24    3  5 77  1 77  2 77    2  3 69  2 69    1  7 38    3  1 87  3 87  7 87    2  6 41  2 41    1  9 83    1  0 93
10    2  8 79  0 79    2  9 77  0 77    2  2 98  9 98    2  4 96  0 96    2  3 17  2 17    2  0 44  8 44    1  7 43    2  6 75  1 75    2  1 49  4 49    3  5 25  7 25  6 25
10    2  8 35  9 35    3  7 95  5 95  8 95    2  6 9  7 9    2  9 10  6 10    1  2 35    1  1 7    1  5 28    2  4 61  5 61    2  0 95  5 95    3  3 76  6 76  9 76
10    1  4 28    2  5 59  2 59    3  3 16  7 16  5 16    2  9 43  1 43    2  0 46  6 46    1  8 50    2  6 52  8 52    3  7 27  1 27  8 27    2  2 59  0 59    1  1 91
10    1  5 9    3  4 20  2 20  7 20    1  2 39    2  6 54  0 54    1  1 45    2  7 71  6 71    3  0 87  2 87  9 87    2  3 41  1 41    2  9 43  7 43    1  8 14
10    1  1 28    3  5 33  1 33  4 33    3  0 78  9 78  7 78    3  3 26  1 26  8 26    1  2 37    3  7 8  8 8  9 8    1  8 66    2  6 89  0 89    3  9 42  0 42  8 42    2  4 33  8 33
10    3  2 94  1 94  4 94    1  5 84    3  6 78  0 78  7 78    3  9 81  0 81  4 81    1  1 74    3  3 27  0 27  9 27    1  8 69    2  0 69  3 69    3  7 45  2 45  5 45    1  4 96
10    1  1 31    1  4 24    3  0 20  3 20  6 20    3  2 17  3 17  6 17    3  9 25  0 25  1 25    1  8 81    2  5 76  1 76    1  3 87    1  7 32    2  6 18  7 18
10    2  5 28  4 28    2  9 97  4 97    3  0 58  1 58  8 58    1  4 45    3  6 76  5 76  9 76    3  3 99  8 99  1 99    3  2 23  4 23  7 23    2  1 72  7 72    3  8 90  0 90  6 90    2  7 86  6 86
10    3  5 27  3 27  9 27    3  9 48  2 48  4 48    2  8 27  0 27    1  7 62    2  4 98  3 98    1  6 67    1  3 48    2  0 42  2 42    1  1 46    1  2 17
10    1  1 12    3  8 50  2 50  4 50    3  0 80  4 80  8 80    2  2 50  6 50    1  9 80    2  3 19  1 19    2  5 28  6 28    2  6 63  1 63    3  4 94  3 94  1 94    1  7 98
10    3  4 61  7 61  9 61    1  3 55    3  6 37  4 37  9 37    2  5 14  7 14    3  2 50  0 50  9 50    3  8 79  2 79  7 79    2  1 41  0 41    3  9 72  1 72  4 72    2  7 18  9 18    3  0 75  5 75  4 75

0 20 13 20 4 14 20 22 16 7 5 10 22 19 20
2 0 14 9 18 10 17 6 23 16 13 9 19 17 2
27 4 0 17 10 7 20 24 18 9 18 14 6 7 8
19 5 22 0 10 1 8 4 9 6 5 18 3 15 4
11 8 21 26 0 27 14 11 17 20 25 13 18 16 10
7 11 26 12 2 0 25 8 11 13 7 20 7 7 25
5 23 2 3 10 27 0 12 21 11 25 4 4 15 23
11 9 21 8 27 6 12 0 23 14 25 1 7 23 22
7 13 17 7 11 18 14 8 0 22 17 13 13 19 12
25 21 3 24 5 24 7 24 26 0 13 8 7 6 11
9 27 23 4 13 18 22 20 18 21 0 11 16 27 25
5 12 7 18 19 19 17 18 15 1 12 0 24 2 10
5 24 16 3 7 20 6 11 11 17 3 22 0 5 15
20 15 22 10 25 4 23 9 25 8 9 21 14 0 12
5 10 13 6 9 15 3 13 8 21 23 5 22 21 0

0 26 6 11 5 6 17 13 13 23 3 6 19 18 27
10 0 11 6 21 9 15 11 6 21 16 22 8 16 1
7 18 0 5 16 15 25 6 26 18 12 19 9 15 16
6 2 13 0 1 3 21 27 19 9 18 22 27 14 8
23 3 11 2 0 11 8 3 26 25 24 8 10 15 24
19 22 13 10 7 0 13 7 1 23 3 17 24 26 2
21 27 12 6 2 3 0 25 12 15 16 15 4 14 13
2 8 8 19 18 26 17 0 25 27 5 1 7 16 25
20 7 18 19 4 26 3 3 0 27 19 1 20 4 14
23 16 13 27 8 1 13 16 17 0 24 12 7 18 17
14 26 15 24 15 2 25 18 24 14 0 7 15 20 7
5 21 24 16 22 1 26 27 22 24 10 0 21 8 21
9 1 16 15 5 12 24 16 19 11 24 24 0 5 27
12 1 9 2 17 17 22 4 26 17 3 14 13 0 6
3 6 17 8 27 24 8 5 18 4 25 9 9 11 0

0 7 2 19 4 25 5 8 24 5 12 13 22 4 2
7 0 21 18 27 18 8 14 10 18 26 22 8 3 16
13 14 0 23 3 14 5 23 24 27 10 23 11 25 4
20 26 14 0 25 5 17 14 13 17 18 2 16 23 14
4 11 9 1 0 2 1 2 24 27 4 10 25 14 22
9 4 17 23 26 0 8 4 16 20 8 1 6 5 2
24 15 21 24 7 8 0 14 11 14 9 23 11 16 27
11 12 9 16 14 2 4 0 7 19 20 21 2 3 9
7 20 17 9 12 26 18 14 0 12 14 27 7 21 14
23 17 6 8 26 4 11 1 6 0 22 16 24 12 11
25 11 7 16 25 10 8 27 1 8 0 18 4 16 4
27 27 18 12 14 16 13 1 2 13 6 0 18 24 20
21 21 21 25 16 16 8 8 22 20 13 11 0 25 24
8 14 18 20 11 13 10 26 17 20 24 8 19 0 12
11 23 23 10 15 2 27 2 24 15 19 23 12 12 0

0 22 25 11 10 25 8 22 3 10 3 20 1 22 14
16 0 1 5 23 21 27 13 11 25 12 17 25 13 23
18 7 0 2 25 1 15 24 1 12 18 20 20 11 23
23 13 8 0 22 13 8 5 27 16 14 24 9 15 26
17 2 14 18 0 25 18 19 1 23 19 24 1 24 6
26 7 25 27 2 0 6 18 20 19 2 8 26 13 20
12 6 8 9 10 6 0 20 12 26 27 17 20 1 9
2 3 5 5 18 4 22 0 15 15 24 7 2 15 13
18 8 23 1 10 11 9 13 0 24 1 12 21 24 2
4 8 18 7 4 27 27 1 22 0 27 3 20 22 25
26 17 21 7 11 7 14 20 17 26 0 26 20 6 7
26 8 12 4 9 15 6 21 18 17 2 0 19 9 8
15 25 26 1 12 20 24 3 12 14 25 1 0 22 10
27 3 1 8 17 1 11 13 18 2 2 23 10 0 20
25 15 22 11 18 25 16 11 14 8 11 2 12 7 0

0 5 4 18 24 22 27 6 7 25 22 8 18 5 26
1 0 10 3 2 24 27 22 14 18 21 27 17 27 26
25 8 0 5 23 15 8 1 6 24 2 17 21 20 8
9 19 9 0 5 14 19 11 17 1 15 23 5 11 1
2 11 10 22 0 14 24 4 12 18 1 25 21 20 15
1 17 1 17 10 0 24 11 5 21 4 26 21 11 6
16 27 5 10 24 23 0 15 13 18 17 22 13 7 5
2 10 27 22 12 12 13 0 16 25 23 3 15 2 20
15 1 16 12 11 5 12 19 0 9 26 12 23 2 20
13 19 4 23 17 16 8 17 19 0 15 23 17 11 22
3 6 13 15 11 23 17 12 12 19 0 22 2 5 26
10 20 23 24 9 25 5 16 17 27 24 0 17 3 15
1 1 2 23 13 21 4 13 12 19 5 13 0 22 19
22 26 25 21 11 16 22 27 17 18 22 13 7 0 6
10 8 17 6 14 17 10 14 14 25 9 20 15 17 0

0 12 13 22 26 14 3 14 17 18 13 25 13 9 21
1 0 27 24 8 9 18 15 26 14 8 23 27 11 7
18 16 0 23 8 24 20 26 18 13 9 4 13 3 5
8 8 17 0 24 7 21 17 3 22 22 2 21 17 16
26 26 5 7 0 13 11 22 2 15 8 21 11 10 14
11 17 14 2 22 0 26 24 20 9 16 27 4 15 22
22 17 22 5 9 26 0 22 22 26 26 18 8 12 11
25 9 5 4 24 17 25 0 25 22 8 25 18 8 4
17 13 19 25 18 2 12 8 0 12 25 12 22 22 9
23 6 23 3 23 3 19 25 9 0 18 23 7 23 2
2 23 16 20 25 16 14 24 6 8 0 2 10 20 19
26 6 21 16 9 23 27 7 9 22 20 0 20 15 5
24 12 2 13 27 8 4 11 20 22 6 10 0 6 18
6 8 6 9 18 18 24 26 3 2 14 12 25 0 18
10 25 1 3 11 23 5 7 14 24 11 20 9 6 0

0 15 6 21 3 11 21 11 26 18 18 15 20 1 22
6 0 17 20 24 13 1 18 24 2 24 27 19 18 1
25 11 0 23 20 7 9 15 22 19 27 15 19 13 18
15 14 3 0 1 25 21 4 27 25 26 4 4 11 14
18 18 25 10 0 27 27 12 10 24 17 3 23 10 15
5 6 6 18 24 0 17 6 23 18 13 25 21 19 2
7 22 4 27 12 9 0 27 25 18 1 3 12 19 8
5 4 17 22 12 22 15 0 7 17 25 11 20 16 21
5 11 5 17 18 23 8 25 0 24 2 4 16 11 19
19 24 16 13 25 7 16 20 2 0 18 4 24 20 1
13 22 27 4 2 16 9 15 1 18 0 23 17 23 7
15 13 16 7 5 7 17 12 18 12 2 0 3 20 14
6 23 15 3 20 2 2 5 4 1 22 26 0 5 2
14 9 19 18 22 9 20 24 7 2 6 10 1 0 10
24 10 15 20 16 6 16 9 26 8 18 26 9 2 0

0 21 25 10 16 15 15 18 19 9 25 26 1 9 22
12 0 4 5 7 26 8 23 11 16 16 10 13 19 1
17 23 0 24 23 1 23 5 8 4 16 3 9 7 21
12 21 6 0 3 10 15 22 17 4 7 5 6 11 23
18 6 24 1 0 16 12 3 3 21 2 12 9 10 19
20 17 25 21 14 0 19 14 6 20 18 18 21 11 27
23 8 22 19 11 13 0 15 21 21 4 4 8 15 26
15 7 15 24 12 2 21 0 16 14 14 9 14 21 18
26 4 15 27 18 14 7 25 0 12 7 22 4 25 5
6 8 17 11 14 17 15 9 24 0 17 8 8 26 5
18 14 12 20 27 9 26 14 7 13 0 9 17 25 17
8 23 5 26 11 16 17 18 8 6 13 0 2 16 11
27 20 12 9 20 4 10 5 27 1 10 24 0 4 5
24 10 19 19 8 26 26 8 21 3 24 23 9 0 27
2 19 17 13 25 25 11 18 13 6 4 12 26 7 0

0 4 25 12 17 16 13 21 18 4 13 18 21 11 2
26 0 2 3 14 21 8 10 24 19 24 12 18 24 19
25 24 0 22 4 16 15 20 1 26 6 15 25 20 17
7 21 11 0 27 17 19 8 8 17 10 2 27 27 26
25 23 25 4 0 16 16 17 17 3 12 26 18 14 3
26 5 16 10 17 0 26 8 16 24 23 16 25 5 17
27 13 18 14 20 26 0 6 4 4 25 7 13 2 26
8 24 8 12 18 11 10 0 27 26 18 27 20 27 23
6 8 1 21 20 4 14 1 0 26 4 23 2 27 16
15 21 4 16 26 25 19 19 14 0 13 5 21 14 19
5 11 4 24 24 11 24 7 11 26 0 2 11 22 18
18 6 2 1 20 22 21 16 2 6 13 0 23 6 11
27 5 14 9 9 14 12 1 5 2 24 23 0 16 17
19 21 22 11 1 3 27 9 20 24 1 25 27 0 4
2 21 2 2 23 19 21 25 18 2 5 19 27 5 0

0 18 8 27 27 26 21 20 25 16 16 5 16 14 24
25 0 2 6 23 4 21 12 8 2 14 19 5 27 5
7 13 0 5 27 9 17 13 14 11 2 8 17 3 22
1 27 3 0 21 1 13 17 26 23 16 13 25 15 5
7 17 17 9 0 19 5 14 25 10 4 6 18 22 2
5 3 9 5 11 0 18 15 3 9 27 27 25 22 23
10 23 25 7 19 18 0 11 24 22 11 17 7 14 8
7 26 23 25 3 13 13 0 25 2 2 19 23 12 16
26 13 11 20 9 6 22 27 0 9 16 16 15 11 8
4 27 17 4 5 13 1 24 5 0 24 13 18 1 19
10 10 27 25 7 17 12 22 19 19 0 20 22 21 18
19 3 20 12 4 17 22 8 8 16 9 0 17 11 18
27 23 24 26 17 1 25 22 26 23 7 12 0 7 6
2 13 9 6 8 20 23 13 5 19 24 20 14 0 16
14 13 16 9 17 10 19 10 14 12 19 10 1 11 0
