15 15 3
15    1  5 19    1  6 64    1  11 73    1  9 13    2  2 84  12 84    1  14 88    1  3 85    1  10 41    1  12 53    1  13 80    1  1 66    1  7 46    2  8 59  5 59    1  4 25    1  0 62
15    1  1 67    2  3 74  5 74    1  7 41    1  2 57    1  14 52    1  0 14    2  9 64  12 64    1  8 84    1  6 78    1  5 47    1  13 28    1  4 84    2  10 63  4 63    1  12 26    1  11 46
15    2  6 97  2 97    1  8 95    1  0 64    1  9 38    1  10 59    1  12 95    1  2 17    1  11 65    1  13 93    1  3 10    1  5 73    2  1 11  10 11    1  4 85    1  14 46    2  7 67  2 67
15    1  10 23    1  12 49    2  3 32  0 32    2  4 66  7 66    2  2 43  12 43    1  0 60    1  8 41    1  7 61    1  13 70    1  9 49    1  11 17    1  6 90    1  1 85    1  14 99    1  5 85
15    1  9 98    1  8 57    1  3 73    1  6 9    1  0 73    1  7 7    1  1 98    1  4 13    1  13 41    1  5 40    2  11 85  2 85    1  10 37    1  2 68    1  14 79    1  12 17
15    1  11 66    1  7 53    1  5 86    1  6 40    1  0 14    2  3 19  9 19    1  13 96    1  4 95    1  2 54    1  10 84    1  12 97    1  8 16    1  14 52    1  1 76    1  9 87
15    1  4 77    2  2 55  9 55    1  9 42    1  5 74    1  14 91    1  13 33    1  10 16    1  12 54    1  0 18    1  3 87    1  7 60    1  8 13    1  6 33    2  1 33  7 33    1  11 61
15    1  6 41    1  5 39    1  11 82    1  9 64    2  14 47  8 47    1  10 28    1  7 78    1  13 49    1  1 79    1  4 58    1  2 92    1  3 79    1  12 6    1  0 69    1  8 76
15    1  11 21    3  5 42  8 42  3 42    1  9 91    2  2 28  6 28    1  0 52    1  6 88    2  12 76  10 76    1  13 86    1  10 23    1  1 35    2  7 52  1 52    1  4 91    1  3 47    1  14 82    1  8 24
15    1  11 42    2  1 93  0 93    1  3 95    1  13 45    1  9 28    2  14 77  12 77    1  0 84    1  10 8    1  7 45    1  4 70    1  5 37    1  6 86    1  12 64    2  8 67  10 67    1  2 38
15    1  4 97    1  12 81    1  1 58    1  7 84    1  5 58    1  0 9    1  11 87    1  3 5    2  2 44  13 44    1  13 85    1  6 89    1  10 77    1  9 96    1  14 39    1  8 77
15    1  12 80    1  1 21    1  10 10    1  5 73    1  8 70    1  6 49    1  2 31    1  13 34    1  4 40    1  11 22    3  0 15  2 15  4 15    1  14 82    1  3 57    1  9 71    2  7 48  10 48
15    1  2 17    1  7 62    1  5 75    1  9 35    1  1 91    1  14 50    1  3 7    1  10 64    1  13 75    1  12 94    1  0 55    1  6 72    1  8 47    1  4 11    1  11 90
15    1  11 93    1  6 57    1  1 71    1  12 70    1  9 93    1  5 20    1  3 15    1  13 77    1  10 58    1  0 12    1  2 67    1  8 68    1  14 7    1  7 29    2  4 52  12 52
15    1  13 76    1  3 27    2  4 26  2 26    2  9 36  12 36    1  11 8    2  10 36  8 36    2  0 95  6 95    1  8 48    1  2 82    1  6 87    1  5 6    1  1 63    1  7 56    1  12 36    1  14 15

0 16 8 19 16 10 13 2 15 10 15 7 19 5 1
11 0 27 10 11 22 16 12 7 19 23 27 24 18 2
19 28 0 14 9 6 8 19 17 16 10 2 14 2 24
13 25 5 0 28 20 10 9 4 9 27 20 10 20 3
14 5 22 15 0 24 17 14 2 18 18 25 19 16 21
1 6 1 12 11 0 15 1 4 24 3 6 22 14 26
26 27 10 19 28 23 0 11 18 15 25 15 7 2 24
26 4 2 9 24 15 3 0 2 21 10 22 22 13 9
2 1 25 8 4 27 9 12 0 9 6 2 22 8 4
6 5 20 13 12 24 3 4 16 0 28 9 28 5 7
8 26 7 1 21 26 17 24 23 27 0 24 24 13 12
19 17 3 9 15 26 23 28 8 14 19 0 16 5 24
25 23 24 7 9 26 9 25 16 8 19 26 0 18 13
15 11 11 2 7 11 3 18 26 15 25 24 5 0 6
14 2 15 9 12 27 12 14 23 7 17 6 3 10 0

0 23 7 5 20 16 16 24 15 15 17 1 24 27 18
20 0 8 16 26 14 22 5 9 3 10 9 23 13 9
21 14 0 18 5 14 5 3 24 5 3 17 27 3 8
7 9 5 0 21 23 28 9 21 10 4 21 20 21 12
5 28 3 15 0 13 27 23 21 6 22 11 21 5 5
2 25 28 13 28 0 23 10 22 27 23 24 23 8 24
6 6 27 11 26 3 0 25 27 25 9 10 13 25 19
8 15 17 14 5 6 8 0 17 20 12 14 17 8 28
27 18 16 2 19 20 8 18 0 10 1 5 23 18 18
7 20 28 21 10 14 12 5 13 0 14 24 5 14 13
24 23 7 16 26 5 26 13 5 21 0 7 14 21 4
20 17 17 9 5 18 18 13 8 1 12 0 5 28 19
2 24 4 25 19 20 28 6 20 25 24 14 0 8 14
20 25 8 15 14 9 17 26 6 15 26 2 16 0 7
1 21 8 15 3 14 5 3 23 23 12 6 15 15 0

0 5 20 2 18 20 16 25 12 8 18 7 7 13 26
10 0 18 16 10 18 19 2 26 10 7 11 7 5 15
5 3 0 15 20 8 1 5 26 25 14 15 5 11 24
3 11 23 0 13 24 7 7 2 20 13 25 9 16 13
9 8 2 18 0 10 18 12 20 23 16 10 8 15 22
16 9 10 22 5 0 8 24 2 13 9 21 26 6 1
13 21 24 12 25 2 0 5 9 6 2 15 21 20 7
9 22 22 22 6 13 27 0 2 12 13 22 3 13 5
7 1 21 9 28 28 17 8 0 25 11 25 10 23 3
2 21 21 20 26 21 27 12 23 0 17 14 23 14 26
9 6 11 5 8 26 14 10 23 3 0 22 16 1 5
13 12 13 8 7 19 23 16 6 3 14 0 11 6 22
2 5 18 25 22 20 17 15 6 27 12 28 0 8 6
24 21 22 18 11 16 2 27 11 17 23 11 16 0 6
6 22 12 16 16 6 17 8 5 20 17 5 2 8 0

0 24 26 21 20 11 28 10 3 13 24 3 27 6 3
2 0 12 2 24 12 10 23 3 2 8 1 27 15 23
16 4 0 25 12 18 2 13 5 10 5 26 14 19 3
16 28 2 0 21 26 21 13 22 7 5 13 12 8 3
6 12 12 27 0 11 23 16 22 7 12 26 9 12 26
17 13 17 2 27 0 28 1 7 18 23 18 25 25 8
16 25 6 25 24 14 0 26 7 10 10 23 26 27 16
1 15 23 25 6 7 1 0 12 21 9 19 11 3 18
15 1 2 3 28 11 25 12 0 28 4 18 14 18 21
27 13 10 13 28 12 19 20 3 0 15 1 25 9 27
7 19 16 15 16 5 16 27 26 6 0 27 2 17 19
13 18 20 5 2 7 18 26 23 3 4 0 1 8 4
12 6 18 5 1 2 6 4 15 12 2 25 0 25 15
19 16 19 7 14 21 3 6 7 17 20 16 17 0 1
9 1 15 5 21 17 24 13 10 20 9 20 19 19 0

0 10 18 23 10 5 14 28 26 21 16 7 3 14 14
28 0 26 7 6 19 4 6 13 4 11 14 8 1 21
15 13 0 13 14 7 20 8 10 13 2 20 19 20 25
28 3 7 0 20 9 8 27 19 26 9 13 15 1 8
25 1 24 20 0 2 14 4 6 23 12 8 20 15 22
1 11 17 6 6 0 27 22 3 24 21 18 26 28 27
18 13 11 13 10 10 0 9 25 2 17 16 5 10 4
1 10 27 21 23 15 13 0 8 17 2 8 28 20 11
13 12 19 28 1 24 14 18 0 23 23 11 27 17 2
19 28 21 15 27 1 10 22 24 0 20 3 16 12 23
8 22 14 4 13 21 12 21 26 27 0 7 20 6 11
27 8 19 19 22 28 23 27 3 10 16 0 18 28 9
6 15 28 10 12 5 25 4 1 11 15 16 0 16 20
11 19 6 23 7 23 9 4 23 20 13 27 26 0 21
17 14 14 13 8 16 6 7 25 7 27 9 7 17 0

0 13 1 23 11 10 1 23 1 17 5 20 13 6 14
4 0 9 17 17 7 14 10 3 25 4 25 15 20 6
17 7 0 12 23 4 17 21 25 1 21 17 14 21 16
16 24 13 0 12 14 15 28 26 17 8 28 9 12 13
16 27 16 26 0 6 2 19 16 26 27 8 19 10 3
15 8 22 21 14 0 3 11 23 25 20 9 20 21 18
24 14 21 28 24 5 0 15 1 15 16 19 23 25 19
27 28 2 15 9 10 6 0 26 5 9 1 11 20 11
6 10 14 1 11 16 12 10 0 27 3 12 22 5 25
27 25 15 22 15 11 9 4 17 0 8 1 12 6 9
19 20 24 18 22 20 15 27 2 20 0 16 15 23 19
10 23 17 9 2 4 20 7 23 4 25 0 18 21 24
16 21 19 27 8 17 2 5 19 4 25 2 0 11 26
6 18 19 8 5 4 21 5 11 6 5 28 7 0 19
2 17 24 15 14 1 25 17 21 3 14 24 22 5 0

0 3 3 15 21 1 18 8 21 8 12 21 18 16 15
17 0 16 22 28 21 13 25 21 10 10 18 22 28 3
8 16 0 18 17 4 18 27 12 16 28 27 5 20 19
2 1 11 0 2 3 7 4 11 3 8 18 17 1 8
21 2 14 18 0 2 13 28 27 19 26 24 7 8 4
21 20 19 14 14 0 7 22 6 18 13 14 22 21 21
11 27 26 17 2 10 0 5 19 4 10 22 17 8 15
3 27 6 12 18 9 4 0 27 21 3 15 8 10 15
10 8 10 3 23 6 1 27 0 6 16 6 6 1 10
24 9 23 3 6 5 10 25 1 0 9 3 15 2 20
3 19 16 8 22 8 4 4 1 20 0 8 17 15 16
7 13 14 7 7 14 28 28 28 14 26 0 10 7 22
10 26 6 2 9 17 14 1 9 23 15 6 0 18 24
16 28 18 3 22 14 8 11 6 10 5 1 23 0 17
9 26 11 15 21 24 14 4 28 6 12 20 7 4 0

0 5 4 10 18 10 2 22 12 6 16 20 3 16 27
15 0 11 15 18 18 23 1 9 9 9 24 17 25 11
15 19 0 26 21 26 25 27 16 8 28 12 26 15 1
13 8 15 0 5 14 5 2 11 9 1 15 8 11 10
12 20 28 1 0 10 11 4 22 22 24 9 9 24 13
26 4 6 27 3 0 19 25 11 16 20 22 11 12 18
26 20 8 28 25 15 0 14 1 6 21 8 1 6 11
14 12 21 14 16 12 9 0 11 13 6 27 19 13 3
24 8 22 20 19 20 12 1 0 25 11 25 23 8 23
26 20 3 19 19 12 16 16 28 0 19 18 20 16 17
24 18 2 26 25 1 12 9 1 15 0 7 17 13 16
9 15 3 15 20 27 9 15 28 3 11 0 14 19 27
21 25 20 20 17 16 17 15 26 3 4 12 0 25 8
7 9 1 15 4 3 27 28 1 4 2 7 22 0 1
6 5 3 4 6 10 8 28 28 27 24 8 17 28 0

0 28 14 8 17 4 21 22 25 22 13 9 10 21 25
9 0 7 27 24 17 4 28 23 5 18 16 10 11 20
23 6 0 21 20 27 16 20 13 5 14 15 5 16 21
1 18 10 0 23 16 25 17 21 18 18 26 22 16 28
23 3 18 8 0 5 23 19 18 26 20 9 9 2 6
9 12 10 1 21 0 26 14 23 16 27 18 22 8 11
2 7 27 8 3 14 0 17 13 12 2 13 27 15 5
23 14 6 9 13 24 17 0 1 26 9 3 3 15 21
2 25 14 4 21 13 28 20 0 8 7 2 18 13 25
1 8 3 16 3 3 5 9 1 0 2 19 21 11 19
2 1 6 7 21 2 21 25 26 1 0 23 9 12 4
5 15 2 28 10 23 17 8 19 12 3 0 16 15 11
1 19 15 16 4 24 3 10 15 5 15 12 0 1 10
21 16 26 2 14 6 12 15 11 5 9 13 10 0 9
7 26 11 23 27 12 20 17 25 27 9 2 9 8 0

0 16 6 15 9 18 1 5 15 1 11 1 26 16 11
14 0 20 3 28 17 2 21 17 10 4 3 24 13 23
8 11 0 27 22 8 20 17 19 18 12 20 21 20 28
17 10 12 0 18 11 8 21 6 15 9 25 22 15 24
7 25 18 13 0 14 3 2 9 4 7 15 26 24 23
19 16 25 4 14 0 9 12 17 22 10 16 11 1 5
19 24 4 10 25 18 0 26 17 25 12 9 16 3 19
4 5 6 15 19 4 16 0 7 27 17 8 15 20 16
15 7 23 12 24 3 17 16 0 26 26 26 16 27 28
12 13 18 19 5 25 21 7 26 0 24 14 4 8 1
1 28 8 6 16 23 3 21 7 4 0 13 24 2 18
25 11 5 8 12 14 16 22 16 7 21 0 19 16 16
9 23 19 11 12 1 25 14 12 15 8 3 0 19 13
13 14 5 16 19 3 10 22 2 17 21 14 22 0 6
1 2 7 27 22 7 4 27 18 16 10 11 5 16 0

0 18 2 17 11 3 26 28 19 17 21 28 15 25 16
16 0 15 25 25 2 21 9 20 5 11 9 20 7 22
22 14 0 19 1 15 4 15 27 28 13 23 11 10 8
20 7 9 0 23 26 5 23 11 10 27 2 8 6 17
2 22 3 13 0 19 7 8 26 16 22 25 20 5 11
12 28 10 2 15 0 22 26 8 12 18 1 3 5 10
24 26 23 11 22 22 0 6 22 15 12 25 9 1 21
24 10 25 10 14 24 1 0 9 27 10 13 16 22 10
25 25 4 22 11 22 17 14 0 21 10 1 5 14 21
17 2 26 10 9 20 25 25 26 0 9 28 21 9 27
8 12 16 4 9 14 17 22 9 16 0 27 18 17 25
26 25 27 2 21 22 12 16 25 23 13 0 10 28 13
7 1 9 15 24 28 20 21 28 4 15 22 0 7 14
4 23 13 25 15 7 28 9 17 23 3 16 10 0 8
8 6 3 21 20 4 4 15 7 21 14 19 3 4 0

0 13 3 23 3 6 12 4 26 3 25 12 10 17 26
22 0 13 19 16 13 3 5 9 13 12 9 10 23 8
2 28 0 14 1 7 22 26 17 10 26 6 25 24 5
14 26 8 0 9 23 4 10 17 2 6 21 21 11 2
28 17 3 22 0 15 8 1 25 13 9 5 10 23 7
23 13 26 10 24 0 27 13 25 23 22 14 3 3 19
5 1 5 27 5 25 0 15 9 2 6 23 11 27 14
1 15 3 17 9 24 13 0 24 13 28 5 16 6 19
22 9 21 22 3 16 6 8 0 26 28 9 24 11 18
1 9 3 19 16 21 17 10 21 0 13 19 24 15 6
22 3 18 16 10 3 6 10 5 26 0 18 12 3 27
24 24 20 27 26 27 1 20 14 18 4 0 1 11 14
14 1 28 21 16 15 14 10 5 12 12 18 0 22 13
18 16 4 7 18 24 25 22 21 5 12 25 25 0 23
16 13 3 7 2 7 11 17 3 14 15 2 14 24 0

0 20 14 5 6 18 2 4 25 26 17 23 25 25 27
17 0 11 11 12 11 18 7 22 20 21 14 12 25 25
11 26 0 13 16 7 23 2 26 6 5 13 20 11 20
2 11 9 0 17 16 14 23 27 19 10 1 7 22 25
16 26 16 17 0 13 20 22 17 12 10 5 1 23 26
10 28 27 26 13 0 2 18 22 13 10 14 3 26 8
6 24 12 8 3 16 0 3 11 6 25 13 18 5 27
16 16 22 21 10 9 3 0 27 21 5 4 6 6 1
23 23 15 3 20 3 14 21 0 9 22 5 22 11 13
26 4 8 7 19 17 14 28 25 0 18 17 16 26 9
19 7 27 26 15 20 20 21 2 16 0 5 24 6 9
3 17 7 3 21 28 20 26 20 3 6 0 4 10 10
23 12 10 10 17 10 28 8 6 4 15 27 0 23 11
28 2 15 25 25 2 12 2 13 22 28 4 14 0 9
9 7 5 18 7 12 12 15 17 1 26 26 9 27 0

0 10 14 20 26 4 28 18 9 1 3 19 12 26 3
28 0 26 10 6 17 16 24 11 23 19 22 26 13 21
1 5 0 4 12 14 1 27 9 28 2 26 9 24 26
6 7 12 0 13 23 15 18 9 3 1 7 20 27 8
11 24 2 21 0 13 14 13 23 25 14 9 24 27 28
14 7 23 10 26 0 26 22 28 25 19 6 17 16 28
19 2 9 16 13 7 0 19 24 13 13 6 5 27 23
1 19 19 14 7 8 25 0 21 10 6 18 2 16 28
7 25 19 23 26 25 13 1 0 26 5 2 24 1 27
1 18 27 24 27 21 11 3 8 0 26 25 2 13 15
10 12 14 24 26 6 20 28 1 26 0 27 8 26 5
3 11 24 21 8 12 13 6 2 14 23 0 3 23 10
11 16 1 2 5 2 10 19 10 2 13 16 0 7 17
18 22 12 25 17 21 3 2 15 21 3 26 23 0 19
22 6 10 19 19 23 9 6 1 25 14 19 6 16 0

0 25 20 10 1 9 13 13 19 25 25 23 20 19 26
23 0 12 20 7 9 28 13 21 5 2 2 26 5 11
20 25 0 14 15 16 22 16 1 8 1 11 23 5 28
28 15 10 0 6 27 20 25 21 15 2 6 21 22 2
15 22 2 15 0 3 6 24 19 10 11 1 22 8 25
28 20 15 9 4 0 25 14 1 15 15 28 24 22 22
26 26 6 19 25 16 0 26 8 9 27 7 10 1 3
26 15 11 25 11 20 19 0 11 25 24 9 21 26 22
3 25 17 23 4 14 20 26 0 5 25 7 15 5 12
10 19 21 1 14 28 17 5 27 0 23 13 15 22 9
5 25 3 2 27 3 10 7 28 23 0 19 4 21 15
5 25 12 1 19 4 28 25 7 4 25 0 3 5 4
19 23 28 28 20 2 18 19 14 27 24 2 0 24 18
17 15 21 18 17 28 24 25 9 28 27 8 18 0 8
20 19 8 21 4 26 7 3 19 1 8 21 3 19 0
