20 10 3
10    1  6 32    1  3 16    2  1 33  2 33    2  8 12  5 12    1  7 70    2  4 10  7 10    2  9 75  7 75    3  0 82  9 82  6 82    3  5 88  3 88  9 88    2  2 20  0 20
10    3  8 39  2 39  9 39    2  4 81  5 81    2  3 91  5 91    3  5 56  3 56  0 56    1  9 69    2  1 45  8 45    1  6 59    1  0 86    3  2 36  8 36  0 36    2  7 68  8 68
10    3  3 84  9 84  7 84    3  2 57  3 57  9 57    1  7 41    2  5 73  6 73    1  4 81    3  0 88  2 88  1 88    1  8 38    2  9 17  1 17    2  6 83  3 83    3  1 5  9 5  0 5
10    3  4 20  1 20  2 20    2  5 6  2 6    1  2 15    3  8 19  1 19  3 19    3  1 30  4 30  2 30    1  0 94    1  6 45    2  7 17  0 17    2  3 18  0 18    2  9 88  1 88
10    1  9 24    2  6 49  3 49    2  5 16  0 16    1  4 11    1  3 60    2  7 5  1 5    2  8 63  4 63    3  1 25  7 25  5 25    2  2 15  1 15    3  0 45  8 45  5 45
10    3  1 86  4 86  7 86    2  8 50  6 50    1  2 77    1  6 54    1  9 48    2  0 93  4 93    1  3 32    2  7 92  5 92    3  5 45  6 45  9 45    1  4 71
10    2  5 86  2 86    3  6 90  7 90  5 90    2  3 78  1 78    2  9 88  6 88    1  2 57    2  0 32  8 32    3  7 57  1 57  8 57    2  8 86  0 86    1  4 71    1  1 39
10    3  2 59  7 59  9 59    2  3 18  0 18    1  9 31    2  4 41  6 41    3  7 20  0 20  2 20    2  5 83  1 83    2  8 65  7 65    1  0 54    1  6 94    3  1 69  4 69  5 69
10    1  3 47    1  4 79    3  6 76  1 76  8 76    1  0 59    3  1 72  8 72  9 72    1  2 8    2  9 30  0 30    3  5 73  0 73  8 73    2  7 57  8 57    3  8 84  2 84  1 84
10    1  0 59    1  2 89    3  4 10  0 10  7 10    3  7 45  0 45  4 45    1  3 8    3  5 54  0 54  9 54    1  6 88    2  8 20  3 20    3  9 7  2 7  5 7    1  1 62
10    1  5 63    1  6 9    3  4 77  3 77  6 77    3  3 37  6 37  2 37    1  2 5    3  8 13  5 13  6 13    1  9 79    1  1 24    1  7 10    2  0 82  7 82
10    2  0 74  4 74    2  1 32  4 32    3  2 61  1 61  8 61    1  7 53    3  4 92  5 92  9 92    3  9 20  8 20  1 20    3  8 10  4 10  7 10    2  3 5  7 5    3  6 45  0 45  8 45    2  5 23  6 23
10    3  2 85  5 85  3 85    2  9 51  5 51    1  0 61    3  5 99  7 99  8 99    2  4 37  8 37    2  6 94  3 94    1  1 98    1  8 65    2  3 33  2 33    1  7 75
10    1  0 51    1  3 24    3  5 8  2 8  4 8    3  6 30  0 30  4 30    2  7 12  8 12    2  8 23  6 23    1  2 7    2  4 17  1 17    2  9 35  6 35    2  1 81  3 81
10    1  1 71    1  5 42    3  8 68  4 68  7 68    3  2 31  7 31  9 31    1  6 29    3  3 63  4 63  9 63    2  4 65  7 65    3  9 70  0 70  2 70    2  7 27  2 27    3  0 93  7 93  1 93
10    2  1 28  5 28    1  5 38    3  4 51  8 51  0 51    2  7 70  4 70    1  2 33    2  8 78  3 78    3  9 45  8 45  0 45    1  3 90    2  6 54  8 54    3  0 72  8 72  3 72
10    3  0 18  8 18  2 18    3  2 90  1 90  0 90    3  4 25  9 25  2 25    1  6 92    2  8 85  1 85    2  5 35  6 35    1  7 29    1  1 81    3  9 80  8 80  6 80    3  3 59  8 59  4 59
10    3  5 67  8 67  7 67    2  2 96  9 96    1  1 38    3  4 86  6 86  5 86    1  0 97    3  3 94  7 94  0 94    2  7 86  9 86    3  6 35  7 35  8 35    1  9 82    1  8 45
10    1  2 92    3  8 51  4 51  3 51    3  4 59  9 59  1 59    3  6 52  5 52  0 52    2  5 8  7 8    2  9 70  4 70    1  1 75    2  3 54  1 54    1  7 60    2  0 33  5 33
10    1  3 98    1  7 80    1  5 78    2  0 82  3 82    2  2 7  6 7    2  9 89  0 89    1  1 69    1  4 51    3  8 79  9 79  5 79    2  6 62  0 62

0 27 26 5 22 8 19 21 21 10 8 27 2 26 5 12 5 27 2 11
17 0 17 5 19 21 2 16 20 13 24 27 18 12 13 25 12 15 15 14
21 6 0 13 10 26 23 21 25 27 27 15 19 25 2 2 23 11 12 10
19 25 11 0 13 11 2 22 14 1 19 27 20 22 14 6 17 21 17 7
7 16 10 27 0 15 25 18 12 4 26 10 12 9 6 3 2 9 10 8
26 9 20 26 20 0 8 25 18 21 21 20 5 25 20 10 19 12 15 3
23 10 7 9 22 25 0 1 27 22 25 13 9 2 24 4 12 9 20 25
15 4 11 2 15 6 3 0 14 12 22 8 8 12 10 17 27 17 9 19
21 6 1 21 8 8 16 21 0 14 20 11 19 23 22 15 18 2 17 25
15 16 26 23 4 2 2 22 16 0 23 1 12 5 10 6 21 26 8 1
27 4 4 22 17 26 2 26 27 19 0 7 26 7 13 18 21 24 6 13
23 25 24 14 2 2 3 19 4 19 21 0 19 5 18 11 23 8 8 6
16 12 21 23 6 1 10 1 19 16 3 11 0 8 3 12 3 17 26 19
4 24 8 4 22 21 4 6 20 23 8 14 9 0 26 15 17 27 5 8
3 14 18 16 21 2 9 7 9 23 7 3 16 11 0 19 22 26 2 19
13 7 3 20 25 4 20 7 10 25 3 23 2 5 20 0 9 16 22 13
25 5 7 9 4 24 26 25 15 11 16 10 14 17 21 13 0 14 4 8
14 27 4 24 17 9 2 3 3 9 14 7 12 7 21 13 13 0 10 11
19 23 19 18 12 19 21 13 10 17 27 24 12 1 13 11 9 22 0 2
11 15 11 3 5 15 11 16 6 15 8 17 1 16 23 15 6 22 5 0

0 24 13 1 8 23 2 18 8 18 11 13 1 17 10 17 6 9 11 17
17 0 12 16 7 23 22 21 7 5 9 14 27 7 13 19 22 26 23 13
20 10 0 21 5 13 26 26 2 18 15 22 5 18 1 20 25 27 26 24
7 9 16 0 26 25 14 15 7 19 21 3 7 15 15 3 20 10 8 14
24 4 25 8 0 18 14 1 9 24 3 19 25 2 20 9 15 27 6 8
17 18 11 9 21 0 19 23 1 13 21 22 26 10 20 15 14 18 1 12
13 4 15 3 1 26 0 8 7 17 4 25 6 26 7 20 1 26 9 24
2 4 24 19 11 4 1 0 2 7 18 18 25 4 21 11 23 27 24 18
26 7 9 24 4 16 17 24 0 6 19 12 17 14 16 5 27 23 6 17
1 12 20 25 19 19 25 10 9 0 23 8 7 12 1 13 5 3 1 5
10 12 16 9 13 15 22 23 1 2 0 3 5 19 11 26 11 3 8 5
27 16 13 5 13 17 17 21 16 5 2 0 5 17 23 13 23 16 14 16
25 14 18 26 18 26 23 14 13 8 19 14 0 20 15 26 21 16 2 3
14 16 17 17 19 3 8 18 12 11 20 27 4 0 12 7 12 21 27 11
23 16 20 10 23 26 12 7 2 23 11 2 8 26 0 25 4 11 11 8
6 23 5 8 21 2 27 6 3 16 19 10 15 9 14 0 8 13 23 25
24 24 5 27 25 19 11 13 19 5 2 18 15 1 7 12 0 22 18 7
16 19 20 17 26 22 23 10 19 1 7 12 26 26 22 26 22 0 9 8
8 26 16 8 25 9 3 22 9 15 15 20 22 9 8 1 4 23 0 7
27 13 9 1 5 5 26 6 7 24 17 12 24 7 16 10 24 2 9 0

0 7 18 20 4 13 6 22 2 14 19 13 20 19 11 2 27 25 4 14
3 0 10 18 20 9 23 5 25 20 4 18 26 4 22 12 26 6 14 21
20 26 0 22 5 24 10 27 5 7 10 2 1 2 3 17 8 14 22 27
4 19 6 0 16 21 25 13 10 22 4 12 16 20 5 21 21 23 10 9
22 22 16 15 0 20 20 27 26 9 11 26 14 21 5 8 10 18 11 9
24 26 1 21 10 0 23 26 26 26 14 1 21 3 9 10 3 25 17 23
17 4 20 8 10 26 0 1 25 2 17 25 23 18 20 14 11 10 12 13
14 24 8 26 25 21 10 0 2 5 23 7 14 15 14 23 3 23 4 5
15 24 15 1 10 2 13 1 0 16 11 20 5 26 9 14 13 11 13 2
20 16 22 14 18 5 14 24 7 0 1 11 9 13 5 22 21 11 19 15
23 9 25 24 8 15 9 18 24 27 0 15 18 20 25 5 1 7 27 4
10 25 24 19 13 23 3 15 2 3 2 0 9 14 6 19 12 19 10 2
18 11 15 7 2 1 17 24 1 18 6 18 0 21 7 19 23 25 7 13
26 13 8 17 20 26 11 12 25 17 13 4 12 0 23 15 21 17 13 9
1 10 5 26 19 1 9 8 13 14 6 3 12 6 0 11 13 12 7 23
14 3 5 11 13 2 15 27 20 20 16 10 18 18 7 0 7 21 17 18
15 6 11 3 26 12 19 23 19 12 19 2 17 18 21 19 0 10 6 1
10 4 6 11 5 2 14 19 1 12 4 26 7 25 13 10 6 0 21 24
14 25 5 10 20 10 11 21 11 1 24 1 19 19 7 22 20 11 0 5
27 20 22 17 14 5 7 21 20 24 27 7 1 15 8 1 19 8 21 0

0 15 21 20 10 22 12 24 10 12 9 4 7 27 6 16 23 1 16 19
25 0 23 13 1 13 23 23 23 6 4 5 19 11 5 26 27 6 7 6
15 10 0 6 19 8 14 6 8 9 26 24 18 10 16 13 6 23 27 15
19 24 6 0 23 24 11 9 9 22 1 27 1 24 14 24 2 5 25 13
23 23 25 2 0 27 2 7 17 5 22 9 7 16 8 25 2 13 15 26
24 21 15 26 6 0 8 22 7 9 11 8 2 3 7 25 27 5 26 4
23 13 3 5 23 1 0 7 19 27 5 3 14 3 25 12 25 1 1 9
15 13 16 15 20 6 8 0 10 15 4 12 26 26 10 14 1 6 3 25
1 19 11 18 21 22 13 19 0 27 13 2 26 18 14 27 7 21 15 4
2 15 5 23 14 22 17 21 7 0 4 24 21 13 24 19 3 24 18 12
6 20 6 8 24 23 21 13 14 12 0 17 8 18 2 6 7 8 26 5
18 21 1 25 6 24 20 2 19 23 20 0 25 22 20 5 6 4 14 6
25 2 8 21 26 6 13 13 20 22 6 11 0 13 21 9 26 9 13 18
21 24 13 11 11 5 8 2 12 19 5 11 16 0 8 20 26 25 27 19
23 5 22 7 14 2 5 18 27 4 10 5 17 17 0 3 9 8 2 8
25 19 3 6 12 23 3 13 10 1 16 15 20 20 2 0 15 23 4 2
2 10 20 7 23 16 2 12 15 5 5 7 21 18 12 8 0 25 5 15
7 5 6 18 25 10 6 3 7 18 6 15 7 23 23 22 16 0 8 5
20 7 26 19 4 17 8 24 16 17 18 24 13 16 20 4 1 24 0 15
17 19 19 26 4 22 23 17 7 21 24 4 27 5 5 5 20 16 25 0

0 11 2 17 27 3 25 6 22 17 19 17 8 9 4 19 12 2 25 1
15 0 21 17 1 21 19 5 1 26 7 17 9 13 8 13 23 13 24 12
16 23 0 19 7 21 8 27 3 6 17 25 22 20 7 3 3 10 19 12
24 23 20 0 19 16 14 1 11 16 14 5 11 12 27 23 7 21 3 23
16 11 7 3 0 5 21 10 23 20 27 1 23 26 4 11 26 7 6 13
8 17 4 12 9 0 20 6 15 17 22 13 25 19 24 23 27 2 5 20
25 14 19 2 10 18 0 26 6 9 16 4 1 6 15 12 6 24 13 10
9 21 14 9 9 12 13 0 8 21 25 15 11 21 27 12 1 19 2 18
1 25 15 19 26 11 26 8 0 21 13 22 24 19 9 16 26 25 23 27
16 2 8 21 12 7 9 10 8 0 3 8 14 13 14 23 27 19 25 18
17 9 22 6 7 21 7 1 10 19 0 9 7 8 7 12 23 11 1 12
21 6 25 24 24 22 9 8 26 5 10 0 16 1 4 15 2 27 15 3
19 10 21 19 3 24 16 18 27 13 18 2 0 13 12 14 23 2 15 10
4 7 12 1 24 9 5 25 5 7 7 11 24 0 18 13 19 5 6 17
22 16 4 26 1 8 25 7 12 4 18 10 1 7 0 10 2 12 15 13
7 19 7 25 17 3 17 24 8 19 14 5 11 20 18 0 2 3 5 19
5 17 3 25 18 11 4 18 10 20 15 10 9 21 25 6 0 1 9 18
18 6 25 15 26 14 12 21 3 7 9 19 24 11 22 12 12 0 21 4
19 18 4 19 25 23 18 22 2 10 2 14 17 26 21 25 1 19 0 17
24 21 4 10 6 20 11 3 5 3 22 5 13 6 27 18 5 8 12 0

0 14 11 12 6 13 15 6 7 15 14 5 12 24 22 2 2 6 18 24
24 0 13 19 4 1 26 4 22 12 24 6 8 24 25 24 1 20 10 25
6 26 0 9 26 19 13 12 6 3 18 9 4 5 12 17 6 7 11 5
5 18 26 0 23 23 6 19 6 8 10 8 22 26 2 20 12 11 10 6
23 2 6 22 0 19 23 1 24 24 14 24 7 2 5 9 10 6 21 23
14 2 4 20 22 0 8 2 19 22 6 3 6 10 7 27 17 14 6 9
19 7 12 19 17 24 0 10 19 17 2 19 19 13 6 15 13 6 16 22
18 16 10 13 20 16 24 0 13 21 2 1 3 15 21 3 9 22 16 8
1 20 1 11 27 10 16 20 0 22 9 18 10 2 17 18 4 18 6 22
12 18 9 21 15 11 12 16 25 0 10 22 23 18 17 3 17 1 22 27
4 25 17 14 3 21 9 16 19 13 0 15 19 6 25 24 26 23 6 19
16 2 10 10 7 24 21 25 8 20 13 0 10 19 3 10 16 24 8 20
7 8 19 10 22 16 14 21 11 6 15 14 0 13 9 22 7 18 27 21
11 12 12 6 13 17 7 2 18 18 21 21 12 0 15 18 24 11 26 8
25 5 25 19 17 19 24 15 12 26 6 20 18 1 0 7 14 7 19 20
26 23 25 13 15 21 14 18 1 2 20 27 17 1 18 0 9 26 20 20
18 14 27 16 16 6 2 18 7 6 2 4 21 15 18 16 0 8 13 21
13 11 12 20 16 9 8 14 24 14 14 27 11 22 11 14 25 0 9 19
11 9 5 27 11 16 26 18 6 11 21 2 16 3 17 16 23 10 0 20
27 24 5 23 25 27 24 10 10 17 16 17 17 24 7 12 6 15 19 0

0 27 21 22 4 12 6 8 6 9 19 23 7 22 27 4 17 3 24 25
11 0 27 22 26 9 25 25 18 7 20 18 4 27 15 25 27 17 13 10
24 15 0 8 12 6 5 23 23 23 4 14 12 20 24 4 23 9 18 8
22 10 11 0 25 7 12 4 6 4 23 13 6 14 26 9 6 26 12 6
17 19 22 8 0 14 19 2 15 17 1 25 3 13 14 13 7 6 26 19
10 25 21 26 24 0 25 13 3 1 24 18 1 11 18 15 3 14 21 23
6 15 27 21 18 20 0 26 24 27 2 24 22 8 22 13 3 13 18 27
19 16 15 23 21 19 15 0 24 1 6 15 17 14 5 1 12 9 14 6
18 1 7 17 22 1 19 9 0 8 26 13 3 8 21 3 4 18 10 7
2 12 16 23 18 17 18 26 8 0 20 18 26 15 14 20 1 14 3 20
10 22 2 23 13 9 4 22 24 6 0 4 12 6 4 13 25 14 15 13
24 14 5 5 4 13 5 7 23 2 12 0 22 25 26 13 18 7 3 27
18 7 22 10 24 12 22 6 6 6 12 24 0 21 21 12 20 4 15 25
12 8 3 15 7 23 27 15 4 22 6 24 5 0 4 5 1 4 25 23
27 25 17 25 24 22 6 13 1 13 9 18 1 25 0 13 25 7 18 24
23 19 20 13 9 20 19 6 25 4 2 5 7 18 1 0 1 2 21 19
3 27 4 26 21 6 24 26 16 3 3 23 14 17 7 20 0 4 2 2
26 20 11 9 2 9 5 23 11 14 2 20 3 3 20 26 15 0 18 23
25 13 19 3 14 4 7 10 26 26 18 3 4 5 23 17 24 5 0 5
5 14 7 27 23 8 6 21 9 21 2 24 1 13 16 16 13 12 3 0

0 25 21 26 10 24 11 3 19 3 22 21 2 19 16 2 22 10 27 18
9 0 2 26 10 12 14 9 2 14 27 8 18 10 3 22 16 13 15 9
23 15 0 8 22 27 24 8 26 7 5 5 9 8 11 10 1 17 12 26
8 25 15 0 5 18 10 25 12 12 2 17 19 2 27 16 25 15 14 23
22 7 18 14 0 27 10 26 23 19 23 10 13 10 15 16 2 1 18 5
13 13 8 19 4 0 3 16 23 19 27 16 24 20 4 18 11 20 3 15
13 5 13 1 24 3 0 1 27 25 21 21 4 18 8 5 8 1 27 16
18 3 11 1 21 27 27 0 26 8 24 14 20 4 11 4 9 3 13 23
21 13 23 3 1 12 15 24 0 22 8 20 2 18 17 11 16 14 15 9
19 23 25 15 27 4 13 7 14 0 11 22 22 1 22 8 17 2 12 10
24 15 15 6 14 4 4 27 16 11 0 10 1 13 7 6 10 22 5 17
4 15 19 26 19 6 6 10 25 7 10 0 13 22 5 7 10 25 14 3
17 13 27 1 3 26 1 7 10 18 17 8 0 19 25 7 3 26 5 13
7 12 20 26 11 26 20 19 16 16 23 10 22 0 4 9 20 18 4 15
3 23 16 10 8 6 21 5 16 2 25 24 11 25 0 23 13 23 17 11
9 26 24 26 17 6 7 25 1 20 20 11 8 18 11 0 4 15 9 20
12 1 9 14 24 15 18 13 11 19 17 16 20 17 11 17 0 22 4 4
8 5 17 20 23 22 1 15 14 16 27 4 18 24 1 9 12 0 4 18
27 11 10 22 12 23 14 11 6 20 26 20 25 26 11 14 24 14 0 9
23 1 2 24 5 4 23 3 4 24 1 9 6 22 4 26 18 19 16 0

0 27 18 13 10 24 22 18 21 8 23 7 6 25 10 1 15 26 13 17
15 0 27 26 7 12 15 21 17 15 7 10 10 18 6 3 7 4 3 20
7 3 0 10 23 26 27 8 17 3 21 4 17 19 2 18 16 1 15 17
2 10 16 0 2 2 12 14 14 22 2 12 13 21 24 25 19 4 3 4
23 20 19 2 0 1 16 22 4 15 27 20 9 11 17 19 7 2 6 4
17 13 4 4 19 0 25 23 2 19 23 10 16 1 5 10 11 6 15 1
11 22 19 24 14 16 0 15 23 14 9 5 18 5 20 20 2 6 17 2
2 18 8 1 21 4 6 0 24 1 4 2 11 2 25 25 4 4 6 21
24 24 25 8 18 18 5 2 0 19 4 12 4 27 18 7 17 18 11 6
13 7 26 6 4 17 22 20 24 0 20 12 27 26 18 20 19 13 19 3
19 11 9 24 19 14 21 12 13 15 0 23 16 13 18 10 21 21 20 13
8 24 17 10 21 11 9 20 17 14 22 0 12 13 23 26 24 1 14 23
9 9 2 6 9 22 16 2 10 4 26 8 0 9 21 25 8 3 4 5
27 9 18 10 18 19 15 14 8 1 18 15 17 0 5 10 2 3 4 11
3 20 19 14 25 18 20 25 19 8 15 20 27 26 0 13 2 2 6 12
23 8 8 26 19 23 23 2 27 10 25 5 10 27 13 0 22 9 27 19
8 8 15 16 15 5 1 10 14 13 20 24 16 1 1 18 0 12 6 27
24 11 23 16 5 9 11 22 11 18 6 2 4 19 17 22 15 0 15 7
7 23 6 27 21 13 22 22 4 25 10 18 14 18 2 24 25 2 0 23
7 24 14 26 15 11 25 17 12 21 25 1 7 14 2 5 9 20 6 0

0 8 13 11 21 13 16 13 9 8 7 11 7 10 8 7 21 4 6 15
26 0 27 3 13 23 23 13 24 25 14 25 12 27 3 19 5 14 10 24
1 10 0 26 23 20 24 1 1 25 19 25 24 23 26 6 3 16 27 24
12 7 3 0 19 23 26 18 11 5 19 27 18 16 23 1 26 18 6 18
6 3 18 16 0 18 25 15 4 7 21 23 12 21 23 1 27 3 14 10
9 13 21 6 21 0 6 24 17 18 8 20 5 8 11 18 10 22 11 5
7 26 19 9 23 25 0 11 24 6 18 16 19 13 13 23 23 19 5 13
26 15 25 3 5 16 4 0 18 20 16 21 26 21 1 6 7 11 13 9
24 9 18 14 25 14 26 2 0 24 2 2 21 23 6 22 26 18 13 23
23 8 14 15 17 21 9 23 1 0 23 5 21 20 5 8 3 5 13 12
27 26 15 1 21 22 27 12 10 18 0 22 10 9 14 26 23 14 6 17
17 16 25 18 23 18 9 25 8 9 2 0 13 8 11 7 21 7 16 1
15 14 15 7 20 24 11 4 8 17 20 24 0 23 14 7 8 11 15 25
22 20 3 20 24 27 10 3 11 16 27 25 17 0 8 14 18 25 10 25
21 6 13 14 13 18 8 7 19 5 18 6 16 9 0 7 12 3 8 2
18 10 17 22 16 9 16 5 15 16 20 23 4 21 3 0 7 18 19 8
17 4 24 7 19 17 10 22 7 1 21 24 18 22 4 25 0 20 1 10
12 2 21 9 13 6 18 23 24 12 13 7 21 10 19 26 16 0 13 25
10 22 9 7 19 21 12 5 26 20 13 11 21 9 5 22 18 11 0 22
1 16 14 20 5 17 27 15 17 18 4 10 5 5 21 24 24 23 26 0
