10 10 2
10    1  4 18    1  7 21    1  9 41    1  2 45    2  3 38  7 38    1  8 50    1  5 84    1  6 29    1  1 23    1  0 82
10    1  8 57    1  5 16    2  1 52  5 52    1  7 74    1  2 38    1  3 54    2  6 62  5 62    1  9 37    1  4 54    1  0 52
10    1  2 30    2  4 79  9 79    1  3 68    1  1 61    1  8 11    1  6 89    1  7 89    1  0 81    2  9 81  3 81    1  5 57
10    1  0 91    2  8 8  2 8    1  3 33    1  7 55    1  5 20    1  2 20    1  4 32    1  6 84    1  1 66    1  9 24
10    1  9 40    1  0 7    2  4 19  0 19    1  8 7    1  6 83    2  2 64  7 64    1  5 56    1  3 54    2  7 8  8 8    1  1 39
10    2  3 91  7 91    1  2 64    1  5 40    1  0 63    1  7 98    1  4 74    1  8 61    1  1 6    1  6 42    1  9 15
10    1  1 80    1  7 39    1  8 24    1  3 75    1  4 75    1  5 6    1  6 44    1  0 26    1  2 87    1  9 22
10    1  1 15    2  7 43  2 43    1  2 20    1  0 12    1  8 26    1  6 61    1  3 79    1  9 22    1  5 8    1  4 80
10    1  2 62    2  3 96  4 96    1  4 22    1  9 5    1  0 63    1  6 33    1  7 10    1  8 18    1  1 36    1  5 40
10    1  1 96    1  0 89    2  5 64  4 64    1  3 95    1  9 23    1  7 18    1  8 15    1  2 64    1  6 38    1  4 8

0 20 22 1 9 13 8 9 4 19
15 0 19 11 8 22 23 1 9 13
19 19 0 21 12 3 5 3 2 4
8 13 1 0 3 9 23 2 23 16
22 17 15 6 0 13 4 19 11 17
4 24 9 2 17 0 3 7 21 15
12 1 13 13 9 11 0 9 16 4
24 17 7 13 3 13 7 0 12 11
1 10 21 7 4 18 23 5 0 15
7 12 6 18 9 1 11 5 14 0

0 7 17 12 18 12 9 4 5 1
4 0 1 21 7 2 14 6 1 8
11 15 0 20 13 14 5 1 6 10
8 8 22 0 11 3 7 12 16 11
15 4 18 23 0 8 8 19 17 22
23 18 1 9 17 0 14 21 3 1
3 24 22 3 11 5 0 5 2 3
5 2 1 4 14 23 7 0 13 1
12 2 7 24 10 16 5 9 0 4
23 13 9 1 7 10 15 15 9 0

0 20 20 12 18 11 2 21 13 3
16 0 11 23 10 21 19 1 21 2
11 10 0 5 9 6 24 17 18 20
2 21 8 0 7 15 4 22 1 19
19 1 4 21 0 5 17 2 9 22
20 1 4 6 14 0 21 18 23 20
9 18 9 12 13 14 0 20 7 24
3 13 8 24 23 8 16 0 20 14
21 8 7 14 8 9 2 9 0 21
3 13 5 16 5 11 14 11 18 0

0 16 11 20 9 23 19 12 1 1
2 0 16 13 12 8 13 23 23 13
15 14 0 23 4 2 12 22 10 2
16 2 2 0 16 17 7 21 14 24
22 3 7 18 0 17 14 9 13 2
19 9 22 1 1 0 6 22 12 24
23 15 11 14 14 1 0 2 9 3
11 22 4 9 6 21 10 0 18 13
23 11 24 14 17 2 2 10 0 6
17 15 1 3 19 17 10 5 18 0

0 18 8 15 10 24 16 18 1 18
7 0 6 15 19 20 11 22 20 20
6 10 0 5 6 21 15 14 15 19
4 19 12 0 9 22 16 20 12 23
8 12 11 13 0 18 8 2 1 20
14 22 23 1 15 0 7 12 6 4
24 3 11 20 23 5 0 16 7 20
14 10 17 7 19 12 19 0 19 2
12 6 15 17 8 8 4 2 0 20
3 23 17 16 8 19 21 9 22 0

0 3 6 3 7 10 21 11 10 20
21 0 17 21 18 8 17 9 14 2
9 11 0 10 19 18 6 24 21 11
18 13 19 0 23 5 23 1 2 20
8 2 1 14 0 4 22 22 24 1
5 11 7 19 9 0 15 16 19 2
24 16 4 19 11 15 0 9 7 13
6 22 13 22 20 1 13 0 13 23
18 9 20 21 17 4 11 12 0 14
19 2 15 1 3 7 3 24 9 0

0 8 2 21 6 16 15 10 20 24
14 0 20 23 1 1 24 16 5 7
1 6 0 24 19 16 19 17 13 11
6 19 22 0 20 23 10 16 15 22
23 24 6 4 0 23 7 11 1 1
3 8 9 21 1 0 5 15 3 13
15 2 22 5 6 15 0 12 17 17
23 10 18 2 5 14 16 0 16 4
22 4 21 12 18 5 8 11 0 7
14 1 3 3 24 21 6 24 21 0

0 19 15 21 2 10 2 7 12 2
14 0 6 15 19 8 20 22 16 7
8 5 0 22 14 4 1 15 7 24
19 20 4 0 23 15 18 2 17 6
20 19 1 4 0 23 15 16 11 6
11 24 3 10 15 0 4 14 20 3
16 19 8 2 18 5 0 23 5 19
14 7 1 10 22 13 4 0 24 17
22 18 22 15 13 20 13 3 0 18
9 23 1 15 8 22 3 22 11 0

0 15 22 5 11 15 10 8 12 20
20 0 20 22 14 14 4 20 1 22
4 22 0 7 19 15 6 2 8 12
22 22 6 0 24 6 10 5 16 24
16 11 16 8 0 20 21 7 18 18
10 15 21 24 22 0 14 3 1 17
11 4 16 18 23 19 0 13 12 23
5 9 10 11 23 3 3 0 14 8
9 10 5 3 24 21 11 9 0 3
9 15 19 15 14 17 12 16 23 0

0 16 14 6 5 10 8 12 7 4
20 0 16 10 3 17 15 7 23 23
9 7 0 16 20 2 10 13 24 5
18 4 16 0 4 24 23 4 3 10
4 18 6 2 0 10 3 7 12 17
22 21 8 1 22 0 18 11 6 5
1 18 20 4 19 16 0 18 11 22
11 2 2 9 22 21 8 0 7 5
22 10 11 14 15 11 8 7 0 12
10 19 1 13 21 3 16 20 10 0
