15 10 8
10    3  1 66  7 66  9 66    5  3 91  5 91  6 91  8 91  9 91    3  2 87  4 87  9 87    5  0 94  2 94  3 94  5 94  7 94    4  0 21  5 21  7 21  8 21    5  0 92  3 92  5 92  8 92  9 92    3  1 7  2 7  8 7    3  0 12  2 12  3 12    6  1 11  3 11  4 11  5 11  6 11  8 11    5  0 19  1 19  2 19  6 19  9 19
10    2  3 13  8 13    4  1 20  2 20  3 20  4 20    3  4 7  7 7  8 7    5  0 14  1 14  3 14  8 14  9 14    3  2 66  7 66  9 66    4  0 75  1 75  4 75  9 75    4  2 77  3 77  6 77  8 77    5  0 16  5 16  6 16  7 16  9 16    6  1 95  2 95  5 95  6 95  7 95  8 95    4  0 7  4 7  7 7  8 7
10    4  0 77  4 77  8 77  9 77    5  0 20  1 20  3 20  7 20  9 20    5  2 34  3 34  5 34  7 34  9 34    4  0 15  2 15  4 15  7 15    4  3 88  6 88  8 88  9 88    6  3 89  4 89  5 89  7 89  8 89  9 89    3  1 53  6 53  9 53    7  2 6  3 6  4 6  5 6  7 6  8 6  9 6    5  0 45  1 45  2 45  4 45  6 45    5  0 76  4 76  6 76  7 76  9 76
10    2  3 27  5 27    4  2 74  3 74  5 74  8 74    7  1 88  3 88  5 88  6 88  7 88  8 88  9 88    4  2 62  4 62  7 62  9 62    3  0 52  3 52  7 52    7  0 69  1 69  2 69  5 69  7 69  8 69  9 69    4  1 9  5 9  7 9  9 9    5  3 98  4 98  5 98  6 98  9 98    5  0 52  2 52  4 52  5 52  6 52    4  1 88  6 88  7 88  8 88
10    6  0 88  3 88  4 88  5 88  8 88  9 88    2  6 15  7 15    7  0 52  1 52  2 52  3 52  5 52  7 52  9 52    5  2 61  3 61  4 61  6 61  8 61    3  4 54  6 54  7 54    4  0 62  1 62  4 62  9 62    5  2 59  3 59  7 59  8 59  9 59    4  3 9  5 9  7 9  8 9    4  3 90  4 90  5 90  9 90    5  0 5  2 5  5 5  7 5  9 5
10    3  2 71  5 71  6 71    3  0 41  1 41  7 41    4  1 38  4 38  6 38  9 38    6  0 53  1 53  3 53  4 53  6 53  8 53    4  2 91  3 91  7 91  8 91    6  0 68  1 68  4 68  6 68  8 68  9 68    6  1 50  2 50  4 50  5 50  6 50  8 50    5  4 78  5 78  7 78  8 78  9 78    5  2 23  4 23  6 23  8 23  9 23    5  1 72  3 72  5 72  6 72  9 72
10    4  3 95  4 95  6 95  7 95    6  0 36  2 36  4 36  6 36  7 36  9 36    2  1 66  6 66    5  1 52  2 52  3 52  4 52  5 52    4  0 45  1 45  2 45  7 45    5  2 30  4 30  7 30  8 30  9 30    5  1 23  2 23  4 23  8 23  9 23    3  1 25  2 25  8 25    4  0 17  1 17  6 17  7 17    5  0 6  1 6  6 6  7 6  8 6
10    3  0 65  1 65  4 65    2  1 8  8 8    4  2 85  3 85  4 85  8 85    4  0 71  2 71  4 71  9 71    3  1 65  5 65  7 65    7  1 28  2 28  3 28  4 28  6 28  8 28  9 28    7  1 88  2 88  3 88  5 88  7 88  8 88  9 88    7  1 76  2 76  3 76  5 76  7 76  8 76  9 76    5  0 27  1 27  6 27  8 27  9 27    6  1 95  2 95  4 95  5 95  6 95  9 95
10    5  1 37  3 37  5 37  7 37  9 37    6  0 37  1 37  5 37  6 37  8 37  9 37    6  0 28  2 28  3 28  4 28  6 28  9 28    2  3 51  5 51    5  0 86  2 86  7 86  8 86  9 86    3  0 9  2 9  6 9    5  1 55  3 55  6 55  8 55  9 55    4  0 73  1 73  2 73  8 73    6  0 51  3 51  4 51  5 51  7 51  8 51    3  2 90  5 90  7 90
10    5  0 39  1 39  3 39  4 39  6 39    5  2 15  4 15  7 15  8 15  9 15    4  0 83  3 83  6 83  7 83    6  0 44  1 44  3 44  5 44  6 44  9 44    6  1 53  2 53  4 53  6 53  7 53  9 53    4  0 16  2 16  3 16  5 16    3  2 46  4 46  6 46    6  0 24  1 24  2 24  5 24  6 24  8 24    4  0 25  1 25  4 25  7 25    4  0 82  5 82  6 82  8 82
10    6  1 72  2 72  3 72  5 72  6 72  8 72    7  2 48  3 48  4 48  6 48  7 48  8 48  9 48    4  0 87  4 87  5 87  6 87    4  2 66  5 66  7 66  8 66    5  3 5  4 5  6 5  8 5  9 5    4  2 54  3 54  5 54  6 54    5  0 39  1 39  4 39  5 39  7 39    5  1 35  3 35  6 35  8 35  9 35    5  0 95  2 95  3 95  4 95  5 95    4  1 60  3 60  7 60  9 60
10    3  1 46  5 46  7 46    7  0 20  3 20  4 20  5 20  6 20  8 20  9 20    5  0 97  2 97  3 97  4 97  8 97    5  0 21  1 21  2 21  5 21  8 21    5  0 46  3 46  4 46  7 46  9 46    6  0 37  1 37  5 37  6 37  7 37  8 37    7  0 19  1 19  3 19  4 19  6 19  7 19  8 19    3  2 59  4 59  9 59    3  1 34  6 34  7 34    2  2 55  5 55
10    4  0 23  3 23  4 23  5 23    5  0 25  2 25  3 25  5 25  7 25    5  0 78  2 78  4 78  5 78  6 78    5  1 24  2 24  3 24  6 24  9 24    2  0 28  9 28    7  0 83  1 83  2 83  5 83  7 83  8 83  9 83    7  0 28  1 28  2 28  5 28  6 28  8 28  9 28    1  9 5    6  0 73  2 73  5 73  7 73  8 73  9 73    3  2 45  4 45  6 45
10    3  1 37  7 37  8 37    6  0 53  4 53  6 53  7 53  8 53  9 53    4  1 87  2 87  4 87  7 87    4  0 38  2 38  4 38  9 38    8  0 71  1 71  3 71  4 71  5 71  6 71  8 71  9 71    3  3 29  5 29  8 29    4  0 12  7 12  8 12  9 12    3  0 33  3 33  8 33    5  0 55  1 55  4 55  6 55  7 55    4  0 12  2 12  5 12  6 12
10    4  2 90  4 90  5 90  9 90    6  0 17  1 17  2 17  3 17  4 17  8 17    6  1 49  2 49  3 49  4 49  6 49  8 49    3  1 83  3 83  6 83    4  1 40  4 40  7 40  9 40    3  5 23  6 23  9 23    7  1 65  2 65  3 65  4 65  5 65  6 65  7 65    2  0 27  9 27    5  2 7  4 7  5 7  7 7  8 7    3  0 48  4 48  7 48

0 13 12 9 13 2 19 10 13 24 14 4 12 16 1
10 0 10 24 19 15 12 6 9 14 12 18 14 2 21
5 24 0 11 10 18 6 3 2 10 13 6 21 19 20
19 22 19 0 19 9 25 2 8 10 12 24 25 22 19
12 19 3 22 0 5 18 20 10 8 6 19 14 7 17
19 13 2 2 4 0 5 21 17 1 22 10 15 8 6
6 20 8 12 4 9 0 6 5 15 20 9 22 21 24
24 19 9 6 8 5 15 0 9 16 13 8 2 22 22
14 10 6 17 3 19 9 20 0 14 21 3 10 14 21
11 13 24 19 5 11 9 22 16 0 25 13 10 9 11
20 21 24 2 23 18 14 5 23 22 0 25 9 16 6
14 10 22 2 12 4 22 16 3 11 14 0 9 19 24
11 11 10 10 12 2 22 22 22 18 5 1 0 20 5
8 4 16 19 16 19 4 25 22 19 13 2 21 0 15
24 16 2 24 25 19 12 14 1 20 17 18 1 7 0

0 8 24 24 13 12 2 25 10 21 13 6 4 11 18
8 0 4 19 13 3 21 6 13 19 14 8 8 8 2
5 2 0 10 10 17 12 24 11 8 16 25 7 3 18
18 10 10 0 18 24 14 1 22 14 15 6 25 24 24
3 23 13 12 0 20 2 25 5 11 22 17 23 16 6
19 7 8 20 3 0 16 13 20 13 18 22 10 9 16
10 1 20 20 24 4 0 8 18 24 2 1 11 11 21
23 5 10 22 17 14 16 0 2 23 7 5 1 14 6
11 9 21 23 4 18 19 14 0 17 19 19 5 14 10
21 7 17 5 16 9 16 4 22 0 11 15 5 22 10
23 16 12 6 15 2 25 25 12 22 0 21 15 15 8
23 3 12 17 11 20 2 9 13 4 19 0 5 6 13
20 2 19 2 4 3 11 7 24 7 16 2 0 18 6
1 7 8 5 21 5 15 9 15 11 6 2 13 0 9
7 12 23 1 22 7 25 21 24 7 3 1 1 22 0

0 9 9 20 23 15 23 18 7 19 1 15 25 17 22
18 0 22 12 21 24 4 22 9 19 16 6 23 7 1
5 15 0 14 1 15 3 22 5 6 16 23 5 20 9
1 19 14 0 21 8 21 7 18 5 21 18 21 5 14
21 5 15 20 0 23 16 18 15 24 4 24 25 13 21
12 12 10 8 14 0 1 12 18 12 5 24 3 21 11
7 15 5 20 2 2 0 3 8 3 13 18 14 1 3
15 21 24 18 20 12 11 0 11 18 8 7 12 21 16
4 20 23 22 6 4 18 19 0 13 22 2 10 3 4
24 14 23 11 23 9 17 17 15 0 24 14 9 13 1
22 3 14 1 3 15 13 15 3 18 0 2 17 14 24
10 11 24 3 17 7 16 14 13 1 11 0 8 3 3
3 5 13 8 24 3 24 1 9 14 13 19 0 4 25
19 12 23 12 10 14 9 10 24 24 13 25 15 0 3
2 17 16 9 16 13 15 2 17 3 22 25 15 20 0

0 20 23 5 15 2 13 1 8 10 10 4 25 17 15
17 0 14 2 11 11 17 21 14 11 6 7 8 11 25
18 18 0 12 10 13 4 5 13 13 16 4 5 1 19
5 16 1 0 11 24 20 22 14 5 20 14 4 4 21
1 21 18 7 0 2 4 23 21 18 7 6 17 2 16
11 21 9 11 9 0 22 7 5 8 23 10 10 21 24
12 23 8 19 12 5 0 4 25 7 13 17 10 19 17
21 19 7 12 15 1 16 0 21 19 1 25 14 20 13
6 11 10 23 6 4 14 12 0 7 8 25 15 9 23
14 1 24 16 2 9 11 18 1 0 9 1 5 21 5
6 4 11 3 11 7 3 21 25 17 0 13 16 1 4
23 4 24 2 6 20 6 2 11 25 12 0 10 15 9
20 6 10 7 25 17 19 12 3 20 18 21 0 23 17
2 15 25 2 8 11 9 1 9 23 12 24 17 0 8
22 23 23 24 4 9 21 5 25 23 7 12 12 18 0

0 5 21 8 24 11 22 7 23 24 8 3 6 25 15
15 0 4 21 13 2 6 5 6 6 14 9 17 19 4
21 9 0 25 17 9 13 24 12 24 17 11 23 19 24
7 12 13 0 20 23 2 11 8 6 7 10 23 19 23
22 6 10 15 0 15 13 9 20 12 10 10 25 10 10
2 3 20 22 12 0 5 13 25 16 10 23 16 5 22
6 19 20 16 17 19 0 11 21 20 11 10 4 19 15
18 8 4 16 4 5 2 0 22 19 13 3 8 21 20
2 22 25 6 25 21 16 9 0 25 11 8 9 4 19
8 24 18 24 1 13 14 20 5 0 20 12 11 18 17
1 23 24 1 20 12 5 16 19 20 0 15 7 1 21
4 1 23 17 6 4 16 17 24 7 20 0 9 22 21
6 5 21 10 25 2 7 7 3 17 20 20 0 11 7
18 21 2 9 21 4 10 13 6 7 2 1 21 0 17
15 3 15 25 8 21 7 4 17 13 13 7 24 7 0

0 8 15 5 24 9 15 19 9 24 24 13 10 5 16
3 0 13 1 10 18 14 12 20 23 15 22 11 6 10
16 11 0 4 4 13 17 11 16 9 22 13 6 24 9
7 7 16 0 22 13 15 23 4 8 13 19 10 2 4
12 20 9 3 0 20 24 16 13 18 3 15 11 15 4
23 25 15 22 6 0 1 15 24 12 24 14 15 14 17
10 20 8 1 19 5 0 2 10 8 25 21 19 4 17
20 9 9 2 17 24 6 0 7 7 3 18 18 15 12
16 3 16 12 16 22 15 25 0 7 16 17 7 8 23
22 17 3 12 21 21 3 1 17 0 5 21 10 21 24
12 1 22 16 11 9 6 15 18 1 0 1 17 15 7
7 6 22 23 12 15 7 18 25 20 9 0 21 14 19
15 25 3 20 20 23 24 8 13 7 25 15 0 3 5
18 18 17 2 6 6 17 24 18 2 20 6 5 0 8
13 1 16 17 2 17 3 11 23 15 16 2 14 13 0

0 23 22 6 11 19 6 16 4 11 25 2 8 6 1
24 0 11 17 16 21 22 16 18 20 16 21 14 9 8
17 24 0 22 9 24 16 9 22 2 13 25 24 1 22
23 25 13 0 25 14 7 10 20 10 25 18 9 13 11
11 13 24 2 0 25 5 24 18 11 16 19 11 11 22
7 14 14 11 19 0 9 13 1 7 14 11 4 8 5
4 16 24 5 12 21 0 13 8 19 6 9 10 24 3
20 25 15 3 16 24 11 0 9 3 24 19 20 6 7
8 13 5 8 21 6 19 21 0 5 18 24 17 17 24
24 3 10 24 20 3 11 7 3 0 5 1 5 1 22
25 12 20 8 5 2 21 11 21 4 0 25 19 12 24
21 14 15 25 21 4 5 12 5 18 6 0 19 16 20
13 23 5 8 13 5 11 18 12 15 10 12 0 14 25
16 25 4 7 5 22 4 22 24 24 1 18 25 0 14
19 1 14 12 17 11 23 18 18 19 5 8 23 18 0

0 16 23 11 21 17 18 7 20 6 24 8 25 11 23
19 0 19 10 15 20 11 3 9 4 19 25 7 10 3
20 20 0 9 9 23 8 16 18 3 20 5 8 24 13
11 21 3 0 4 2 9 10 22 20 6 25 20 9 9
13 10 18 14 0 25 5 25 21 25 2 15 6 22 25
11 8 16 25 11 0 21 11 19 7 20 8 22 24 8
9 23 18 8 22 25 0 15 14 13 3 12 24 25 18
25 22 16 8 7 20 6 0 19 11 21 22 23 14 17
16 2 19 18 7 3 1 11 0 16 3 4 8 4 10
2 11 21 4 7 5 19 3 4 0 4 11 6 17 14
15 10 8 7 14 13 9 25 9 21 0 5 10 22 2
20 13 10 16 8 25 5 22 3 25 25 0 17 2 24
18 23 25 1 25 7 20 23 21 11 1 6 0 24 14
3 14 20 12 18 2 24 20 2 25 11 22 2 0 12
12 19 2 9 23 24 3 7 20 11 10 14 17 5 0

0 12 15 7 22 7 7 19 7 24 19 7 8 11 10
5 0 22 3 23 21 12 15 20 1 23 16 12 25 14
21 4 0 8 20 12 2 25 8 15 16 12 15 8 25
10 17 16 0 3 22 19 24 5 24 6 2 5 3 9
5 21 19 12 0 15 21 18 24 25 17 19 21 22 5
4 18 7 6 3 0 22 1 25 3 17 14 5 13 7
11 19 22 17 25 15 0 14 14 9 11 21 3 13 22
19 12 8 25 11 5 21 0 11 18 11 25 3 15 25
5 12 23 17 13 13 25 4 0 10 5 25 6 16 25
19 1 17 9 22 1 7 7 14 0 11 10 23 20 6
23 16 2 18 24 23 18 25 12 4 0 12 12 24 9
1 14 23 13 17 12 1 1 8 1 11 0 1 5 18
2 12 3 17 11 8 2 11 3 4 22 21 0 18 21
20 12 21 25 22 13 14 1 2 17 15 14 15 0 22
23 20 17 6 19 16 20 12 16 24 22 23 4 6 0

0 3 18 25 4 12 13 11 25 2 16 9 2 7 5
11 0 13 1 22 20 20 13 16 21 23 16 4 25 20
22 11 0 18 9 3 24 1 19 21 12 18 3 18 4
3 22 23 0 8 20 14 14 2 6 17 14 2 14 23
22 17 13 1 0 24 16 15 13 22 25 10 23 14 5
17 9 21 12 14 0 22 16 22 1 21 5 10 10 21
22 18 24 18 19 21 0 10 24 19 4 10 19 16 24
12 8 10 13 15 6 22 0 11 16 2 16 14 15 5
18 21 17 19 25 25 5 22 0 23 5 5 2 12 9
12 12 12 23 17 14 3 4 17 0 12 6 2 1 20
23 4 10 5 11 25 19 13 4 17 0 13 15 3 1
13 1 13 18 15 17 4 15 4 23 22 0 9 25 23
18 8 6 15 9 5 22 16 3 7 21 15 0 17 1
19 11 19 18 4 13 8 1 23 25 20 24 3 0 4
15 19 2 12 19 18 23 10 16 13 4 4 2 3 0
