20 5 2
5    1  3 5    1  4 58    1  2 44    1  0 9    2  1 58  2 58
5    1  1 89    1  4 96    1  0 97    1  2 84    1  3 77
5    1  2 81    1  3 85    2  1 87  0 87    1  4 39    1  0 77
5    1  0 15    2  3 57  0 57    1  4 73    1  1 21    1  2 31
5    1  2 48    2  4 71  2 71    1  3 70    1  0 40    1  1 49
5    1  0 10    1  4 82    2  3 34  4 34    1  2 80    1  1 22
5    2  2 17  1 17    1  0 55    1  1 91    1  4 75    1  3 7
5    1  3 47    1  2 62    1  1 72    1  4 35    1  0 11
5    1  1 90    2  2 94  0 94    1  4 50    1  0 64    2  3 75  2 75
5    1  3 15    1  2 67    2  0 12  3 12    1  4 20    2  1 71  2 71
5    1  4 93    1  2 29    1  0 52    1  1 57    1  3 68
5    1  3 77    1  1 93    1  0 58    1  2 70    1  4 7
5    1  1 63    1  3 27    1  0 95    1  4 6    1  2 82
5    1  4 36    1  0 26    1  3 48    1  2 56    1  1 87
5    2  2 36  4 36    1  1 8    1  4 15    1  3 76    1  0 36
5    1  4 78    1  1 84    1  3 41    1  0 30    2  2 76  4 76
5    1  1 78    1  0 75    1  4 88    1  3 13    1  2 81
5    1  0 54    1  4 40    1  2 13    1  1 82    1  3 29
5    2  1 26  4 26    1  4 82    1  0 52    1  3 6    1  2 6
5    1  3 54    1  1 64    1  0 54    1  2 32    1  4 88

0 8 17 26 25 8 4 1 11 19 11 17 23 14 13 21 3 14 26 27
18 0 15 2 7 27 6 21 15 4 15 14 2 26 10 2 19 2 26 14
24 5 0 12 8 2 11 2 23 4 3 11 11 20 26 20 3 27 9 18
19 12 18 0 1 10 16 21 1 20 15 27 10 5 2 2 7 21 4 4
10 1 23 14 0 17 27 14 6 18 17 1 26 23 3 22 26 13 6 23
11 14 10 8 27 0 20 23 22 8 14 10 25 25 5 10 16 23 20 8
27 10 9 27 25 10 0 27 7 1 12 9 3 24 11 27 1 16 3 16
12 25 18 7 15 18 11 0 24 1 26 12 19 3 16 13 5 10 6 4
17 18 3 9 8 7 2 13 0 8 2 16 11 15 19 25 16 26 7 18
23 14 9 14 5 18 6 18 9 0 24 1 22 17 16 4 27 14 21 23
19 24 26 19 3 1 16 16 2 9 0 11 11 8 22 11 7 8 7 16
17 5 27 3 24 14 23 10 2 4 13 0 23 15 3 24 4 14 15 12
25 16 18 6 18 23 20 26 1 26 6 11 0 26 6 21 10 21 26 3
26 11 10 20 12 9 12 20 3 7 23 14 20 0 11 13 10 6 23 16
26 4 18 16 15 23 17 24 4 27 6 19 26 12 0 23 7 9 21 24
25 15 14 19 23 11 23 21 15 22 25 4 1 26 1 0 11 20 25 25
10 7 24 22 24 9 4 4 5 13 6 16 7 7 4 19 0 17 3 18
14 24 14 13 18 22 8 15 18 12 15 27 19 10 5 23 2 0 8 22
24 26 5 15 16 2 22 13 3 2 20 5 14 1 16 22 25 7 0 11
6 9 2 2 16 20 16 27 6 3 7 19 1 20 3 25 21 16 24 0

0 21 23 20 16 26 21 10 6 24 14 17 14 13 1 13 25 23 15 24
15 0 26 27 4 20 4 14 14 23 12 13 6 22 9 18 23 25 17 24
8 15 0 1 19 17 2 19 4 12 10 19 2 8 4 18 18 9 7 8
11 12 19 0 10 4 7 24 5 11 20 13 4 5 17 6 20 5 2 14
14 19 3 8 0 19 13 13 3 4 10 4 14 27 2 22 16 6 3 14
14 11 14 24 1 0 24 19 17 6 18 13 6 15 4 15 23 6 26 20
22 7 7 22 11 27 0 14 19 16 22 12 13 19 9 22 10 19 15 2
10 26 22 6 10 8 26 0 5 4 11 5 19 5 18 12 13 23 14 8
22 22 14 17 4 4 14 18 0 12 5 11 14 4 15 25 19 26 7 5
7 6 21 18 22 15 25 10 22 0 16 10 13 16 14 22 17 3 19 12
4 17 13 3 23 2 23 20 27 7 0 21 22 2 23 2 15 20 4 16
18 4 26 5 9 9 8 18 6 12 9 0 5 14 1 17 14 11 7 14
8 25 15 16 8 23 6 1 19 13 25 21 0 1 2 22 6 8 21 15
8 8 27 13 15 3 18 4 15 20 13 24 17 0 9 3 27 21 17 19
9 14 25 4 10 11 3 25 11 9 9 7 26 9 0 6 11 1 2 15
20 27 16 18 11 12 8 20 26 25 11 14 26 14 19 0 1 7 9 27
24 5 1 24 5 5 26 11 18 2 23 3 10 22 2 18 0 10 15 14
15 24 18 20 4 16 20 9 4 5 12 11 3 24 2 9 9 0 19 25
12 13 3 14 8 23 10 17 19 26 8 6 18 11 3 7 5 16 0 1
6 19 26 17 15 14 9 13 5 3 7 25 20 17 13 2 23 4 17 0

0 8 17 25 11 7 8 3 20 7 14 25 25 4 21 1 21 22 20 27
4 0 12 21 3 26 8 22 19 6 16 14 1 25 16 22 16 11 22 24
16 25 0 25 21 25 27 15 13 10 3 27 8 6 2 26 27 10 19 18
25 5 21 0 25 16 26 1 9 21 27 2 14 26 12 3 9 5 18 8
9 19 24 17 0 1 6 8 19 18 17 20 5 17 21 6 23 24 9 25
8 24 1 23 2 0 21 6 14 22 4 5 6 12 5 15 26 9 17 5
14 19 13 19 19 23 0 14 10 4 11 6 20 8 21 15 17 10 7 21
16 8 14 17 6 10 4 0 26 4 15 19 7 7 10 22 13 10 13 2
25 17 3 9 22 10 26 4 0 9 21 6 19 27 23 22 19 6 3 16
23 14 25 25 23 2 14 8 5 0 11 8 11 21 27 7 19 16 23 11
16 19 20 8 24 19 3 20 10 15 0 13 22 15 10 17 4 16 8 8
17 18 26 14 22 24 2 22 27 13 22 0 4 11 22 15 4 15 18 2
2 19 13 7 16 25 6 8 24 21 8 23 0 1 24 25 8 27 23 8
11 19 19 27 17 11 18 9 20 14 19 23 1 0 21 22 3 9 23 21
13 6 23 20 24 16 18 21 24 2 26 20 17 14 0 11 15 7 14 6
27 13 20 1 20 26 5 19 3 17 22 14 10 20 15 0 18 21 26 17
11 18 13 4 5 21 23 2 16 25 15 6 23 16 7 25 0 5 5 22
6 12 1 18 23 18 11 4 23 19 8 25 23 3 2 17 15 0 26 24
12 26 24 22 12 11 20 4 27 26 22 1 8 19 1 9 19 23 0 2
24 23 25 24 18 5 25 11 17 14 22 2 14 2 5 20 6 8 12 0

0 14 17 22 15 16 11 16 26 3 20 16 15 14 3 2 10 8 15 4
22 0 8 25 20 24 25 22 18 8 10 27 17 1 10 6 27 25 14 19
2 3 0 2 17 23 3 17 19 19 14 1 2 17 18 4 16 18 4 27
24 26 15 0 10 26 25 15 14 16 4 12 9 8 23 16 15 16 5 13
27 19 19 17 0 27 14 3 9 15 2 1 8 4 21 20 12 16 7 18
24 14 16 8 10 0 7 21 21 9 14 24 5 16 27 3 21 8 27 7
6 26 17 9 23 3 0 25 27 23 11 3 8 25 15 12 21 15 14 18
4 11 27 9 13 18 20 0 8 26 24 16 17 18 18 2 15 18 15 6
10 16 4 14 7 10 5 12 0 17 8 13 26 8 25 18 10 23 10 9
17 6 27 12 19 15 22 5 11 0 22 16 20 4 23 23 27 17 25 6
25 5 27 19 22 3 10 27 15 10 0 12 10 26 5 26 23 17 23 4
7 4 22 19 3 25 5 27 13 2 3 0 19 15 22 19 10 15 23 20
13 13 12 22 3 21 13 19 12 27 18 6 0 7 19 6 13 9 26 2
2 21 23 11 9 25 13 10 10 13 26 21 20 0 3 2 27 16 6 6
20 4 12 20 3 13 12 17 8 26 9 15 3 4 0 27 26 12 2 6
16 10 14 22 24 24 15 27 27 9 1 20 11 25 26 0 25 26 5 17
21 8 10 2 5 16 15 13 10 2 21 26 8 16 4 15 0 15 14 7
4 5 17 20 22 9 24 25 19 2 17 22 4 26 11 6 20 0 9 18
7 16 22 10 3 8 9 8 2 18 18 1 9 21 24 9 14 6 0 11
9 3 18 14 5 14 1 1 15 4 18 6 18 24 11 1 16 20 1 0

0 2 25 17 7 15 9 14 2 10 14 6 23 8 7 11 22 26 26 1
9 0 14 10 2 4 22 2 4 26 23 2 21 23 18 6 2 5 25 6
6 14 0 25 11 1 5 8 23 23 25 7 25 14 21 24 23 15 15 25
4 27 21 0 23 6 17 13 17 26 15 14 16 4 10 19 27 26 26 21
3 1 12 11 0 7 8 20 3 13 11 20 7 2 10 18 27 21 24 2
19 9 25 6 8 0 13 16 8 27 1 7 27 2 14 26 22 14 11 17
2 15 25 2 14 4 0 14 23 27 2 3 14 1 9 21 21 19 10 26
16 10 13 13 7 27 17 0 20 5 26 20 25 26 6 6 17 17 25 25
9 13 25 24 25 11 6 13 0 22 14 8 24 14 27 27 5 18 7 2
20 7 23 8 20 8 1 13 9 0 23 4 14 10 22 16 24 10 23 11
8 8 1 20 24 20 26 18 3 15 0 24 9 3 22 6 4 18 17 21
6 27 16 22 22 16 24 9 5 23 1 0 27 15 1 3 21 2 14 27
1 22 10 7 15 27 8 8 21 18 2 6 0 22 15 4 12 3 25 20
17 11 15 17 7 13 26 12 13 11 21 8 19 0 19 2 16 7 7 2
21 9 14 5 13 25 25 17 14 6 24 11 26 24 0 3 8 20 26 12
22 13 10 6 25 7 16 24 4 20 18 12 22 15 1 0 19 18 3 2
6 1 23 16 9 5 1 9 16 20 22 14 1 2 16 27 0 21 24 15
12 18 19 17 16 20 2 21 23 26 7 27 2 19 17 1 25 0 18 27
6 5 25 22 1 18 17 25 9 9 24 7 23 17 26 24 22 13 0 13
3 4 22 6 15 5 4 24 23 19 7 23 2 9 2 15 11 24 2 0
