15 10 3
10    1  7 8    1  9 75    2  0 72  2 72    2  6 74  5 74    1  4 30    2  8 43  7 43    2  2 38  7 38    3  5 98  9 98  6 98    3  1 26  3 26  9 26    2  3 19  0 19
10    3  6 19  2 19  9 19    2  8 73  4 73    2  3 43  1 43    2  0 23  5 23    3  1 85  3 85  0 85    1  4 39    2  5 13  8 13    1  9 26    1  2 67    3  7 9  8 9  0 9
10    2  1 50  8 50    3  3 93  9 93  7 93    3  5 80  3 80  9 80    1  4 7    2  0 55  5 55    1  2 61    1  6 57    3  8 72  2 72  1 72    1  9 42    2  7 46  9 46
10    3  1 68  9 68  3 68    3  7 43  9 43  1 43    1  4 99    3  6 60  1 60  2 60    2  5 68  2 68    1  0 91    3  8 11  1 11  3 11    3  3 96  4 96  2 96    1  9 11    1  2 72
10    2  7 84  0 84    2  2 34  0 34    2  8 40  9 40    2  5 7  0 7    2  1 70  3 70    2  6 74  0 74    1  3 12    1  0 43    2  9 69  1 69    2  4 30  2 30
10    2  8 60  5 60    2  0 49  1 49    3  4 59  8 59  5 59    3  5 72  4 72  7 72    2  9 63  6 63    1  1 69    1  7 99    1  6 45    2  3 27  4 27    1  2 9
10    2  6 71  5 71    3  2 91  6 91  9 91    1  8 65    2  1 90  2 90    3  9 98  7 98  5 98    2  4 8  1 8    2  7 50  6 50    1  0 75    2  5 37  8 37    3  3 17  1 17  8 17
10    2  8 62  0 62    1  7 90    1  5 98    3  3 31  2 31  7 31    1  2 91    2  4 38  0 38    1  9 72    2  1 9  6 9    3  0 72  2 72  9 72    2  6 49  1 49
10    2  4 35  7 35    1  0 39    1  9 74    3  5 25  1 25  4 25    3  7 47  9 47  4 47    2  3 52  8 52    1  2 63    3  8 21  9 21  4 21    2  6 35  0 35    3  1 80  0 80  8 80
10    2  9 58  8 58    3  0 5  2 5  1 5    1  3 50    1  8 52    3  1 88  0 88  7 88    3  6 20  0 20  4 20    1  2 68    3  5 24  0 24  9 24    1  4 53    2  7 57  3 57
10    3  7 99  2 99  5 99    1  3 91    1  4 33    1  5 19    3  2 18  3 18  6 18    3  6 38  3 38  2 38    1  0 24    3  9 35  5 35  6 35    1  1 49    1  8 9
10    1  0 68    2  3 60  7 60    2  2 77  4 77    2  7 10  4 10    3  8 60  1 60  2 60    3  5 15  9 15  8 15    2  9 72  3 72    1  1 18    3  6 90  7 90  5 90    2  4 18  8 18
10    2  9 79  5 79    1  1 60    3  3 56  5 56  9 56    3  6 91  2 91  4 91    2  2 40  8 40    2  8 86  3 86    1  7 72    1  0 80    2  5 89  2 89    1  4 51
10    1  4 10    1  2 92    3  5 23  2 23  4 23    3  6 46  0 46  4 46    2  8 40  1 40    2  7 72  8 72    2  3 6  1 6    2  1 23  6 23    2  0 95  1 95    3  9 34  3 34  4 34
10    3  2 24  4 24  7 24    3  5 29  7 29  9 29    1  9 49    3  8 55  4 55  9 55    2  0 47  7 47    3  6 77  0 77  9 77    3  3 77  2 77  7 77    2  7 8  0 8    3  1 28  4 28  5 28    1  4 48

0 9 8 14 10 5 15 16 26 23 8 22 10 18 16
19 0 6 19 8 10 9 1 18 24 9 18 26 5 23
15 2 0 19 20 11 12 23 3 24 18 12 11 1 14
9 18 25 0 20 25 3 25 10 18 19 24 6 17 22
13 8 23 6 0 2 16 20 6 17 18 10 21 20 4
12 6 23 15 23 0 5 21 17 19 11 26 23 18 15
21 9 11 4 11 13 0 8 16 22 14 26 12 19 17
26 8 16 14 24 1 5 0 10 19 10 5 1 3 2
26 19 18 2 7 2 6 3 0 18 2 19 5 22 17
7 2 3 21 24 11 12 7 3 0 9 16 19 3 7
7 7 18 26 6 23 22 4 12 15 0 1 18 2 4
3 4 20 24 26 4 10 18 18 24 16 0 4 22 15
11 14 21 10 17 3 22 20 26 8 1 5 0 24 19
20 1 22 14 6 16 17 21 11 9 6 25 20 0 25
25 9 13 2 10 22 16 18 11 11 15 9 23 6 0

0 2 1 12 19 14 11 21 11 15 2 2 8 23 6
20 0 2 19 7 5 9 17 4 5 21 12 22 22 3
15 5 0 13 25 21 3 4 17 23 21 8 4 13 24
4 15 14 0 10 22 7 23 15 12 9 21 3 13 26
20 13 7 9 0 22 6 3 26 22 24 6 23 2 12
14 22 8 12 23 0 1 2 14 11 4 5 20 23 25
5 19 14 24 5 9 0 1 21 22 2 1 7 17 2
9 11 7 15 8 8 22 0 5 16 6 25 4 20 4
16 6 26 25 26 14 9 17 0 12 24 9 22 17 23
7 23 10 10 9 9 11 20 18 0 20 4 11 4 16
22 7 22 3 18 3 4 25 12 10 0 26 12 13 19
5 15 21 15 17 5 24 18 23 3 13 0 11 13 7
2 22 19 15 1 16 18 10 7 7 21 16 0 25 14
9 4 11 1 1 19 22 3 6 4 19 6 26 0 5
21 2 21 11 24 21 8 18 9 24 7 22 16 18 0

0 1 9 3 20 23 26 5 9 19 6 21 11 10 6
23 0 26 6 16 15 12 6 13 24 17 4 4 25 14
1 14 0 26 20 6 7 21 15 9 21 9 9 4 1
26 14 20 0 10 4 12 8 14 25 23 4 2 24 12
14 14 17 25 0 4 14 3 19 21 25 14 6 17 9
11 8 2 18 25 0 12 11 16 26 25 22 19 15 14
24 4 3 7 18 18 0 12 19 13 13 6 10 2 2
26 24 1 9 7 19 10 0 3 19 1 12 21 25 2
15 2 1 16 19 23 25 9 0 12 6 26 22 10 14
22 14 7 21 21 17 11 5 22 0 1 19 13 26 13
13 4 4 21 14 26 14 20 6 17 0 8 10 16 6
16 26 22 8 13 1 15 10 16 2 21 0 3 17 5
25 1 13 13 17 23 2 12 19 10 8 21 0 6 3
16 5 12 23 2 20 21 23 15 25 22 26 20 0 23
22 8 15 25 16 26 15 5 17 5 18 9 1 23 0

0 25 9 19 26 13 12 3 24 4 7 26 2 1 11
14 0 3 10 8 15 10 8 7 13 15 16 7 21 10
1 15 0 10 17 1 24 20 23 7 11 6 21 8 8
5 6 8 0 17 7 20 6 14 2 24 11 11 17 3
5 19 16 17 0 17 18 6 8 12 1 22 1 8 6
16 2 15 12 25 0 22 2 4 5 8 1 20 8 25
3 11 14 16 25 24 0 10 11 1 6 1 1 21 15
14 22 16 14 1 9 3 0 4 6 11 20 1 4 12
6 7 15 24 3 20 2 12 0 23 14 25 26 4 26
24 11 7 5 9 8 16 6 23 0 11 25 15 10 11
7 26 13 26 25 24 6 6 18 21 0 19 1 8 12
8 18 6 3 3 17 7 3 5 22 15 0 26 12 19
12 5 18 19 9 11 20 25 5 16 10 15 0 19 16
4 6 18 9 8 11 6 2 25 21 22 23 19 0 1
7 4 1 25 22 26 17 4 11 10 17 23 2 6 0

0 21 12 26 2 21 11 8 11 23 25 16 22 21 24
7 0 19 25 11 26 9 22 7 13 6 6 13 8 23
5 9 0 7 16 26 21 25 23 17 9 12 6 25 17
13 19 12 0 22 6 25 10 5 1 9 16 4 11 7
2 20 10 1 0 20 10 12 8 18 19 12 23 6 1
19 12 9 3 23 0 7 18 2 6 6 23 15 7 1
2 20 3 20 24 23 0 8 12 18 15 6 1 24 20
11 4 13 13 10 8 12 0 23 1 5 11 13 9 19
18 24 9 20 14 7 25 21 0 15 8 10 6 6 1
3 7 25 1 25 13 22 22 11 0 25 23 10 10 17
21 11 4 6 21 23 14 20 1 22 0 20 14 1 7
13 5 5 21 24 20 17 1 13 10 1 0 20 8 24
23 11 2 8 9 11 23 24 23 25 20 6 0 21 24
3 11 18 15 21 5 23 7 16 5 12 25 8 0 5
25 4 4 24 4 11 5 8 22 22 9 10 21 11 0

0 2 24 18 16 2 3 3 1 19 26 25 11 22 5
4 0 16 16 15 12 21 10 18 1 22 7 25 1 1
7 19 0 18 13 14 19 10 21 10 15 4 26 8 15
13 10 5 0 17 24 25 9 3 14 7 3 25 4 6
24 23 13 10 0 23 23 23 13 21 15 7 8 11 5
24 19 12 16 25 0 26 18 4 23 24 4 8 18 24
16 23 12 14 13 4 0 3 8 16 8 26 20 15 14
18 21 10 12 3 25 24 0 22 8 13 21 23 17 3
14 10 4 12 19 15 12 16 0 4 16 15 13 2 8
1 17 22 6 3 20 22 17 22 0 5 1 19 3 9
19 22 22 21 22 13 4 24 20 17 0 1 10 21 24
24 3 2 2 3 3 16 3 7 14 9 0 14 13 7
15 10 19 23 4 10 7 6 2 24 2 24 0 16 20
19 15 26 7 18 24 24 21 24 8 1 16 10 0 9
20 25 22 8 17 6 6 17 25 13 17 13 19 1 0

0 8 7 22 4 5 6 19 23 12 26 25 15 25 10
16 0 13 14 25 21 19 2 12 8 5 8 23 21 16
14 14 0 24 24 25 1 4 8 14 21 8 12 11 19
23 17 24 0 9 11 25 25 12 25 20 20 24 8 19
15 17 11 7 0 8 3 24 13 25 2 21 26 10 1
18 3 17 6 17 0 25 23 17 18 10 23 3 1 3
9 5 5 10 3 16 0 8 16 8 25 13 24 16 21
12 16 3 21 9 15 22 0 5 13 20 1 18 3 3
18 16 21 25 9 13 18 20 0 2 5 24 7 19 11
8 7 3 20 5 20 9 17 12 0 18 22 16 3 7
1 11 13 4 21 7 22 14 22 13 0 8 11 15 6
17 26 25 1 4 4 26 2 9 25 3 0 2 3 2
15 6 3 1 7 24 13 14 11 10 13 20 0 23 13
8 17 24 10 14 5 15 14 25 24 1 4 4 0 14
10 22 18 15 2 5 25 21 17 13 20 22 19 2 0

0 4 13 15 17 19 4 8 2 20 10 22 21 4 6
19 0 7 25 18 10 12 4 22 20 11 14 3 19 1
1 22 0 18 18 25 20 4 21 12 15 15 19 8 18
26 6 19 0 9 9 1 11 23 10 23 3 9 7 3
15 21 22 16 0 4 3 6 25 25 19 3 17 12 6
5 22 18 1 12 0 20 20 20 11 12 13 17 21 15
4 23 14 6 12 16 0 19 11 3 2 4 3 23 24
21 18 19 11 18 13 15 0 14 25 4 4 4 24 8
9 2 23 11 22 16 21 15 0 20 23 9 6 22 17
4 22 12 6 18 9 3 15 24 0 18 23 1 26 17
4 18 20 8 26 4 12 25 4 3 0 26 16 16 9
17 4 23 13 20 13 11 4 8 25 25 0 1 25 10
16 15 8 7 8 3 15 7 2 21 22 4 0 3 18
16 22 19 2 1 15 20 3 18 10 1 24 26 0 10
8 7 12 19 7 15 23 11 22 9 10 13 26 26 0

0 9 8 12 21 9 14 14 17 16 6 8 3 18 4
26 0 6 24 17 15 6 17 25 2 6 18 25 19 3
19 11 0 10 22 15 3 16 23 16 6 5 10 18 10
1 7 10 0 3 18 9 25 14 2 18 16 10 22 13
23 15 20 11 0 22 14 16 6 10 23 13 19 8 16
1 21 14 6 11 0 9 2 15 26 26 12 25 12 26
25 11 3 9 23 9 0 2 15 21 16 12 23 18 23
20 14 25 10 9 21 16 0 2 17 18 15 6 15 26
10 2 18 21 22 3 24 8 0 10 22 1 10 26 3
11 14 25 24 14 23 2 26 12 0 23 17 13 18 14
24 3 25 9 18 4 5 24 6 3 0 26 1 17 24
2 9 25 23 3 16 8 19 9 9 14 0 23 20 18
19 26 5 25 11 5 1 19 4 26 1 22 0 3 26
4 17 21 24 8 24 1 15 4 17 23 8 6 0 8
1 4 8 6 17 10 12 9 21 6 22 24 10 19 0

0 23 14 2 1 16 15 12 23 7 10 8 13 11 18
14 0 26 18 7 4 20 1 16 15 16 4 13 25 13
25 25 0 15 19 6 15 16 10 10 5 17 3 7 5
18 10 1 0 5 17 11 25 20 12 10 26 13 17 13
17 14 25 26 0 3 22 17 10 7 23 1 16 13 22
13 15 3 25 1 0 3 13 3 21 19 13 5 10 15
25 9 3 7 23 22 0 4 17 14 1 20 23 22 13
21 18 19 17 14 15 5 0 23 12 1 14 15 16 21
14 8 21 5 16 10 15 12 0 20 15 18 18 12 16
5 10 16 1 1 25 24 9 11 0 1 19 11 3 1
5 23 6 23 15 4 10 1 18 15 0 2 22 3 13
8 3 11 18 25 9 14 20 2 9 9 0 9 25 17
6 20 18 23 22 1 18 2 13 17 19 25 0 21 20
10 5 15 21 20 1 14 13 7 18 24 11 15 0 21
4 5 19 19 3 26 25 25 4 6 10 19 16 4 0
