15 15 12
15    8  1 19  2 19  5 19  6 19  7 19  9 19  10 19  14 19    7  0 64  2 64  6 64  7 64  8 64  10 64  14 64    7  2 73  3 73  5 73  9 73  10 73  11 73  13 73    10  0 13  2 13  3 13  4 13  6 13  7 13  8 13  9 13  11 13  12 13    7  0 84  1 84  2 84  7 84  9 84  11 84  14 84    6  0 88  4 88  5 88  8 88  11 88  14 88    6  0 85  2 85  3 85  4 85  8 85  14 85    9  0 41  1 41  2 41  3 41  4 41  6 41  7 41  10 41  13 41    8  1 53  4 53  7 53  8 53  9 53  11 53  12 53  14 53    7  5 80  6 80  7 80  8 80  9 80  11 80  13 80    9  0 66  1 66  3 66  4 66  5 66  9 66  10 66  13 66  14 66    8  2 46  3 46  5 46  7 46  10 46  11 46  12 46  14 46    7  1 59  2 59  6 59  8 59  12 59  13 59  14 59    6  2 25  3 25  4 25  7 25  9 25  10 25    5  0 62  4 62  8 62  9 62  12 62
15    8  0 67  1 67  2 67  6 67  9 67  12 67  13 67  14 67    5  0 74  3 74  5 74  11 74  14 74    6  1 41  7 41  8 41  9 41  10 41  12 41    8  2 57  4 57  6 57  7 57  8 57  9 57  10 57  11 57    4  4 52  7 52  10 52  14 52    8  0 14  4 14  5 14  7 14  8 14  9 14  12 14  13 14    7  0 64  2 64  3 64  9 64  10 64  11 64  13 64    10  0 84  1 84  3 84  4 84  6 84  7 84  8 84  10 84  12 84  14 84    6  1 78  4 78  6 78  7 78  8 78  9 78    6  0 47  2 47  5 47  7 47  8 47  14 47    4  2 28  7 28  8 28  13 28    7  2 84  4 84  5 84  6 84  7 84  9 84  11 84    5  0 63  1 63  2 63  4 63  10 63    10  0 26  1 26  5 26  6 26  8 26  10 26  11 26  12 26  13 26  14 26    7  2 46  5 46  7 46  8 46  10 46  11 46  12 46
15    5  0 97  4 97  6 97  13 97  14 97    6  2 95  8 95  10 95  11 95  13 95  14 95    7  0 64  1 64  3 64  8 64  11 64  13 64  14 64    8  0 38  2 38  3 38  5 38  6 38  7 38  9 38  10 38    10  0 59  1 59  2 59  3 59  5 59  7 59  9 59  10 59  12 59  13 59    6  1 95  3 95  5 95  6 95  7 95  12 95    6  0 17  2 17  4 17  8 17  10 17  12 17    4  3 65  7 65  11 65  14 65    6  2 93  3 93  9 93  10 93  12 93  13 93    8  1 10  2 10  3 10  6 10  7 10  9 10  10 10  14 10    7  0 73  5 73  6 73  8 73  10 73  11 73  13 73    8  0 11  1 11  2 11  6 11  7 11  8 11  11 11  12 11    7  1 85  3 85  4 85  5 85  8 85  11 85  12 85    7  0 46  3 46  7 46  8 46  9 46  11 46  14 46    7  0 67  6 67  7 67  9 67  10 67  11 67  13 67
15    4  1 23  5 23  10 23  13 23    5  2 49  8 49  10 49  12 49  13 49    5  0 32  3 32  5 32  9 32  12 32    7  0 66  2 66  4 66  5 66  6 66  8 66  9 66    6  2 43  3 43  5 43  6 43  9 43  14 43    7  0 60  2 60  3 60  6 60  9 60  10 60  11 60    5  7 41  8 41  10 41  12 41  13 41    3  2 61  7 61  13 61    6  1 70  7 70  9 70  11 70  12 70  13 70    6  0 49  3 49  6 49  8 49  9 49  14 49    7  1 17  2 17  3 17  7 17  8 17  10 17  11 17    6  3 90  4 90  6 90  10 90  11 90  13 90    9  1 85  2 85  3 85  5 85  6 85  8 85  9 85  10 85  14 85    9  0 99  1 99  2 99  4 99  5 99  7 99  9 99  11 99  14 99    8  0 85  2 85  4 85  5 85  7 85  8 85  9 85  13 85
15    5  0 98  2 98  3 98  4 98  9 98    5  0 57  7 57  8 57  9 57  14 57    7  3 73  4 73  5 73  9 73  10 73  13 73  14 73    12  1 9  2 9  3 9  4 9  6 9  7 9  8 9  9 9  10 9  11 9  12 9  13 9    8  0 73  3 73  4 73  6 73  9 73  10 73  12 73  13 73    7  2 7  3 7  4 7  5 7  6 7  7 7  8 7    6  1 98  3 98  6 98  10 98  12 98  14 98    6  0 13  2 13  3 13  4 13  6 13  12 13    8  0 41  1 41  3 41  6 41  8 41  9 41  13 41  14 41    7  0 40  4 40  5 40  6 40  9 40  10 40  14 40    9  3 85  5 85  7 85  8 85  9 85  10 85  11 85  12 85  13 85    8  0 37  3 37  4 37  6 37  8 37  9 37  10 37  14 37    8  0 68  1 68  2 68  6 68  8 68  10 68  11 68  13 68    7  0 79  2 79  4 79  7 79  8 79  11 79  14 79    6  4 17  5 17  7 17  11 17  12 17  14 17
15    5  2 66  4 66  5 66  9 66  11 66    6  1 53  3 53  4 53  7 53  10 53  13 53    8  0 86  1 86  2 86  3 86  4 86  5 86  10 86  11 86    5  0 40  4 40  6 40  8 40  11 40    8  0 14  5 14  8 14  10 14  11 14  12 14  13 14  14 14    7  0 19  1 19  3 19  4 19  10 19  12 19  14 19    6  1 96  10 96  11 96  12 96  13 96  14 96    5  0 95  1 95  4 95  9 95  14 95    9  0 54  2 54  3 54  4 54  5 54  6 54  9 54  11 54  12 54    8  2 84  3 84  6 84  8 84  9 84  10 84  11 84  13 84    9  0 97  2 97  5 97  7 97  9 97  10 97  11 97  12 97  14 97    10  1 16  3 16  7 16  8 16  9 16  10 16  11 16  12 16  13 16  14 16    5  2 52  3 52  5 52  9 52  14 52    7  1 76  2 76  4 76  9 76  11 76  12 76  13 76    8  3 87  4 87  6 87  7 87  9 87  10 87  11 87  14 87
15    6  2 77  4 77  5 77  8 77  11 77  13 77    8  1 55  2 55  3 55  4 55  9 55  11 55  12 55  14 55    6  1 42  2 42  9 42  10 42  13 42  14 42    8  1 74  2 74  5 74  6 74  7 74  8 74  9 74  10 74    7  1 91  3 91  6 91  7 91  9 91  10 91  14 91    4  2 33  4 33  5 33  13 33    6  3 16  4 16  9 16  10 16  11 16  14 16    6  0 54  5 54  7 54  9 54  10 54  12 54    7  0 18  4 18  6 18  8 18  9 18  11 18  12 18    8  0 87  1 87  2 87  3 87  4 87  5 87  7 87  10 87    7  1 60  3 60  7 60  8 60  9 60  10 60  11 60    9  0 13  1 13  2 13  5 13  6 13  8 13  11 13  12 13  13 13    4  0 33  2 33  5 33  6 33    7  1 33  3 33  4 33  7 33  8 33  13 33  14 33    5  0 61  4 61  6 61  10 61  11 61
15    9  0 41  2 41  4 41  5 41  6 41  8 41  9 41  10 41  11 41    8  0 39  1 39  3 39  5 39  7 39  8 39  9 39  14 39    7  2 82  3 82  5 82  6 82  8 82  11 82  12 82    8  1 64  3 64  4 64  6 64  7 64  8 64  9 64  11 64    8  2 47  5 47  6 47  7 47  10 47  12 47  13 47  14 47    4  1 28  5 28  10 28  11 28    5  0 78  1 78  7 78  12 78  14 78    5  2 49  4 49  5 49  13 49  14 49    6  1 79  6 79  10 79  11 79  13 79  14 79    9  1 58  2 58  3 58  4 58  6 58  7 58  8 58  9 58  11 58    8  0 92  2 92  4 92  6 92  8 92  10 92  12 92  13 92    4  3 79  4 79  6 79  7 79    6  2 6  9 6  11 6  12 6  13 6  14 6    6  0 69  3 69  6 69  8 69  9 69  12 69    6  3 76  5 76  8 76  10 76  12 76  14 76
15    5  3 21  5 21  7 21  8 21  11 21    11  0 42  1 42  5 42  6 42  7 42  8 42  9 42  11 42  12 42  13 42  14 42    5  0 91  3 91  9 91  11 91  12 91    9  0 28  1 28  2 28  4 28  7 28  8 28  9 28  11 28  14 28    8  0 52  1 52  2 52  4 52  5 52  10 52  12 52  13 52    6  0 88  4 88  6 88  7 88  8 88  13 88    7  0 76  1 76  4 76  5 76  8 76  11 76  12 76    7  0 86  1 86  8 86  11 86  12 86  13 86  14 86    6  1 23  5 23  6 23  7 23  10 23  12 23    5  1 35  10 35  11 35  12 35  14 35    6  2 52  7 52  8 52  12 52  13 52  14 52    10  1 91  2 91  4 91  5 91  7 91  10 91  11 91  12 91  13 91  14 91    8  2 47  3 47  5 47  7 47  8 47  9 47  11 47  13 47    9  0 82  1 82  4 82  7 82  10 82  11 82  12 82  13 82  14 82    5  6 24  8 24  10 24  12 24  13 24
15    10  1 42  2 42  5 42  6 42  7 42  9 42  10 42  11 42  12 42  13 42    6  0 93  1 93  3 93  11 93  12 93  14 93    5  0 95  3 95  5 95  9 95  14 95    5  2 45  5 45  10 45  13 45  14 45    6  4 28  9 28  10 28  12 28  13 28  14 28    5  1 77  2 77  9 77  10 77  14 77    4  0 84  2 84  7 84  11 84    9  0 8  1 8  4 8  5 8  6 8  7 8  9 8  10 8  13 8    7  1 45  3 45  5 45  7 45  9 45  12 45  14 45    3  4 70  8 70  9 70    6  0 37  5 37  6 37  7 37  11 37  12 37    7  1 86  3 86  4 86  6 86  9 86  10 86  14 86    8  1 64  3 64  6 64  7 64  11 64  12 64  13 64  14 64    8  3 67  4 67  6 67  8 67  9 67  10 67  11 67  13 67    11  0 38  1 38  2 38  3 38  4 38  8 38  10 38  11 38  12 38  13 38  14 38
15    11  0 97  1 97  2 97  4 97  5 97  9 97  10 97  11 97  12 97  13 97  14 97    8  0 81  1 81  2 81  3 81  6 81  10 81  11 81  12 81    6  0 58  1 58  4 58  5 58  6 58  8 58    7  0 84  2 84  7 84  8 84  9 84  10 84  14 84    7  1 58  2 58  5 58  7 58  8 58  9 58  11 58    5  0 9  7 9  8 9  12 9  13 9    6  1 87  3 87  8 87  9 87  10 87  11 87    4  3 5  4 5  9 5  10 5    4  2 44  7 44  10 44  14 44    5  5 85  6 85  10 85  12 85  13 85    3  6 89  11 89  14 89    4  7 77  8 77  10 77  12 77    4  8 96  9 96  10 96  14 96    8  2 39  4 39  5 39  6 39  7 39  8 39  11 39  14 39    5  2 77  5 77  8 77  9 77  10 77
15    5  0 80  4 80  7 80  9 80  12 80    9  0 21  1 21  2 21  3 21  4 21  6 21  7 21  9 21  12 21    7  1 10  2 10  3 10  5 10  6 10  9 10  10 10    8  0 73  3 73  4 73  5 73  8 73  9 73  13 73  14 73    5  1 70  2 70  8 70  9 70  14 70    9  0 49  1 49  2 49  5 49  6 49  8 49  10 49  11 49  13 49    7  2 31  3 31  6 31  7 31  8 31  12 31  13 31    5  1 34  6 34  7 34  8 34  13 34    8  1 40  3 40  4 40  5 40  10 40  11 40  13 40  14 40    5  5 22  8 22  11 22  12 22  13 22    6  0 15  2 15  4 15  8 15  9 15  14 15    5  2 82  5 82  8 82  13 82  14 82    6  0 57  3 57  7 57  9 57  13 57  14 57    9  0 71  1 71  5 71  7 71  8 71  9 71  10 71  11 71  14 71    9  2 48  3 48  4 48  7 48  8 48  10 48  12 48  13 48  14 48
15    6  2 17  4 17  9 17  11 17  12 17  14 17    4  1 62  5 62  7 62  8 62    9  2 75  4 75  5 75  6 75  7 75  8 75  9 75  11 75  13 75    5  0 35  6 35  9 35  12 35  13 35    8  0 91  1 91  2 91  5 91  6 91  10 91  11 91  14 91    9  1 50  2 50  4 50  6 50  9 50  10 50  11 50  12 50  14 50    6  1 7  2 7  3 7  6 7  10 7  13 7    10  0 64  2 64  3 64  4 64  6 64  8 64  9 64  10 64  12 64  13 64    4  5 75  8 75  10 75  13 75    4  6 94  7 94  10 94  12 94    8  0 55  2 55  5 55  6 55  8 55  9 55  10 55  11 55    5  1 72  3 72  6 72  7 72  8 72    7  0 47  1 47  2 47  4 47  8 47  9 47  14 47    3  2 11  4 11  7 11    5  0 90  5 90  7 90  11 90  14 90
15    7  1 93  2 93  3 93  7 93  8 93  11 93  12 93    6  4 57  5 57  6 57  11 57  12 57  14 57    8  1 71  2 71  5 71  8 71  9 71  10 71  11 71  12 71    5  0 70  5 70  9 70  10 70  12 70    4  1 93  4 93  8 93  9 93    9  1 20  2 20  3 20  5 20  6 20  8 20  9 20  10 20  12 20    6  1 15  3 15  7 15  8 15  9 15  10 15    6  1 77  2 77  5 77  9 77  10 77  13 77    3  5 58  10 58  13 58    4  0 12  2 12  11 12  12 12    6  0 67  2 67  4 67  6 67  10 67  13 67    5  5 68  7 68  8 68  9 68  13 68    5  4 7  8 7  9 7  12 7  14 7    7  1 29  2 29  4 29  5 29  6 29  7 29  10 29    6  1 52  2 52  3 52  4 52  9 52  14 52
15    4  0 76  10 76  13 76  14 76    6  3 27  6 27  8 27  9 27  11 27  13 27    6  4 26  6 26  11 26  12 26  13 26  14 26    8  1 36  6 36  7 36  9 36  10 36  11 36  12 36  13 36    8  0 8  1 8  2 8  3 8  7 8  8 8  11 8  13 8    6  0 36  1 36  3 36  6 36  10 36  12 36    5  0 95  1 95  7 95  12 95  14 95    4  1 48  2 48  5 48  8 48    6  2 82  4 82  5 82  9 82  12 82  13 82    8  0 87  1 87  5 87  6 87  8 87  10 87  12 87  13 87    6  2 6  3 6  5 6  6 6  7 6  10 6    7  1 63  8 63  9 63  10 63  11 63  12 63  14 63    9  0 56  1 56  2 56  6 56  7 56  8 56  12 56  13 56  14 56    7  4 36  6 36  7 36  8 36  9 36  12 36  14 36    7  4 15  5 15  7 15  8 15  10 15  11 15  14 15

0 28 12 15 7 27 11 2 4 7 15 15 4 12 18
23 0 5 6 25 6 26 16 20 16 25 26 17 27 1
22 26 0 4 15 7 21 16 3 26 9 17 4 21 19
8 11 7 0 12 1 6 17 20 20 5 25 28 21 24
10 24 16 26 0 8 21 23 9 14 5 12 6 6 20
19 1 8 18 24 0 26 4 13 11 14 21 25 10 17
2 19 11 10 9 12 0 11 20 8 13 19 4 13 11
26 8 3 4 11 17 3 0 9 25 10 13 16 24 10
27 6 6 20 14 11 5 7 0 14 5 20 14 16 16
11 2 8 25 13 17 21 11 23 0 1 13 9 7 22
6 28 19 8 18 7 23 5 24 3 0 8 9 20 21
23 15 21 28 2 10 14 19 15 13 3 0 6 18 17
21 21 14 14 1 24 10 3 2 9 21 13 0 17 13
23 12 18 24 16 27 15 28 17 12 14 11 6 0 8
2 26 12 9 4 25 19 14 10 12 11 25 9 27 0

0 23 22 25 16 28 6 3 25 3 24 2 7 28 9
18 0 6 18 22 15 5 14 26 7 14 23 26 8 26
27 12 0 18 23 4 3 23 16 3 24 25 28 20 27
20 3 9 0 12 14 8 17 1 16 14 10 4 5 7
26 24 14 10 0 4 8 24 20 7 24 7 19 10 16
11 4 7 19 3 0 8 26 11 9 20 17 27 24 2
12 8 24 7 1 7 0 27 10 2 7 6 5 11 1
9 28 14 11 24 8 3 0 7 5 21 15 16 18 24
13 9 12 28 18 13 21 16 0 9 21 2 12 5 7
10 3 28 12 28 12 5 3 18 0 25 2 15 21 15
10 18 1 10 4 26 12 15 4 10 0 13 28 1 2
24 16 2 15 25 23 21 5 25 3 15 0 5 20 26
17 8 10 2 21 14 9 13 5 9 20 15 0 13 14
4 15 4 2 4 8 11 9 19 23 2 14 8 0 10
8 27 4 2 13 1 25 13 2 26 2 25 20 26 0

0 24 2 22 5 7 2 7 16 12 16 13 5 20 2
23 0 11 25 5 13 21 22 17 2 15 26 7 23 7
9 3 0 5 18 13 8 24 24 10 13 8 4 17 11
11 12 27 0 5 20 27 18 15 13 23 12 27 13 16
6 4 13 7 0 27 10 20 27 6 27 27 2 1 20
26 15 26 10 20 0 18 20 26 26 15 1 26 10 12
9 18 28 16 10 15 0 19 28 16 20 8 5 16 8
11 13 22 24 7 26 7 0 17 16 14 12 17 23 28
15 5 17 15 11 15 19 14 0 7 18 16 16 27 1
8 28 4 24 7 15 1 8 27 0 12 18 14 15 15
20 4 27 25 2 1 26 20 14 5 0 20 8 16 22
11 3 19 3 2 16 22 9 2 25 27 0 25 17 9
16 19 19 10 2 5 4 9 13 6 23 24 0 24 23
5 15 16 28 1 5 7 22 1 28 1 5 17 0 13
13 8 13 11 6 15 4 4 10 19 14 13 9 24 0

0 19 22 12 15 1 17 14 18 3 23 4 27 5 16
27 0 20 14 27 21 14 21 14 7 5 3 1 21 13
11 4 0 18 2 9 5 26 17 28 12 17 27 14 7
17 20 6 0 13 10 21 28 7 23 23 10 3 1 26
24 28 26 15 0 27 20 2 1 21 17 14 4 22 28
12 7 9 20 9 0 22 5 17 24 27 2 9 23 7
7 1 13 3 10 28 0 21 10 10 6 17 1 12 27
5 22 13 26 14 23 15 0 1 20 10 7 2 7 4
1 19 6 9 13 14 17 28 0 28 15 2 11 28 25
15 11 18 24 12 14 1 22 11 0 3 25 8 6 1
23 9 9 13 1 14 8 16 9 22 0 20 21 25 12
5 9 12 13 25 22 1 17 11 9 1 0 3 27 5
6 4 27 14 15 8 8 7 27 20 2 6 0 23 14
19 20 15 22 10 13 28 6 23 6 16 26 7 0 18
5 15 10 20 20 18 22 3 23 26 18 14 6 4 0

0 17 8 22 20 14 17 15 17 27 17 22 4 23 9
1 0 21 12 13 4 11 7 7 7 20 22 26 2 12
23 23 0 8 20 28 7 2 24 23 24 19 5 15 10
19 12 1 0 9 11 3 14 14 24 20 21 13 20 12
5 4 2 24 0 21 9 22 2 10 1 22 12 5 28
9 20 25 13 9 0 3 2 5 1 5 7 3 20 25
27 8 4 21 8 28 0 18 3 14 6 22 3 11 16
3 4 3 11 15 15 17 0 5 6 12 10 4 5 14
19 25 17 21 1 23 16 17 0 3 1 25 11 28 19
27 2 17 7 16 28 21 15 26 0 19 27 10 6 12
21 1 21 9 2 15 17 3 13 8 0 28 19 6 2
7 20 8 2 21 8 14 11 26 3 8 0 4 24 22
17 14 28 28 19 26 15 1 21 9 10 7 0 14 25
22 13 15 10 22 7 12 13 4 11 8 6 14 0 1
16 17 24 16 23 19 1 12 10 9 25 21 23 14 0

0 22 14 21 14 22 11 18 15 1 16 9 6 26 23
13 0 11 22 20 1 10 26 9 7 4 1 6 22 3
16 22 0 5 13 24 24 22 28 19 10 12 19 15 1
12 28 3 0 27 17 14 14 15 9 20 28 5 12 12
14 22 14 8 0 2 13 21 17 27 25 9 6 22 13
24 27 25 6 8 0 19 10 14 11 9 2 21 7 14
2 3 8 5 10 17 0 20 24 14 10 11 11 26 25
1 22 17 22 18 12 13 0 7 17 11 23 4 6 13
9 16 9 5 8 2 27 12 0 10 17 18 11 3 23
14 5 25 1 8 10 12 1 28 0 25 4 20 1 12
23 17 27 24 23 8 23 3 22 13 0 11 24 14 13
17 3 27 20 26 2 17 23 5 13 25 0 25 12 12
26 25 1 14 1 22 18 28 20 7 21 11 0 4 27
17 17 14 4 23 12 28 13 9 11 27 7 21 0 28
6 2 27 10 17 20 20 15 4 22 11 15 2 23 0

0 11 23 5 6 21 22 8 13 18 16 25 1 22 16
11 0 18 24 3 23 19 5 5 15 24 24 13 1 3
14 9 0 26 25 4 5 7 22 8 23 12 9 23 4
26 25 12 0 23 26 16 20 28 3 11 9 28 23 11
5 19 11 28 0 6 12 11 24 18 8 28 14 13 14
8 4 8 9 17 0 14 8 19 8 23 22 2 21 6
5 16 5 21 16 7 0 19 13 26 3 8 3 4 5
24 6 5 10 26 19 13 0 5 11 25 14 13 10 22
22 13 7 8 26 23 8 10 0 22 11 18 22 22 25
17 5 9 15 11 27 9 27 9 0 9 28 18 2 16
2 5 10 19 4 15 15 5 11 28 0 11 16 15 4
17 4 24 5 28 16 22 23 5 17 22 0 2 18 20
21 20 13 24 20 4 7 17 20 25 1 23 0 26 19
21 22 18 11 18 4 18 23 28 16 21 6 3 0 9
14 4 23 25 26 15 17 9 18 25 6 17 19 15 0

0 20 16 28 2 25 25 18 16 13 25 11 15 7 16
26 0 18 20 5 10 23 20 18 14 16 10 17 27 27
26 3 0 23 13 8 14 12 22 27 25 18 27 22 18
1 11 15 0 6 5 20 22 28 23 5 22 28 22 17
13 11 13 5 0 23 12 8 22 6 19 25 14 12 17
1 6 20 7 11 0 14 17 4 14 27 8 4 28 1
28 8 26 10 10 11 0 17 5 4 24 24 11 1 21
27 20 12 16 4 20 18 0 25 15 10 17 28 17 2
8 2 26 27 7 25 14 18 0 3 4 3 15 3 11
4 9 23 28 28 28 17 18 4 0 20 21 9 10 10
14 6 17 9 21 28 20 7 10 12 0 22 15 14 17
11 2 7 7 7 16 20 13 24 10 7 0 3 7 15
13 1 11 10 7 17 3 10 16 11 21 18 0 6 14
26 18 23 9 9 13 13 12 20 18 4 6 18 0 22
10 17 4 7 19 15 8 3 2 25 13 12 28 11 0

0 27 5 9 22 21 28 8 27 1 11 10 8 17 18
19 0 10 10 15 3 12 23 22 28 12 13 28 25 7
2 24 0 1 21 22 27 24 14 27 20 16 6 7 5
2 9 9 0 26 14 11 24 28 20 24 18 10 15 24
11 27 5 10 0 6 11 6 21 19 10 18 25 11 21
1 24 10 16 25 0 16 20 20 19 22 6 12 10 27
9 10 14 22 6 21 0 28 4 21 7 27 1 8 20
23 7 18 2 14 24 27 0 6 7 23 2 8 27 11
5 23 18 8 20 4 28 8 0 16 10 26 28 4 13
28 3 26 12 7 23 7 19 12 0 11 10 8 2 15
4 23 8 15 22 3 9 22 28 25 0 5 17 18 7
10 14 14 23 16 8 6 17 25 12 20 0 4 6 25
14 21 7 11 15 19 14 17 20 7 24 17 0 3 8
23 11 9 10 21 17 24 21 24 6 10 24 26 0 13
23 3 1 22 1 27 15 10 14 22 27 11 1 7 0

0 16 18 18 14 6 18 24 22 23 18 9 6 11 21
20 0 24 21 5 13 21 7 3 2 4 2 18 5 12
24 4 0 22 10 24 1 12 13 2 3 8 8 11 14
17 23 21 0 10 9 5 5 18 19 19 23 5 17 26
11 10 2 6 0 20 25 4 28 2 15 20 28 22 13
18 5 21 12 14 0 3 19 17 7 1 1 18 22 4
4 5 14 4 28 14 0 28 21 25 3 8 28 5 17
22 5 20 25 20 2 14 0 24 25 28 12 23 17 1
28 9 5 3 9 2 23 4 0 24 16 27 3 4 11
28 28 27 7 11 2 12 12 5 0 21 18 14 5 11
19 17 21 18 2 12 9 8 9 21 0 2 16 27 11
19 17 2 1 18 3 5 10 19 26 17 0 6 10 13
11 7 18 6 5 8 3 21 20 25 26 16 0 26 13
3 25 11 6 22 11 3 7 20 22 9 19 7 0 8
16 20 7 6 3 6 21 2 8 7 9 12 2 27 0

0 6 18 11 1 9 11 14 21 25 13 12 5 26 4
24 0 20 25 20 26 24 9 23 12 7 12 17 23 3
15 17 0 1 19 5 17 3 12 26 10 28 19 1 20
20 5 26 0 16 13 22 23 21 28 26 12 21 4 9
21 21 5 12 0 15 1 25 17 12 13 24 4 2 3
5 3 9 12 19 0 6 28 16 23 27 13 8 15 16
28 28 11 26 4 6 0 1 6 23 8 7 26 18 11
10 21 27 28 26 13 26 0 18 24 23 17 18 1 22
24 19 11 4 11 13 22 4 0 19 19 15 16 17 6
15 9 20 18 1 22 3 1 13 0 24 26 2 19 25
24 3 13 9 6 23 8 3 2 18 0 18 15 14 18
24 27 12 6 27 13 10 18 13 25 7 0 21 17 14
11 16 22 13 15 18 9 23 18 3 21 10 0 23 12
4 13 5 5 4 16 7 11 19 10 26 19 10 0 5
9 16 7 2 23 7 4 10 20 24 12 11 26 5 0

0 12 3 15 17 26 24 10 6 14 28 28 11 13 2
26 0 15 13 11 12 21 16 14 3 21 7 20 8 14
6 7 0 2 27 7 1 18 11 2 23 20 26 2 2
11 27 25 0 26 19 9 6 20 9 20 17 4 4 25
15 19 22 17 0 9 9 21 1 16 13 25 1 17 15
26 26 6 26 15 0 15 19 10 27 18 7 13 17 24
8 4 24 19 15 1 0 19 3 17 28 23 25 26 10
20 28 12 8 27 11 5 0 21 9 19 15 13 18 3
22 4 16 18 10 13 15 27 0 16 10 18 9 6 17
11 28 11 6 22 26 23 17 3 0 27 13 13 27 15
13 2 5 27 17 10 2 4 3 19 0 24 5 13 22
8 4 17 20 18 4 23 10 11 1 7 0 5 9 20
14 18 3 3 23 23 22 10 5 19 7 28 0 3 12
2 5 27 12 15 19 20 22 7 15 24 6 14 0 20
19 6 13 10 11 7 25 6 10 6 8 17 5 9 0

0 24 19 4 22 24 20 2 28 8 21 26 19 7 18
8 0 1 4 1 27 14 12 8 14 23 21 26 6 12
13 17 0 6 21 7 21 27 25 3 3 2 2 18 8
23 25 10 0 19 16 14 3 21 8 27 26 12 24 18
17 2 12 23 0 2 28 15 18 1 28 16 1 25 26
28 13 5 26 14 0 18 21 3 27 10 12 23 12 11
9 4 4 20 22 15 0 10 19 8 16 2 19 28 18
10 6 23 5 3 7 11 0 18 28 16 19 24 6 14
13 16 2 4 9 20 3 12 0 9 12 14 1 19 21
5 11 5 27 25 18 2 14 18 0 7 4 10 26 28
19 10 11 6 17 23 26 25 20 7 0 22 17 17 5
24 23 26 7 5 27 6 6 25 3 25 0 20 18 19
23 25 3 21 24 7 19 26 12 27 13 13 0 2 17
5 16 1 6 28 26 24 20 4 20 28 20 19 0 13
2 13 14 10 24 15 20 20 22 22 10 13 10 17 0

0 25 9 12 14 19 12 3 20 24 19 11 28 12 13
8 0 23 5 6 21 22 19 13 1 15 27 3 25 9
18 15 0 23 25 25 24 13 5 4 14 8 14 17 9
12 28 24 0 18 15 18 14 28 4 28 7 26 4 15
25 8 6 20 0 11 15 4 23 27 18 18 28 22 13
27 21 16 12 10 0 1 1 23 10 23 9 1 19 6
22 8 27 26 28 23 0 16 7 20 25 8 5 6 23
24 15 12 20 26 26 28 0 18 8 25 28 18 4 26
19 3 26 17 6 19 24 8 0 11 11 1 21 6 8
20 24 3 16 6 5 12 20 4 0 15 8 27 3 22
27 24 24 28 9 11 2 28 21 21 0 15 11 28 19
12 18 26 18 23 12 22 13 9 27 27 0 20 4 10
3 9 15 18 7 24 23 4 18 23 2 10 0 20 17
7 22 16 13 24 23 20 10 9 9 15 2 12 0 10
1 15 24 1 24 5 10 11 23 15 3 8 7 22 0

0 8 21 16 10 15 23 10 11 13 25 1 22 28 3
10 0 7 10 14 9 28 15 14 6 19 28 5 3 18
20 6 0 23 17 6 18 2 13 4 18 10 24 9 26
10 23 2 0 25 4 25 11 3 23 15 22 6 18 26
2 9 28 16 0 4 22 23 9 27 13 27 23 28 28
20 14 2 7 22 0 23 15 6 27 14 26 25 19 21
3 2 14 28 24 26 0 26 20 21 18 25 20 10 11
10 25 25 18 3 1 11 0 9 8 15 2 9 21 18
23 9 25 8 1 1 13 9 0 23 15 10 28 12 9
28 16 3 20 23 12 20 6 13 0 13 23 14 26 20
5 17 11 16 14 10 15 28 13 28 0 3 7 10 24
27 10 12 3 2 5 4 3 3 10 2 0 14 11 17
10 5 27 3 6 11 23 19 21 21 24 8 0 4 23
14 6 16 17 4 3 8 13 22 2 26 17 2 0 28
7 17 10 20 26 21 18 1 17 9 7 18 9 27 0
