15 15 3
15    1  4 21    1  3 55    1  6 71    1  14 98    2  10 12  12 12    1  2 34    1  9 16    1  1 21    1  0 53    1  7 26    1  8 52    1  5 95    2  12 31  5 31    1  11 42    1  13 39
15    1  11 54    2  4 83  5 83    1  1 77    1  7 64    1  8 34    1  14 79    2  12 43  9 43    1  0 55    1  3 77    1  6 19    1  9 37    1  5 79    1  10 92    2  13 62  3 62    1  2 66
15    1  9 83    2  5 77  2 77    1  2 87    1  7 38    1  4 60    1  12 98    1  0 93    1  13 17    1  6 41    1  10 44    1  3 69    1  11 49    2  8 24  10 24    1  1 87    1  14 25
15    2  5 77  2 77    1  0 96    1  9 28    2  6 7  0 7    2  4 95  7 95    2  13 35  12 35    1  7 35    1  8 76    1  11 9    1  12 95    1  2 43    1  1 75    1  10 61    1  14 10    1  3 79
15    1  10 87    1  4 28    1  8 50    1  2 59    1  0 46    1  11 45    1  14 9    1  9 43    1  6 52    1  7 27    1  1 91    2  13 41  2 41    1  3 16    1  5 59    1  12 39
15    1  0 20    1  2 71    1  4 78    1  13 66    1  3 14    1  12 8    2  14 42  9 42    1  6 28    1  1 54    1  9 33    1  11 89    1  8 26    1  7 37    1  10 33    1  5 43
15    1  8 69    1  4 96    2  12 17  9 17    1  0 69    1  7 45    1  11 31    1  6 78    1  10 20    1  3 27    1  13 87    1  1 74    1  5 84    1  14 76    1  2 94    2  9 81  7 81
15    1  4 58    1  13 90    1  11 76    1  3 81    1  7 23    2  9 28  8 28    1  1 18    1  2 32    1  12 86    1  8 99    1  14 97    1  0 24    1  10 45    1  6 72    1  5 25
15    1  5 27    1  1 46    3  6 67  8 67  3 67    1  8 27    2  13 19  6 19    1  10 80    1  2 17    2  3 48  10 48    1  7 62    1  11 12    1  14 28    2  4 98  7 98    1  0 42    1  9 48    1  12 50
15    1  11 37    1  5 80    2  4 75  9 75    1  8 55    1  7 50    1  0 94    1  9 14    2  6 41  12 41    1  14 72    1  3 50    1  10 61    1  13 79    1  2 98    1  12 18    1  1 63
15    2  7 65  8 65    1  3 96    1  0 47    1  4 75    1  12 69    1  14 58    1  10 33    1  1 71    1  9 22    1  13 32    1  5 57    2  8 79  13 79    1  2 14    1  11 31    1  6 60
15    1  1 34    1  2 47    1  3 58    1  5 51    1  4 62    1  6 44    1  9 8    1  7 17    1  10 97    1  8 29    1  11 15    1  13 66    1  12 40    3  0 44  2 44  4 44    1  14 38
15    1  3 50    1  7 57    2  13 61  10 61    1  5 20    1  11 85    1  12 90    1  2 58    1  4 63    1  10 84    1  1 39    1  9 87    1  6 21    1  14 56    1  8 32    1  0 57
15    1  9 84    1  7 45    1  5 15    1  14 41    1  10 18    1  4 82    1  11 29    1  2 70    1  1 67    1  3 30    1  13 50    1  6 23    1  0 20    1  12 21    1  8 38
15    1  9 37    1  10 81    2  11 61  12 61    1  14 57    1  8 57    2  0 52  2 52    2  7 74  12 74    1  6 62    2  12 30  8 30    2  1 52  6 52    1  2 38    1  13 68    1  4 54    1  3 54    1  5 16

0 7 25 6 2 25 7 4 11 11 5 6 20 2 7
4 0 15 15 6 23 12 16 21 20 12 11 25 19 16
4 8 0 20 14 15 24 8 15 23 6 14 5 10 17
19 5 12 0 20 21 15 2 19 20 20 16 21 1 7
1 10 15 15 0 25 22 25 21 20 25 23 24 6 11
13 24 19 11 12 0 14 6 9 19 23 4 17 25 18
11 5 25 17 21 12 0 20 9 23 7 1 5 15 22
8 6 23 10 7 24 8 0 8 8 2 7 1 14 1
24 26 19 16 14 8 1 16 0 1 16 25 8 4 7
16 12 14 25 7 11 10 1 24 0 22 26 19 13 11
7 4 10 23 26 23 13 24 14 16 0 22 9 4 1
7 2 26 19 11 11 6 24 18 19 20 0 3 5 11
4 18 23 7 17 20 1 15 20 22 13 25 0 4 19
13 25 17 12 12 2 18 6 20 21 14 12 14 0 24
8 17 18 25 3 23 12 4 10 12 8 19 21 8 0

0 8 22 24 4 3 2 14 13 24 9 12 1 15 23
10 0 4 20 11 16 8 26 14 23 10 13 7 8 7
21 5 0 14 20 18 8 15 5 17 14 26 5 6 8
9 2 14 0 3 10 25 18 6 20 10 6 4 22 16
17 22 20 20 0 18 14 2 23 20 8 8 25 11 10
25 3 18 12 13 0 23 2 8 23 19 20 11 1 9
4 9 21 18 5 13 0 26 2 5 17 14 15 5 26
24 22 16 12 4 12 26 0 26 23 8 7 3 3 16
8 7 10 14 18 7 18 10 0 25 1 22 17 21 25
15 25 7 23 17 2 10 20 9 0 5 10 17 6 22
13 4 20 23 11 7 21 17 15 10 0 24 23 17 7
16 2 5 19 19 1 26 11 9 4 7 0 22 19 10
1 5 22 24 26 24 22 16 16 19 2 2 0 4 3
17 8 19 14 11 4 17 2 21 1 9 2 20 0 8
13 20 10 16 21 23 20 24 3 10 26 9 23 2 0

0 9 20 15 6 2 10 3 12 3 14 3 20 9 13
24 0 16 19 14 18 19 13 10 18 8 21 2 12 1
11 7 0 10 7 19 9 11 2 5 16 15 10 26 16
14 13 24 0 11 1 13 9 25 7 22 12 23 3 9
18 9 7 26 0 26 9 24 6 9 16 25 4 1 17
14 24 10 3 15 0 17 23 9 5 13 4 18 17 1
22 4 2 21 10 22 0 22 20 15 6 17 8 9 22
9 25 18 2 9 13 20 0 2 22 5 18 18 25 13
25 13 2 17 23 21 22 17 0 20 3 17 17 23 23
25 8 5 25 17 26 16 8 21 0 23 19 14 9 26
2 18 4 11 18 4 21 10 7 20 0 5 19 13 12
17 16 24 23 2 23 9 14 15 25 9 0 15 12 2
13 20 16 13 11 2 8 4 2 25 16 10 0 14 10
18 14 5 13 20 2 21 1 23 20 13 24 6 0 23
8 3 15 3 2 7 9 1 12 16 10 22 4 20 0

0 14 26 25 22 16 26 24 9 11 23 25 4 11 20
17 0 15 12 8 18 11 6 19 14 22 8 26 18 5
24 10 0 5 20 24 17 20 16 2 15 25 17 25 12
16 10 17 0 12 4 6 25 17 13 15 2 11 17 25
9 22 3 16 0 17 8 3 4 23 6 1 10 17 5
15 5 3 14 3 0 17 9 10 20 23 3 17 15 17
24 17 8 13 25 13 0 4 21 16 15 12 24 18 25
12 26 11 24 17 16 5 0 10 20 5 3 18 24 24
21 18 25 5 11 7 18 16 0 18 19 8 7 5 8
9 12 13 22 14 18 2 25 21 0 19 20 5 2 17
20 17 14 20 16 15 7 7 26 5 0 9 6 13 18
6 8 5 16 3 5 13 11 5 12 7 0 18 19 18
5 2 4 25 2 14 16 7 16 16 18 19 0 11 24
23 12 3 20 8 10 19 4 21 20 26 14 22 0 2
13 1 10 24 6 3 22 25 11 12 15 26 11 16 0

0 10 5 5 19 21 6 20 3 20 24 19 22 10 4
8 0 22 7 23 17 15 6 13 22 3 12 8 25 19
20 18 0 20 9 21 21 6 21 24 20 12 13 10 23
18 2 24 0 13 18 2 18 2 26 23 24 22 7 21
21 1 11 11 0 24 16 5 3 25 8 25 12 2 25
11 25 19 7 8 0 19 1 3 15 6 5 20 7 24
8 16 2 14 23 17 0 13 19 26 24 15 4 19 8
10 24 17 25 11 20 5 0 24 12 6 22 3 11 1
21 17 1 5 11 21 17 15 0 6 15 1 3 6 12
15 2 14 10 20 5 5 23 4 0 5 26 13 26 19
26 4 20 16 11 17 17 22 7 14 0 5 11 21 14
24 6 8 19 2 24 8 3 16 9 23 0 10 12 4
6 9 23 24 26 25 25 1 8 25 23 22 0 22 5
19 14 3 18 6 2 23 5 12 21 23 16 19 0 2
13 15 26 7 8 25 11 7 18 14 25 9 22 16 0

0 2 21 24 9 21 26 14 16 14 8 22 19 21 9
21 0 24 23 20 22 7 16 22 13 17 7 16 9 20
6 16 0 12 12 24 5 15 9 16 9 11 23 26 15
9 7 21 0 25 8 9 6 21 19 15 9 12 24 20
22 17 20 2 0 16 26 2 22 1 17 9 4 12 22
9 8 18 12 5 0 17 7 4 13 7 23 13 5 18
7 7 3 5 16 3 0 10 2 4 19 26 17 1 12
26 14 1 2 13 26 15 0 1 18 18 4 26 22 14
9 3 17 7 26 14 19 15 0 4 2 4 2 5 11
20 3 17 23 4 11 7 17 7 0 6 2 21 11 23
14 3 7 25 10 24 17 12 17 4 0 6 6 8 17
1 21 10 18 14 19 25 5 19 7 11 0 18 13 10
15 18 25 16 10 2 13 20 16 18 12 7 0 7 17
19 3 24 11 15 25 5 20 21 24 9 5 1 0 23
4 3 12 17 11 2 13 4 8 7 5 8 13 25 0

0 13 18 8 19 23 26 5 14 22 22 12 22 3 7
15 0 14 2 15 11 2 5 25 24 20 6 12 7 9
14 4 0 20 8 23 22 17 2 3 7 10 23 5 5
25 26 9 0 19 18 2 17 25 2 15 2 23 4 17
2 5 16 13 0 3 17 19 17 3 13 4 26 8 8
7 11 8 2 19 0 12 5 20 4 17 17 20 16 7
15 10 4 15 10 10 0 3 3 1 5 12 1 16 13
6 10 7 12 25 20 24 0 9 10 13 11 21 1 15
21 10 16 9 19 12 26 17 0 17 3 19 13 3 8
16 4 12 11 18 13 13 23 23 0 23 20 15 5 8
6 15 20 5 8 19 13 11 17 19 0 25 12 21 3
2 11 7 13 22 4 1 1 14 3 24 0 15 15 8
9 17 9 8 5 19 9 15 26 7 11 7 0 17 14
26 1 7 10 6 8 25 10 21 14 23 16 25 0 12
23 19 24 26 8 14 16 21 13 12 16 21 14 18 0

0 2 2 11 7 14 10 18 3 9 23 15 7 14 20
25 0 6 4 12 18 13 24 18 26 10 5 3 8 25
13 9 0 1 17 21 6 22 8 6 8 7 12 10 11
12 17 15 0 22 14 3 4 5 14 10 17 11 3 17
19 6 22 16 0 3 25 2 3 9 24 6 18 18 8
18 21 12 25 24 0 17 19 26 25 23 17 22 24 3
10 18 1 24 10 1 0 26 4 8 19 17 4 2 8
2 2 11 1 24 23 2 0 4 18 14 9 22 12 4
10 22 26 15 5 24 15 24 0 18 4 7 14 4 25
7 12 24 24 25 23 2 19 11 0 15 10 12 21 3
6 13 15 6 10 10 25 23 12 5 0 13 16 3 24
10 7 15 8 12 8 26 13 4 21 12 0 17 14 7
21 19 5 21 19 3 1 17 1 16 4 15 0 16 18
14 22 17 14 2 19 26 5 11 15 4 12 10 0 25
17 17 13 9 12 18 13 12 4 9 26 9 21 21 0

0 9 16 5 10 24 8 21 2 7 21 14 8 12 3
20 0 5 12 21 2 25 23 6 9 24 25 10 4 23
26 7 0 1 23 13 20 7 10 22 8 1 11 15 9
22 23 24 0 21 13 9 14 6 14 3 25 2 21 15
1 13 20 16 0 24 6 25 23 4 25 3 16 17 13
12 22 12 26 12 0 25 1 25 16 18 14 10 11 5
20 17 1 3 14 26 0 19 11 15 16 25 8 8 26
22 17 16 13 26 23 6 0 10 20 10 20 12 8 22
18 6 13 25 15 1 2 22 0 21 6 6 26 18 11
21 4 20 18 18 7 14 6 8 0 2 25 3 2 1
21 9 26 25 11 16 18 12 15 10 0 11 26 12 17
20 17 17 26 1 19 5 3 23 4 4 0 10 13 14
22 23 21 19 8 4 3 15 12 23 1 15 0 11 20
22 23 13 18 13 13 21 24 5 8 18 11 26 0 12
20 24 12 13 18 18 18 7 15 22 13 26 16 8 0

0 12 25 1 15 11 10 4 17 18 19 8 11 17 26
10 0 16 5 2 10 10 15 3 23 5 14 1 8 6
25 9 0 1 8 20 8 2 20 9 21 5 5 24 25
5 21 11 0 25 4 17 22 12 26 15 9 7 22 6
23 13 20 20 0 2 20 2 23 23 13 15 18 14 24
11 10 25 6 24 0 19 10 24 12 22 7 16 9 26
19 3 19 10 19 26 0 14 5 11 23 22 1 25 18
25 14 23 20 3 12 26 0 5 7 24 7 17 7 25
16 11 10 7 3 25 2 8 0 18 4 12 22 25 10
11 7 5 18 6 14 24 18 3 0 25 13 6 5 14
3 26 7 4 7 19 10 11 17 18 0 10 19 9 2
2 21 15 10 3 20 9 20 14 22 17 0 4 21 23
13 15 15 20 3 23 20 17 18 13 20 11 0 8 12
1 12 14 10 3 15 13 18 13 2 4 8 6 0 11
22 25 10 12 19 16 7 19 7 13 9 10 23 12 0

0 4 1 18 18 21 21 12 11 8 11 25 16 17 20
11 0 1 6 25 23 25 20 24 12 17 24 12 4 5
3 14 0 23 22 18 1 23 10 6 16 18 17 26 2
15 20 14 0 12 19 2 15 1 12 22 21 20 15 17
12 10 26 4 0 14 4 25 2 12 6 1 3 21 9
8 4 4 21 20 0 14 15 17 3 3 22 24 18 19
13 25 22 23 20 6 0 23 14 5 25 18 10 22 14
1 22 15 2 19 5 12 0 13 8 3 20 11 19 24
23 3 3 10 18 3 2 22 0 22 11 18 8 19 12
16 5 4 18 9 12 9 21 24 0 24 20 24 18 10
2 26 18 13 26 6 16 4 8 17 0 21 23 21 26
21 13 6 2 20 5 25 23 18 10 10 0 25 6 20
4 19 24 13 5 9 11 14 2 25 18 20 0 26 5
6 20 17 12 9 14 21 14 17 13 3 16 7 0 10
3 19 8 12 26 11 23 6 11 1 11 24 16 20 0

0 6 16 2 2 8 14 8 6 12 8 13 12 21 25
9 0 25 18 2 5 22 2 18 15 19 1 21 13 6
5 17 0 23 15 10 4 12 23 24 18 6 15 16 3
22 20 2 0 4 6 16 25 3 24 22 20 22 8 25
3 11 21 5 0 23 19 5 11 14 20 7 8 18 7
15 20 25 26 20 0 5 10 7 2 22 25 4 11 16
16 22 12 4 2 26 0 6 26 1 23 26 8 11 24
10 18 22 4 15 4 19 0 15 5 21 4 8 11 2
4 22 14 2 20 2 8 14 0 22 12 26 2 14 5
25 25 8 1 6 17 15 9 26 0 1 18 2 24 8
18 4 7 17 18 25 20 20 24 26 0 20 10 26 4
18 7 14 4 23 16 1 15 16 22 15 0 12 10 22
9 16 18 4 22 4 23 22 8 2 20 16 0 17 8
20 25 25 17 14 10 5 2 8 21 22 17 13 0 9
13 8 19 15 23 4 21 10 11 25 12 23 21 25 0

0 16 23 15 2 26 6 16 25 14 1 22 4 13 15
25 0 12 19 19 1 6 7 24 16 23 26 22 4 5
17 8 0 26 19 11 18 2 14 23 22 18 23 18 17
3 22 19 0 11 18 13 22 21 7 26 24 1 13 25
11 23 9 5 0 15 17 2 14 23 20 10 2 7 20
16 20 3 4 14 0 5 13 6 15 9 10 22 21 20
4 16 7 1 1 15 0 26 6 17 14 21 26 6 22
15 24 14 8 18 22 24 0 3 14 24 14 24 16 9
16 18 2 17 22 6 3 11 0 10 11 6 18 1 19
17 25 10 26 21 12 22 12 12 0 26 25 5 26 23
2 14 18 12 17 14 17 9 9 21 0 7 6 16 19
6 1 8 8 13 15 18 9 17 14 20 0 8 11 4
17 2 15 20 6 17 12 4 12 3 11 16 0 14 12
23 1 4 22 12 14 7 10 14 14 24 3 4 0 20
20 16 13 19 7 25 11 18 21 26 25 22 12 14 0

0 21 4 10 13 15 19 15 2 20 8 3 9 26 11
10 0 2 18 6 22 12 3 16 20 10 4 4 25 17
8 22 0 24 1 24 25 7 3 26 20 16 8 11 1
22 26 10 0 9 24 19 1 11 20 25 19 14 2 15
20 4 21 20 0 18 17 6 14 9 3 16 18 3 4
1 13 2 7 15 0 7 20 6 3 16 9 9 19 23
13 15 3 8 3 26 0 3 24 9 4 10 3 23 5
9 5 10 21 23 23 2 0 16 5 2 18 18 18 11
1 21 2 12 23 11 8 20 0 15 26 24 23 21 22
17 20 10 25 15 18 14 23 9 0 13 18 19 8 20
10 23 20 1 1 12 6 23 10 3 0 23 26 25 12
9 3 2 4 18 22 8 11 13 1 4 0 18 5 25
23 16 19 20 6 12 7 14 1 13 20 5 0 19 8
11 10 15 1 19 13 15 4 17 24 13 9 25 0 8
17 18 18 12 10 19 4 12 16 20 9 1 11 26 0

0 14 26 21 23 2 24 8 5 18 19 3 5 10 9
7 0 3 2 10 16 23 12 21 10 20 13 3 11 17
2 10 0 20 19 22 15 1 11 16 12 23 8 4 16
12 24 20 0 7 7 26 17 1 20 19 18 12 16 23
22 5 9 22 0 13 14 25 4 20 9 3 10 7 19
19 22 16 5 10 0 20 2 19 23 10 2 11 21 3
17 10 3 2 16 15 0 22 3 12 17 3 7 21 12
22 6 17 6 19 1 3 0 5 19 12 17 24 23 23
7 21 17 5 23 13 12 6 0 19 23 12 6 11 25
13 11 14 12 10 10 6 25 26 0 13 12 26 5 16
17 26 19 14 19 16 5 4 2 14 0 22 8 25 14
19 9 16 11 10 7 18 4 5 17 21 0 8 10 17
10 23 6 19 5 3 3 7 14 19 13 20 0 19 17
8 1 20 7 7 15 1 25 4 9 5 17 6 0 1
10 10 9 22 15 6 21 19 23 1 17 5 21 16 0
