20 10 5
12    2  1 10  0 11    1  7 17    1  7 14    1  0 10    2  1 16  9 18    2  8 6  1 12    4  6 9  3 11  2 10  0 16    2  4 19  0 7    1  8 11    1  3 16    1  1 5    5  6 9  8 9  3 6  7 14  5 16
13    1  7 17    2  4 6  3 11    2  1 10  0 11    2  4 9  7 8    2  1 16  2 11    4  0 8  4 14  9 15  5 12    4  5 10  7 15  6 5  1 8    2  4 19  0 7    4  6 9  3 11  2 10  0 16    1  0 10    4  0 16  2 11  6 17  3 7    1  3 16    4  2 11  4 8  6 11  8 17
11    4  5 10  7 15  6 5  1 8    2  4 9  7 8    2  1 16  9 18    2  1 10  0 11    5  6 9  8 9  3 6  7 14  5 16    1  3 16    2  4 19  0 7    1  0 10    2  4 6  3 11    2  1 16  2 11    1  2 14
11    4  0 8  4 14  9 15  5 12    2  4 19  0 7    4  3 11  7 16  8 15  0 6    1  7 14    1  3 16    1  7 17    4  0 16  2 11  6 17  3 7    4  9 6  7 13  4 5  1 8    1  2 14    4  6 9  3 11  2 10  0 16    1  0 10
14    1  7 17    1  3 16    1  4 9    4  9 6  7 13  4 5  1 8    4  0 16  2 11  6 17  3 7    2  1 16  9 18    4  5 10  7 15  6 5  1 8    1  7 14    2  4 6  3 11    4  1 5  6 13  9 10  4 11    5  6 9  8 9  3 6  7 14  5 16    2  4 9  7 8    4  0 8  4 14  9 15  5 12    2  4 19  0 7
11    4  1 5  6 13  9 10  4 11    2  1 16  9 18    1  0 10    1  2 14    1  4 9    5  6 9  8 9  3 6  7 14  5 16    1  7 17    1  7 14    1  1 5    4  5 10  7 15  6 5  1 8    4  3 11  7 16  8 15  0 6
14    1  7 14    1  7 17    2  4 9  7 8    1  3 16    1  0 10    4  1 5  6 13  9 10  4 11    1  1 5    2  4 6  3 11    5  6 9  8 9  3 6  7 14  5 16    4  3 11  7 16  8 15  0 6    5  1 8  0 19  7 13  5 14  9 18    4  5 10  7 15  6 5  1 8    4  0 16  2 11  6 17  3 7    2  1 16  9 18
13    1  0 10    4  9 6  7 13  4 5  1 8    1  4 9    4  6 9  3 11  2 10  0 16    1  8 11    4  1 5  6 13  9 10  4 11    4  5 10  7 15  6 5  1 8    1  1 5    5  1 8  0 19  7 13  5 14  9 18    5  6 9  8 9  3 6  7 14  5 16    2  1 10  0 11    4  0 16  2 11  6 17  3 7    2  4 6  3 11
11    1  7 17    1  1 5    1  0 10    1  3 16    2  4 6  3 11    4  6 9  3 11  2 10  0 16    5  1 8  0 19  7 13  5 14  9 18    1  8 11    2  8 6  1 12    2  1 10  0 11    2  4 9  7 8
12    1  3 16    4  3 11  7 16  8 15  0 6    1  2 14    4  1 5  6 13  9 10  4 11    1  8 11    5  6 9  8 9  3 6  7 14  5 16    2  4 6  3 11    4  0 16  2 11  6 17  3 7    2  1 10  0 11    2  1 16  2 11    4  0 8  4 14  9 15  5 12    1  0 10
10    1  8 11    1  4 9    5  1 8  0 19  7 13  5 14  9 18    1  3 16    4  3 11  7 16  8 15  0 6    2  4 9  7 8    4  6 9  3 11  2 10  0 16    1  2 14    1  0 10    4  0 16  2 11  6 17  3 7
11    4  9 6  7 13  4 5  1 8    4  3 11  7 16  8 15  0 6    1  3 16    2  8 6  1 12    4  5 10  7 15  6 5  1 8    4  6 9  3 11  2 10  0 16    1  1 5    1  7 14    5  6 9  8 9  3 6  7 14  5 16    2  4 6  3 11    2  1 16  9 18
11    1  1 5    1  2 14    2  8 6  1 12    1  4 9    4  1 5  6 13  9 10  4 11    4  0 16  2 11  6 17  3 7    2  1 10  0 11    1  7 17    2  4 19  0 7    1  0 10    4  6 9  3 11  2 10  0 16
10    4  2 11  4 8  6 11  8 17    1  0 10    2  1 16  9 18    2  1 10  0 11    4  5 10  7 15  6 5  1 8    4  3 11  7 16  8 15  0 6    1  3 16    4  0 16  2 11  6 17  3 7    4  6 9  3 11  2 10  0 16    2  1 16  2 11
12    1  0 10    4  3 11  7 16  8 15  0 6    4  1 5  6 13  9 10  4 11    5  1 8  0 19  7 13  5 14  9 18    2  4 6  3 11    2  8 6  1 12    1  1 5    4  9 6  7 13  4 5  1 8    1  3 16    2  1 16  2 11    2  1 10  0 11    4  5 10  7 15  6 5  1 8
14    1  7 17    4  3 11  7 16  8 15  0 6    1  2 14    2  8 6  1 12    1  7 14    4  5 10  7 15  6 5  1 8    4  6 9  3 11  2 10  0 16    4  1 5  6 13  9 10  4 11    4  0 8  4 14  9 15  5 12    2  1 10  0 11    1  3 16    4  2 11  4 8  6 11  8 17    2  4 19  0 7    4  9 6  7 13  4 5  1 8
13    5  1 8  0 19  7 13  5 14  9 18    1  8 11    4  6 9  3 11  2 10  0 16    1  7 17    4  9 6  7 13  4 5  1 8    2  4 6  3 11    1  0 10    4  5 10  7 15  6 5  1 8    2  1 10  0 11    2  1 16  9 18    4  0 16  2 11  6 17  3 7    1  2 14    2  4 19  0 7
11    5  1 8  0 19  7 13  5 14  9 18    5  6 9  8 9  3 6  7 14  5 16    2  4 6  3 11    4  9 6  7 13  4 5  1 8    1  2 14    4  2 11  4 8  6 11  8 17    1  8 11    2  1 10  0 11    4  1 5  6 13  9 10  4 11    1  7 14    4  0 8  4 14  9 15  5 12
13    1  2 14    2  1 10  0 11    4  6 9  3 11  2 10  0 16    2  1 16  9 18    2  1 16  2 11    4  3 11  7 16  8 15  0 6    4  0 16  2 11  6 17  3 7    4  1 5  6 13  9 10  4 11    4  9 6  7 13  4 5  1 8    2  4 9  7 8    1  1 5    4  5 10  7 15  6 5  1 8    1  4 9
13    4  0 16  2 11  6 17  3 7    4  1 5  6 13  9 10  4 11    4  5 10  7 15  6 5  1 8    1  2 14    2  4 6  3 11    4  3 11  7 16  8 15  0 6    1  4 9    1  0 10    1  7 17    2  8 6  1 12    5  1 8  0 19  7 13  5 14  9 18    2  1 16  2 11    2  1 16  9 18

0 6 3 5 1 5 3 1 2 4 1 2 1 5 4 1 4 4 5 5
6 0 3 3 2 3 4 6 3 2 4 3 1 4 1 4 3 6 3 6
1 5 0 1 3 4 5 3 6 1 2 4 1 1 5 6 5 3 1 3
4 1 4 0 1 3 2 3 3 1 2 2 6 4 3 3 6 5 2 5
2 6 1 3 0 2 1 3 4 2 3 2 6 6 3 3 1 3 3 5
2 4 6 1 4 0 2 2 6 6 4 3 5 5 3 6 2 3 6 6
4 3 4 3 6 1 0 1 6 5 3 3 5 6 3 3 4 1 2 4
2 6 1 5 3 5 5 0 3 1 4 6 2 6 3 5 2 5 1 6
2 2 6 4 5 4 6 4 0 3 4 5 4 3 4 3 1 5 5 3
5 1 1 2 3 6 6 1 4 0 4 4 6 1 2 3 3 5 6 3
2 5 4 1 5 3 5 2 2 1 0 3 1 1 3 1 5 2 4 4
5 5 3 2 3 5 3 5 6 4 3 0 2 5 3 4 4 5 1 4
2 2 1 4 6 6 6 6 4 3 1 2 0 4 1 4 2 5 4 2
5 6 3 5 2 5 1 1 6 2 3 6 5 0 2 4 4 3 4 4
1 1 3 1 6 1 4 2 3 2 2 4 4 2 0 3 3 2 1 2
3 5 4 4 1 2 6 4 5 1 5 5 4 1 5 0 4 1 6 2
3 1 6 2 5 3 2 6 1 6 4 1 4 1 5 4 0 4 6 2
5 4 1 2 3 3 5 5 3 4 4 5 2 5 2 2 2 0 2 1
5 2 5 6 3 4 2 2 6 6 4 5 6 2 1 1 2 5 0 6
4 2 2 4 4 6 2 2 2 5 6 4 6 6 6 1 1 1 4 0

0 2 1 6 1 6 3 3 2 2 5 3 1 6 1 4 4 5 1 5
5 0 2 2 4 5 3 1 2 2 4 1 6 3 3 1 3 3 2 3
2 4 0 6 6 6 1 1 3 2 5 2 1 3 5 4 4 6 4 5
3 3 3 0 5 2 6 3 1 1 1 6 3 3 3 4 5 2 4 4
2 6 2 4 0 1 1 3 1 6 4 2 4 3 4 3 2 4 6 3
6 6 5 1 2 0 6 1 1 6 3 1 4 6 5 2 1 5 4 1
6 4 5 2 1 3 0 2 1 6 3 3 6 3 2 6 3 3 6 3
3 5 2 3 2 4 6 0 1 5 1 3 5 6 6 2 5 4 4 1
1 3 5 4 4 1 3 1 0 4 4 1 5 3 6 3 4 3 6 6
1 5 4 5 2 5 5 5 1 0 2 4 3 3 6 2 5 1 4 4
6 5 3 4 3 6 3 4 4 2 0 2 5 6 4 4 5 3 5 6
1 1 5 1 4 3 4 2 4 3 5 0 2 5 1 5 6 2 2 5
3 1 1 4 6 6 4 6 2 2 6 2 0 1 2 4 5 3 3 3
1 2 2 1 5 3 4 1 2 1 1 1 3 0 4 5 4 6 3 2
4 2 6 3 5 6 5 3 4 6 6 1 4 1 0 2 1 2 2 5
5 5 1 6 2 4 5 5 3 3 2 5 2 3 2 0 5 2 3 4
1 3 4 1 5 2 5 4 5 1 4 2 1 4 5 1 0 1 3 2
6 6 3 2 1 5 3 5 5 5 1 4 3 2 3 5 4 0 4 5
5 1 3 1 5 1 5 3 3 1 5 5 6 3 3 5 6 2 0 5
5 3 4 6 2 6 6 4 5 2 6 6 2 6 2 4 3 5 6 0

0 1 3 6 2 6 5 1 2 5 3 1 1 3 2 1 3 1 6 2
2 0 6 4 4 5 6 2 5 5 2 2 6 5 2 2 4 4 4 1
4 6 0 1 5 4 3 1 5 4 4 1 3 3 6 6 1 3 2 2
2 5 6 0 3 2 6 5 1 3 4 1 4 6 2 2 6 3 3 6
3 4 4 2 0 4 6 1 5 6 3 5 2 5 3 6 2 2 2 3
1 1 5 1 4 0 1 3 1 5 4 1 3 1 1 5 2 4 6 4
1 6 4 1 6 4 0 1 3 2 6 6 1 2 5 2 6 2 6 3
5 6 6 5 3 3 6 0 3 3 2 5 4 3 5 5 3 5 4 1
1 6 5 5 6 3 2 5 0 6 1 4 5 2 1 5 3 5 1 4
4 2 5 5 5 1 2 6 6 0 5 3 1 6 1 1 1 5 3 1
2 1 2 2 1 5 3 4 3 6 0 3 4 2 4 6 5 5 5 1
3 6 2 6 3 4 4 4 4 2 1 0 2 6 2 1 2 1 3 5
2 5 6 6 3 3 6 2 5 3 1 5 0 6 5 3 2 5 6 5
1 2 5 5 1 5 3 4 4 4 2 6 2 0 4 2 1 1 1 2
1 1 4 2 4 6 2 2 4 2 4 6 4 5 0 5 4 1 2 2
6 2 1 1 6 3 3 5 2 5 6 3 1 4 3 0 2 3 2 4
6 1 3 2 1 1 1 6 6 3 6 1 4 4 1 5 0 6 6 2
6 4 3 4 2 2 5 4 4 6 1 5 4 4 1 4 3 0 4 1
5 6 5 2 5 5 5 1 2 3 3 4 3 3 3 3 5 2 0 5
3 5 4 1 4 3 5 5 3 6 3 4 6 5 2 6 5 4 6 0

0 5 3 5 5 5 2 3 2 5 2 1 6 4 4 5 5 5 2 1
4 0 5 4 5 3 6 4 2 3 3 3 5 4 1 2 1 6 6 2
3 3 0 1 4 1 2 1 6 5 5 4 1 6 2 6 1 2 5 6
1 5 1 0 2 3 3 5 2 2 2 1 5 6 1 2 5 4 5 2
1 2 3 2 0 1 1 6 1 4 6 5 5 1 1 4 2 5 2 1
3 4 3 3 4 0 2 1 3 3 5 6 4 6 2 1 1 6 6 6
4 4 6 1 5 3 0 1 1 5 2 2 3 4 6 2 3 1 3 3
6 5 5 5 5 4 2 0 6 2 2 2 3 4 2 3 2 2 4 6
4 5 4 1 5 6 5 3 0 3 4 2 2 1 6 2 4 5 6 5
3 6 1 1 1 4 1 6 2 0 5 6 2 1 5 3 6 6 2 2
4 3 6 2 5 1 6 6 6 4 0 5 1 6 1 3 5 4 4 4
3 1 3 4 6 1 5 5 6 6 6 0 1 1 6 6 5 2 1 3
3 1 3 2 5 1 4 6 1 5 3 5 0 3 2 1 6 6 1 5
1 3 3 4 3 3 1 1 2 6 1 5 6 0 3 2 1 6 4 2
2 6 5 1 1 4 2 5 4 3 6 4 5 6 0 1 2 2 1 4
2 6 1 2 2 5 4 2 3 1 5 3 6 5 1 0 2 6 2 6
2 4 4 4 1 5 3 5 6 2 2 4 6 6 6 3 0 3 5 4
5 4 4 5 3 5 3 3 5 6 6 1 4 3 5 6 3 0 3 1
5 2 6 2 2 5 2 2 5 4 3 1 5 3 3 4 2 6 0 4
3 5 6 6 5 4 2 5 4 5 2 5 2 6 5 6 5 3 4 0

0 3 6 5 3 1 1 1 2 4 1 2 2 2 4 4 2 6 2 6
1 0 2 1 2 2 2 3 1 4 4 5 3 3 3 4 1 4 5 2
1 3 0 4 2 5 1 4 1 1 4 3 5 3 5 3 3 3 6 3
1 4 4 0 6 2 5 5 2 2 4 2 2 6 2 4 3 5 5 2
5 6 2 2 0 5 5 6 1 5 6 1 2 1 3 6 2 3 1 5
3 4 2 5 6 0 4 2 4 4 5 5 6 4 6 1 2 6 1 4
1 4 4 6 4 1 0 6 1 2 2 5 5 4 5 5 1 2 2 6
3 1 3 1 6 6 6 0 3 6 2 1 3 5 3 4 5 4 6 2
1 4 3 2 5 6 1 5 0 1 1 6 4 5 5 4 4 4 4 4
6 4 6 4 5 2 1 3 1 0 1 5 4 2 6 4 1 4 1 5
3 3 3 1 3 2 6 4 6 6 0 1 2 6 3 6 5 3 3 4
5 6 4 6 3 3 1 4 2 1 6 0 6 1 6 6 3 5 4 2
5 4 4 6 3 5 3 6 5 5 1 2 0 4 1 4 1 3 2 5
4 2 2 2 2 3 3 2 2 6 5 3 6 0 3 4 2 4 6 3
1 2 6 6 3 1 2 2 3 6 4 5 3 4 0 4 4 5 2 4
4 4 5 6 2 4 4 6 3 3 6 6 2 1 5 0 6 5 3 3
5 6 5 1 2 4 1 4 2 5 2 2 4 5 2 6 0 4 5 1
5 1 6 1 1 3 2 3 6 2 2 3 6 3 3 6 3 0 3 6
1 4 5 2 4 6 6 6 1 2 1 4 5 4 4 6 5 3 0 3
1 5 1 1 2 2 4 6 2 2 2 3 6 1 2 3 3 5 5 0

0 3 6 2 1 2 2 1 5 5 4 4 5 5 5 6 1 3 5 5
3 0 5 4 5 2 4 6 5 3 6 3 5 2 6 2 2 2 4 6
5 1 0 1 2 6 3 1 3 5 6 3 1 4 5 6 1 6 2 4
2 6 2 0 2 6 6 4 3 5 1 2 4 3 5 1 2 5 1 6
2 2 4 1 0 6 1 2 5 1 2 5 6 3 5 5 5 3 5 5
4 6 4 6 1 0 6 4 6 6 5 4 6 2 3 3 3 2 6 4
1 1 3 1 4 3 0 1 1 5 3 4 4 5 5 1 3 3 6 4
2 5 4 6 5 5 6 0 5 1 6 2 6 1 6 3 6 6 2 3
4 2 6 6 2 1 6 4 0 4 2 6 1 1 1 5 1 5 3 2
6 4 5 4 3 2 4 5 6 0 5 3 6 5 6 6 1 6 6 2
4 4 1 5 6 3 4 6 4 5 0 5 4 5 6 5 1 5 5 6
2 1 4 2 4 1 4 2 6 2 2 0 5 6 6 6 2 1 2 1
3 3 6 3 1 2 5 5 5 6 3 6 0 6 1 2 5 5 5 5
6 2 3 5 2 2 4 1 5 1 5 1 3 0 3 5 6 6 1 5
5 4 3 6 4 2 6 1 2 5 6 5 6 6 0 6 3 1 2 5
4 4 4 3 4 6 5 5 1 2 2 6 1 3 6 0 4 6 5 3
6 4 6 1 4 1 1 5 2 1 5 2 4 6 3 4 0 3 3 4
5 4 3 3 2 2 6 1 4 6 1 4 1 2 4 2 2 0 1 6
1 3 6 6 4 5 3 6 2 2 4 1 1 2 5 1 4 4 0 5
4 5 5 4 2 5 3 3 1 6 3 3 2 3 4 2 1 3 3 0

0 1 3 1 5 1 2 4 5 2 6 3 6 6 1 2 1 3 1 5
3 0 2 2 5 6 4 4 1 6 3 6 5 6 6 4 3 6 3 3
3 2 0 3 4 3 1 6 4 1 1 1 2 3 6 4 3 5 4 1
3 5 2 0 6 4 2 1 2 2 2 2 6 3 3 6 1 6 1 5
6 5 2 5 0 5 4 3 2 2 2 1 1 1 4 6 3 5 6 1
3 5 2 1 2 0 2 6 4 1 2 5 5 5 3 6 3 6 6 1
4 1 5 3 1 5 0 1 6 5 5 4 4 6 1 2 4 4 1 6
1 5 2 3 6 3 1 0 5 6 2 1 1 5 4 4 1 6 4 5
4 1 4 4 2 5 1 6 0 5 1 1 1 4 5 3 6 5 4 2
6 3 5 5 5 5 4 1 1 0 4 3 4 5 4 1 1 5 5 6
4 2 4 1 4 6 4 6 5 6 0 5 2 2 3 3 3 5 5 5
5 2 5 5 5 2 1 5 6 5 6 0 4 6 2 6 6 5 6 3
1 3 1 1 6 1 1 2 5 1 5 3 0 3 4 5 2 2 6 3
3 5 2 6 5 1 4 2 1 2 1 4 3 0 1 5 6 5 3 3
6 3 3 4 4 3 6 3 5 6 6 2 5 6 0 4 5 2 1 6
2 3 6 1 6 5 4 4 3 4 3 4 6 3 2 0 6 6 5 5
6 6 6 1 5 4 2 3 5 6 4 4 3 5 3 3 0 2 5 5
3 3 5 2 3 1 2 4 4 3 2 1 2 6 1 2 3 0 6 4
6 6 3 2 3 3 5 6 4 1 4 1 6 3 2 4 1 3 0 3
3 6 6 4 6 1 4 4 6 6 2 3 4 1 6 3 3 3 6 0

0 2 5 6 5 4 3 1 6 4 5 1 1 6 3 5 6 3 6 5
3 0 3 3 6 4 6 2 4 3 6 5 2 2 6 6 2 1 6 5
3 3 0 6 3 1 4 4 3 1 1 3 2 3 1 2 1 3 5 6
3 5 6 0 5 1 2 3 2 3 4 4 4 2 4 2 2 1 3 4
5 3 4 1 0 4 3 6 4 1 1 4 6 6 1 3 1 6 1 3
1 1 3 3 3 0 4 2 4 2 2 5 1 1 3 6 2 3 2 4
2 2 2 4 6 4 0 1 5 2 4 2 1 5 1 4 2 5 2 5
6 1 5 5 3 6 5 0 1 2 1 1 5 4 3 1 6 2 5 3
5 1 5 2 4 1 4 5 0 2 4 4 6 3 2 5 2 2 4 3
5 2 6 6 3 3 5 5 1 0 3 6 1 5 2 4 6 5 4 2
6 1 2 1 4 5 6 2 1 2 0 3 5 1 4 3 1 3 4 3
4 6 2 5 4 6 4 5 3 6 6 0 3 5 5 3 5 2 6 4
5 1 4 3 4 4 3 2 6 5 6 1 0 4 6 3 3 5 6 2
6 2 4 5 2 1 2 2 3 5 3 5 6 0 6 3 2 4 1 1
3 1 1 6 1 1 6 3 4 3 5 2 3 1 0 1 6 2 6 4
3 2 2 1 1 5 2 5 3 1 6 4 6 4 1 0 4 1 3 5
2 3 4 2 1 6 1 5 4 6 6 5 4 2 4 6 0 1 2 6
1 4 4 5 1 5 5 1 4 2 2 2 1 4 6 5 5 0 2 5
2 1 5 6 3 1 6 4 6 3 5 1 2 1 5 3 5 4 0 4
4 4 4 2 1 3 5 3 5 2 2 6 1 4 1 3 4 1 2 0

0 4 2 1 5 4 5 6 6 2 2 1 2 2 4 4 5 5 1 2
4 0 1 5 6 3 4 1 5 6 4 4 1 1 5 6 1 5 5 6
3 4 0 5 5 6 2 5 3 1 3 3 3 5 3 5 5 6 2 6
6 6 4 0 1 2 4 6 3 5 6 5 2 2 6 4 2 2 5 2
4 6 3 1 0 1 2 5 1 4 4 1 2 6 6 2 1 1 4 5
3 4 4 3 5 0 1 6 3 3 1 6 2 5 2 4 5 5 5 1
5 1 4 1 1 6 0 3 2 1 4 5 1 6 6 2 5 5 1 3
6 5 2 3 3 2 4 0 3 5 2 2 6 3 3 4 3 4 6 4
2 6 2 1 4 4 5 4 0 6 4 3 6 1 5 5 5 5 5 2
6 2 2 3 4 2 6 1 6 0 2 4 1 3 2 2 6 3 6 6
4 5 4 2 2 5 4 3 4 5 0 1 1 4 6 1 5 1 2 4
3 4 2 4 1 6 2 5 6 2 2 0 2 1 4 5 2 2 5 2
5 6 4 6 6 2 3 1 3 1 4 6 0 4 6 6 1 6 2 3
6 2 3 5 2 3 1 1 5 3 1 6 3 0 6 4 6 1 4 4
2 6 3 6 3 4 4 4 2 1 5 4 2 1 0 4 3 5 5 2
6 3 6 6 6 2 3 3 4 4 1 4 4 3 6 0 1 3 6 3
3 2 3 3 3 6 4 2 1 3 6 5 2 1 2 6 0 6 3 5
1 6 5 4 3 6 2 5 1 4 1 3 6 5 6 5 2 0 1 2
2 3 4 5 1 6 6 1 3 5 6 5 2 5 5 3 4 5 0 1
5 3 5 1 4 4 4 3 6 4 5 2 6 5 4 1 2 2 6 0

0 1 6 4 2 3 4 3 2 5 2 6 1 3 2 2 5 6 5 3
6 0 5 2 5 6 4 6 2 2 2 4 3 5 3 5 3 5 6 2
6 1 0 3 1 3 4 1 2 2 3 4 1 2 6 3 4 3 4 1
3 3 6 0 6 2 2 5 2 4 3 3 6 4 1 4 4 5 3 5
6 2 4 3 0 3 5 4 1 3 1 5 4 2 5 4 3 3 5 5
1 4 1 6 1 0 4 5 2 2 2 2 6 5 2 6 2 3 6 3
6 2 1 6 4 4 0 2 1 5 1 2 4 6 3 3 2 4 5 4
5 3 5 1 5 3 2 0 5 2 4 3 2 1 5 3 2 6 5 6
5 6 1 6 6 1 4 4 0 1 6 4 3 5 6 5 1 5 6 2
3 1 6 6 3 6 1 2 2 0 6 3 3 2 2 3 1 5 4 6
5 6 5 3 3 2 1 5 6 6 0 5 5 4 6 6 6 2 2 2
5 1 2 1 6 3 1 1 2 1 1 0 1 5 5 4 3 3 5 6
2 6 1 6 1 3 3 5 1 2 3 2 0 6 2 5 6 1 6 1
3 4 6 6 5 3 2 6 5 6 5 2 1 0 2 1 1 1 2 2
2 2 2 1 6 5 3 5 1 3 4 4 3 4 0 3 3 4 2 6
6 6 6 3 5 6 6 5 5 2 2 4 4 1 4 0 2 2 4 5
6 6 1 2 1 2 1 3 1 2 5 5 6 3 5 1 0 5 3 1
6 2 2 5 6 5 1 3 4 4 3 6 2 3 3 4 4 0 5 3
2 5 3 5 1 4 4 3 4 4 6 4 6 5 2 2 4 6 0 3
4 2 3 5 5 6 6 2 4 3 3 1 1 6 5 5 5 2 1 0
