20 5 3
5    1  0 6    1  2 40    2  1 81  2 81    2  3 37  0 37    1  4 19
5    2  2 40  0 40    1  3 32    3  0 55  4 55  1 55    3  4 81  3 81  0 81    3  1 9  2 9  4 9
5    2  1 46  4 46    2  4 65  1 65    2  2 70  0 70    3  3 55  0 55  2 55    2  0 77  1 77
5    1  2 21    3  4 65  3 65  0 65    2  0 64  3 64    3  3 25  4 25  2 25    3  1 15  3 15  4 15
5    1  2 85    2  0 40  1 40    1  1 44    3  3 24  2 24  1 24    1  4 37
5    2  0 89  4 89    3  4 29  1 29  3 29    3  1 83  4 83  0 83    3  3 31  1 31  2 31    2  2 84  4 84
5    3  4 59  1 59  3 59    3  3 38  4 38  2 38    1  1 80    1  2 30    2  0 8  3 8
5    2  0 80  2 80    3  2 56  1 56  0 56    2  1 77  3 77    2  4 41  0 41    1  3 97
5    1  4 56    2  0 91  1 91    2  3 50  4 50    3  2 71  0 71  1 71    2  1 17  4 17
5    3  1 40  0 40  3 40    2  0 88  2 88    2  4 59  1 59    1  2 7    1  3 80
5    1  0 45    2  1 29  4 29    1  2 8    2  4 77  0 77    3  3 58  1 58  4 58
5    1  2 36    2  0 54  2 54    3  3 96  2 96  0 96    2  1 9  2 9    2  4 10  3 10
5    2  0 28  3 28    3  2 73  1 73  3 73    2  1 98  0 98    1  3 92    1  4 87
5    3  0 70  2 70  4 70    2  3 86  0 86    1  2 27    2  1 99  2 99    3  4 96  2 96  0 96
5    2  1 95  4 95    1  0 59    1  4 56    1  3 85    3  2 41  1 41  4 41
5    3  1 81  4 81  2 81    3  2 92  1 92  3 92    1  4 32    3  0 52  3 52  4 52    1  3 39
5    2  1 7  0 7    3  4 22  0 22  3 22    2  2 12  3 12    3  0 88  2 88  1 88    1  3 60
5    1  3 45    3  0 93  2 93  4 93    1  2 69    3  4 49  0 49  1 49    1  1 27
5    3  0 21  2 21  4 21    1  1 84    1  2 61    3  3 68  1 68  4 68    1  4 26
5    3  1 82  2 82  0 82    3  2 33  0 33  1 33    1  4 71    1  0 99    1  3 44

0 18 23 15 25 11 5 25 18 28 22 5 2 13 26 23 15 24 3 27
23 0 20 18 12 10 9 20 21 12 18 24 28 12 14 7 18 9 17 2
1 21 0 28 20 20 8 13 16 21 28 24 9 18 10 26 9 21 6 27
23 24 3 0 13 27 8 18 17 20 5 5 9 15 8 3 1 19 10 23
1 7 8 7 0 27 26 2 13 27 20 22 1 10 3 9 6 1 15 9
8 28 11 21 21 0 12 13 12 8 2 18 22 5 20 8 25 20 11 10
14 1 2 21 18 4 0 19 13 27 11 4 14 26 10 13 5 20 28 25
7 28 8 5 23 22 2 0 26 2 2 18 18 10 28 22 24 9 7 22
22 15 7 19 5 15 11 21 0 28 14 25 3 27 27 20 3 24 24 9
9 21 6 10 25 11 15 10 14 0 4 3 13 24 8 21 6 5 25 15
17 6 25 17 26 18 12 11 26 20 0 20 10 25 9 25 21 12 6 11
23 7 2 10 15 22 4 23 6 22 1 0 10 7 7 9 9 5 5 11
4 7 26 27 10 24 15 6 2 3 8 26 0 25 23 1 24 17 8 19
10 2 1 24 22 14 1 16 24 13 3 17 9 0 22 15 10 2 25 8
18 16 24 14 2 4 8 10 3 8 28 21 4 10 0 6 2 9 18 28
27 11 27 20 8 7 20 22 9 14 2 4 22 17 16 0 8 16 10 2
14 27 9 12 28 22 9 1 10 20 19 14 20 4 16 2 0 23 2 20
2 18 5 26 3 1 4 25 24 7 11 20 6 21 21 19 20 0 10 25
28 1 13 12 16 16 19 23 17 15 7 13 27 10 4 17 10 26 0 7
1 21 6 25 12 5 19 11 1 14 21 1 17 13 21 19 11 11 20 0

0 17 21 25 25 2 24 20 10 21 9 8 26 12 11 1 3 25 19 6
19 0 6 25 9 26 14 27 22 16 20 22 3 26 4 17 26 8 5 8
1 2 0 23 13 12 28 10 28 28 28 27 12 20 10 16 23 13 9 20
17 13 23 0 18 5 25 8 3 28 20 19 10 2 4 8 11 1 8 2
16 16 16 16 0 9 19 22 7 3 20 20 8 16 12 8 24 4 24 19
7 1 7 27 18 0 11 26 7 28 28 17 24 23 14 25 7 23 10 22
8 18 7 2 9 14 0 19 6 27 10 23 7 1 5 6 7 4 16 2
22 6 21 5 11 25 14 0 18 19 14 12 5 15 21 11 18 25 13 10
11 23 15 25 1 18 14 26 0 1 9 22 24 19 25 23 5 14 13 5
2 8 11 10 23 21 25 6 6 0 22 5 4 6 26 10 15 20 1 8
13 19 7 9 27 12 11 8 19 8 0 24 26 15 28 6 21 26 12 27
20 27 1 9 14 26 19 19 21 17 7 0 21 6 8 21 17 5 26 6
5 22 12 20 17 13 1 17 25 10 1 6 0 11 9 20 8 19 6 26
16 27 8 8 21 22 15 24 2 7 25 15 23 0 7 26 16 25 28 21
10 14 6 19 17 1 27 4 24 28 14 10 5 18 0 23 18 18 23 11
18 1 12 28 1 5 7 11 14 21 25 16 1 17 21 0 3 9 13 22
17 12 25 6 21 23 27 26 20 27 9 10 6 5 14 11 0 12 22 25
2 25 3 16 17 17 2 5 26 16 24 17 25 7 12 15 18 0 28 4
17 22 22 1 3 19 13 17 12 21 13 24 19 15 22 2 3 21 0 23
19 5 12 13 23 26 18 23 2 13 20 5 14 3 9 1 19 12 3 0

0 22 16 11 17 17 1 26 11 16 26 1 2 14 5 11 26 16 4 15
6 0 26 24 15 25 6 17 13 5 25 26 4 28 22 20 16 19 16 14
4 21 0 3 25 26 14 16 17 2 15 13 6 18 3 18 1 22 19 20
8 24 2 0 9 28 3 7 16 17 15 26 16 18 19 19 19 13 26 16
11 9 18 5 0 11 20 8 8 28 5 2 24 21 23 28 20 26 22 14
20 4 17 18 21 0 10 9 14 17 5 26 3 10 8 9 6 22 19 26
25 23 15 3 8 8 0 7 9 22 16 25 12 27 27 27 23 24 26 17
28 1 8 12 23 3 13 0 10 2 2 7 9 3 13 28 23 10 12 17
20 17 17 6 1 26 22 18 0 8 12 18 1 5 22 1 22 1 17 28
21 24 22 10 17 1 13 26 7 0 15 28 21 18 13 6 20 9 15 21
5 16 7 23 16 16 16 22 3 1 0 3 25 6 23 2 27 22 2 22
27 27 15 1 17 28 17 11 18 21 16 0 1 23 26 27 14 18 23 6
24 6 11 17 3 16 7 6 28 20 8 10 0 20 24 27 14 13 6 16
28 1 16 21 6 12 26 22 15 4 16 9 15 0 24 9 27 16 14 15
19 1 6 6 22 26 18 13 16 21 12 4 7 14 0 23 4 13 10 10
16 11 26 25 1 13 18 11 13 20 1 9 13 8 25 0 27 7 9 21
24 8 2 21 28 17 21 14 18 16 22 6 22 28 22 13 0 13 6 27
22 9 25 23 14 20 15 6 7 14 4 8 26 19 25 24 22 0 2 1
24 26 26 6 23 16 12 25 13 10 20 6 27 22 2 8 6 14 0 22
15 21 2 6 21 22 19 1 18 11 9 22 2 28 2 3 7 10 23 0

0 21 20 2 22 9 1 24 11 5 4 21 26 21 18 26 18 13 17 1
3 0 18 12 3 23 11 15 13 27 23 22 2 6 21 4 23 14 7 20
15 27 0 17 21 24 7 13 18 18 18 13 1 26 11 13 17 2 27 9
10 23 21 0 19 23 7 2 5 8 20 21 25 20 10 23 9 6 16 5
3 11 23 21 0 28 23 23 7 28 5 14 13 1 23 5 13 23 8 17
10 22 4 11 11 0 26 22 16 25 15 4 19 7 2 21 2 2 24 28
19 16 23 6 8 22 0 4 17 2 15 24 1 24 1 25 14 16 10 7
1 12 22 18 20 21 5 0 22 3 23 2 15 1 26 17 20 8 6 17
9 8 14 1 7 4 1 27 0 23 5 1 4 26 22 7 14 19 6 15
14 11 20 26 23 5 24 4 23 0 8 20 8 13 2 7 9 6 6 19
3 17 17 28 3 14 24 4 7 11 0 12 6 28 2 7 17 25 20 9
20 22 19 21 18 7 15 21 28 10 10 0 14 20 10 2 2 11 5 24
5 28 10 13 12 19 17 22 17 5 20 20 0 24 18 14 9 26 24 17
5 18 2 2 27 4 20 25 14 25 25 10 17 0 10 16 15 19 2 3
5 25 28 5 8 28 21 8 5 14 25 18 8 27 0 22 25 12 21 1
25 10 25 6 6 19 11 12 22 5 25 23 6 22 24 0 10 1 16 15
19 9 14 6 3 25 9 13 16 17 12 22 27 28 6 14 0 15 21 14
3 14 1 3 19 3 26 19 5 9 13 17 25 15 28 27 19 0 18 27
13 5 5 7 28 12 21 28 17 2 18 4 18 17 28 3 13 17 0 5
11 11 24 11 14 14 25 25 27 14 1 2 14 12 1 12 21 15 5 0

0 26 3 24 10 18 5 21 28 16 27 21 25 2 26 16 27 24 25 17
26 0 2 12 5 4 3 18 1 26 2 3 6 23 13 18 13 3 3 23
7 19 0 4 13 28 10 10 16 5 19 27 2 16 14 19 14 5 4 12
3 13 9 0 4 26 9 15 9 12 8 26 4 10 28 9 1 10 22 16
15 26 15 1 0 11 25 5 12 7 22 12 1 17 7 7 14 21 26 23
5 21 9 16 23 0 10 8 17 14 12 12 19 12 4 27 1 24 24 26
2 23 7 10 10 15 0 7 23 20 12 1 13 19 17 9 4 16 22 24
23 13 5 9 5 4 2 0 21 10 22 14 24 8 23 12 27 21 28 13
14 18 1 3 26 16 6 13 0 10 9 21 19 12 15 20 19 16 20 8
21 23 25 24 11 13 5 27 9 0 22 10 22 23 8 8 26 26 10 17
10 21 19 3 17 7 13 17 8 11 0 5 13 6 26 6 22 18 15 8
28 20 20 2 28 1 3 22 24 1 18 0 12 22 5 7 10 1 8 12
1 17 7 5 11 27 13 1 28 26 13 27 0 11 12 26 13 6 5 13
25 14 24 10 19 11 1 5 19 4 19 14 10 0 27 17 28 24 24 13
27 13 16 12 20 4 2 28 27 5 5 23 1 16 0 14 11 4 15 15
11 16 23 4 19 4 23 15 6 19 26 24 12 21 5 0 22 14 17 8
1 12 6 14 5 13 13 21 20 13 8 16 14 14 1 5 0 6 23 19
9 2 27 2 2 15 9 20 10 20 1 22 10 27 19 4 16 0 24 25
5 15 13 12 27 21 27 5 6 17 21 16 6 22 20 4 14 24 0 19
6 28 14 3 15 23 26 28 12 4 2 11 2 1 6 26 10 27 10 0
