10 10 2
10    1  6 9    1  1 81    1  4 55    1  2 40    2  8 32  7 32    1  3 37    1  0 6    1  5 19    1  9 81    1  7 40
10    1  7 21    1  2 70    2  9 65  5 65    1  4 64    1  1 46    1  5 65    2  8 25  5 25    1  0 77    1  3 55    1  6 15
10    1  2 85    2  5 37  9 37    1  0 40    1  3 24    1  1 44    1  6 83    1  4 89    1  8 31    2  7 84  3 84    1  9 29
10    1  4 80    2  6 77  2 77    1  7 56    1  0 8    1  2 30    1  5 59    1  3 38    1  1 80    1  9 41    1  8 97
10    1  0 91    1  6 40    2  4 88  0 88    1  1 17    1  2 71    2  3 50  2 50    1  9 59    1  8 80    2  5 56  8 56    1  7 7
10    2  2 8  7 8    1  6 9    1  3 58    1  5 77    1  1 29    1  8 96    1  0 45    1  9 10    1  4 54    1  7 36
10    1  4 70    1  3 92    1  1 98    1  5 87    1  6 99    1  7 27    1  8 86    1  9 96    1  0 28    1  2 73
10    1  1 95    2  7 92  2 92    1  3 85    1  4 52    1  6 81    1  9 32    1  8 39    1  0 59    1  2 41    1  5 56
10    1  3 60    2  8 45  4 45    1  0 88    1  2 12    1  1 7    1  5 22    1  4 93    1  9 49    1  7 69    1  6 27
10    1  0 21    1  2 61    2  3 68  4 68    1  5 26    1  6 82    1  9 71    1  8 44    1  4 99    1  7 33    1  1 84

0 2 24 8 12 6 2 12 12 24
2 0 24 22 3 23 10 22 6 2
1 13 0 26 26 26 5 6 11 11
1 11 10 0 26 16 2 27 19 10
24 22 23 25 0 19 15 14 20 21
11 3 2 27 20 0 23 21 20 4
18 13 19 18 6 15 0 18 7 8
10 27 4 27 10 20 6 0 27 1
25 7 24 10 20 12 13 16 0 10
21 23 10 22 3 17 1 17 14 0

0 13 27 23 3 25 15 20 23 2
24 0 15 22 3 24 20 18 2 9
18 22 0 13 8 2 23 27 11 26
18 15 9 0 4 6 19 6 19 21
24 19 27 18 0 23 25 19 21 10
20 7 27 15 10 0 13 17 7 9
6 15 16 11 15 3 0 23 7 23
17 14 11 11 13 10 21 0 1 8
18 10 23 18 18 27 2 3 0 25
9 21 7 8 4 7 19 16 21 0

0 5 20 1 18 20 20 15 1 7
21 0 19 24 7 8 10 25 6 10
6 14 0 24 18 24 20 19 7 17
14 10 22 0 19 24 8 26 5 18
27 16 19 16 0 5 13 11 11 6
27 10 26 26 7 0 22 3 13 3
15 5 5 10 21 25 0 15 18 27
3 15 24 26 5 5 18 0 21 7
19 23 5 22 7 1 6 6 0 16
1 27 3 16 21 19 3 25 8 0

0 20 10 25 23 15 10 2 15 4
6 0 13 21 5 4 22 1 17 14
27 17 0 26 8 19 22 15 21 22
9 2 10 0 13 12 25 3 15 18
3 21 5 2 0 26 20 25 14 25
20 6 12 9 7 0 21 11 21 1
4 15 3 17 21 20 0 2 3 2
18 8 11 6 21 19 18 0 15 13
17 16 11 4 5 11 18 23 0 2
3 20 16 23 27 16 9 4 2 0

0 7 10 24 3 1 3 25 20 27
7 0 8 11 5 27 5 10 7 11
4 2 0 21 7 9 21 15 18 25
26 26 15 0 27 27 6 22 17 14
5 23 27 5 0 4 3 20 9 21
18 27 6 3 26 0 26 11 13 26
7 25 21 7 5 11 0 1 24 24
8 7 11 2 27 10 26 0 19 18
2 25 27 20 21 13 2 1 0 16
27 8 6 13 17 6 3 25 8 0

0 6 14 6 6 4 2 18 4 10
26 0 6 20 9 25 25 13 15 1
27 7 0 13 4 19 21 27 10 6
17 16 1 0 15 8 19 26 18 5
10 13 2 6 0 24 11 9 12 3
7 6 18 27 21 0 23 15 26 21
19 9 20 2 17 17 0 8 11 25
24 14 21 22 24 1 11 0 17 13
21 18 24 8 6 23 24 21 0 22
11 10 15 10 13 8 4 16 18 0

0 20 9 7 25 5 26 10 12 17
8 0 4 24 27 23 2 24 2 26
17 6 0 18 26 20 10 20 16 26
13 16 12 0 17 5 5 23 24 25
27 2 12 15 0 17 11 10 8 27
21 27 15 9 7 0 4 10 26 7
7 14 1 10 3 4 0 22 3 4
27 5 17 1 5 4 1 0 11 9
27 16 8 17 15 3 6 15 0 25
19 9 20 12 25 3 24 11 5 0

0 11 9 4 21 7 22 24 12 16
8 0 16 19 24 12 23 10 4 16
20 13 0 26 10 3 16 1 23 23
19 8 13 0 2 12 14 12 5 24
6 19 1 27 0 10 9 22 3 25
13 19 21 15 23 0 2 19 3 13
16 23 7 4 4 20 0 13 7 16
7 20 3 27 22 11 12 0 24 26
5 11 13 9 22 26 4 25 0 22
4 25 16 4 12 6 14 26 4 0

0 17 17 4 19 11 11 13 14 20
5 0 20 12 3 11 21 27 1 18
3 9 0 12 9 2 12 19 3 19
13 1 20 0 9 7 16 3 2 26
7 6 4 4 0 1 26 21 1 20
3 26 6 2 2 0 4 10 16 25
16 2 26 27 5 15 0 25 17 22
2 22 18 15 2 18 13 0 14 17
11 16 16 27 11 12 17 1 0 9
2 5 18 8 18 5 5 8 27 0

0 12 10 16 7 3 9 11 14 13
4 0 18 8 11 7 21 20 4 10
6 14 0 14 3 20 12 26 23 27
7 15 27 0 17 27 5 22 22 27
19 21 7 27 0 2 25 1 14 19
25 22 11 13 14 0 11 17 5 20
3 1 18 8 5 6 0 19 17 14
4 2 6 18 24 4 23 0 23 10
27 5 21 15 14 15 4 12 0 10
24 2 22 26 18 10 23 21 26 0
