15 8 4
15    1  3 27    1  7 60    1  0 36    1  3 80    1  6 26    2  0 68  2 65    1  7 30    3  3 16  4 16  5 16    1  7 56    1  5 90    1  0 42    1  4 90    3  1 67  4 68  5 67    1  3 46    1  0 89
20    1  5 68    1  5 34    1  2 92    3  2 16  6 17  7 18    1  2 24    1  0 91    1  6 24    1  7 73    1  4 37    1  6 67    1  3 49    3  2 55  5 55  6 55    1  2 39    1  1 50    1  0 69    1  5 70    1  6 77    1  5 85    1  6 41    1  2 89
23    1  0 74    2  0 24  3 27    3  3 85  4 85  5 85    1  4 71    1  4 47    2  2 60  4 56    1  5 56    4  0 38  3 37  4 36  7 37    1  5 95    1  7 36    1  4 58    1  1 69    1  2 61    1  3 56    1  4 35    1  1 25    2  1 41  5 35    1  6 75    3  1 76  3 78  6 76    2  1 69  3 69    1  0 67    1  6 41    1  2 56
18    1  6 62    1  5 66    1  6 93    1  4 33    1  3 62    1  1 22    1  1 58    1  5 36    1  5 94    2  3 31  6 35    1  4 77    1  0 38    1  0 62    2  0 91  3 90    1  4 66    1  5 87    1  1 47    1  6 34
21    1  4 54    2  4 88  7 91    3  1 41  4 43  6 41    1  4 81    1  4 41    1  7 95    1  4 62    1  5 90    2  0 51  1 47    1  6 36    1  7 59    1  4 96    1  4 67    1  5 59    3  3 93  4 93  7 88    1  6 48    1  5 95    1  3 64    2  1 80  2 80    1  6 68    1  4 21
15    1  3 30    1  3 30    2  4 24  6 20    1  0 98    2  1 86  7 89    2  3 65  7 64    2  4 20  5 20    1  3 83    1  1 41    1  7 71    1  2 43    1  2 90    1  5 24    1  6 36    1  5 84
17    1  4 72    1  2 86    1  1 54    1  5 36    1  5 51    1  3 60    1  3 55    1  4 93    1  2 66    1  0 76    1  5 15    1  4 35    2  6 54  7 55    1  3 50    1  4 19    1  3 55    2  4 86  5 80
25    1  4 52    1  6 71    1  7 33    1  3 53    1  0 53    1  4 38    1  3 71    1  3 38    1  7 69    1  7 65    1  3 44    1  7 17    1  4 33    1  2 43    1  7 90    1  0 61    1  4 37    1  0 67    1  1 29    1  6 29    1  6 64    1  2 59    3  0 64  2 63  6 63    3  5 38  6 38  7 38    3  0 47  1 42  4 45
23    1  3 76    1  0 43    1  4 79    1  1 56    1  7 75    1  5 37    1  7 78    1  6 46    2  4 75  6 76    1  7 44    1  3 22    2  0 64  7 58    1  6 91    1  0 21    2  5 33  7 40    1  2 90    1  6 83    1  5 49    1  3 80    1  5 43    2  0 61  5 58    1  6 60    1  0 29
19    1  3 60    1  2 52    3  3 88  5 88  6 87    2  4 34  5 34    1  4 82    3  2 42  5 42  6 44    1  6 40    1  3 43    1  0 81    1  0 68    2  2 64  5 60    1  4 77    1  1 27    1  2 51    1  5 21    1  1 40    2  3 28  6 25    1  5 76    1  2 94
19    1  7 65    1  5 89    1  3 53    1  3 78    2  1 60  7 65    1  5 58    2  1 90  5 87    1  3 47    1  3 79    1  7 69    1  6 44    1  0 94    1  5 86    1  4 38    1  6 69    1  2 18    1  3 56    1  5 19    1  2 56
21    1  3 25    1  7 85    1  2 20    1  0 85    1  0 55    1  3 50    1  3 62    2  6 20  7 20    1  5 68    2  2 68  5 69    3  3 43  4 45  6 46    1  5 47    1  1 37    2  0 16  5 13    1  1 80    1  0 12    1  3 90    1  7 26    1  7 81    1  5 43    4  0 45  4 42  6 43  7 43
16    1  0 41    1  1 51    1  0 57    1  1 59    1  0 30    1  5 90    2  1 89  3 92    3  0 39  2 46  4 41    1  3 59    1  2 78    1  3 92    1  0 84    1  2 90    1  0 55    1  6 17    1  2 91
16    1  3 65    3  0 74  4 71  5 71    1  6 90    1  7 44    1  3 52    1  1 60    1  7 30    1  5 88    1  0 21    2  0 17  5 18    1  5 68    1  4 59    1  2 45    1  1 64    1  3 74    1  4 53
25    1  3 28    1  6 50    1  4 71    1  1 24    1  5 36    1  2 15    1  1 45    1  6 22    1  4 75    2  1 34  5 40    2  0 89  2 88    1  7 19    1  1 54    1  1 46    2  5 79  7 77    1  1 76    1  2 70    1  6 88    1  4 35    1  0 54    1  5 25    1  2 48    1  1 34    1  2 45    1  6 32

0 20 13 4 19 23 21 4 25 10 11 3 18 10 13
27 0 16 25 21 18 17 24 11 9 13 16 18 26 26
20 1 0 20 3 3 24 11 8 19 16 21 7 25 2
23 5 19 0 27 18 8 20 13 11 8 12 26 14 6
28 11 5 4 0 13 28 23 28 9 28 27 4 18 22
11 17 7 7 13 0 8 22 23 15 2 11 21 17 1
5 11 9 5 12 27 0 5 13 14 20 3 17 9 25
20 17 22 14 2 20 11 0 12 10 21 18 3 25 15
20 25 8 21 21 15 5 20 0 6 16 12 6 17 25
26 18 16 8 10 5 7 22 4 0 21 11 12 28 4
9 11 3 7 19 7 1 1 25 13 0 5 2 11 18
4 28 13 13 12 4 20 16 1 15 23 0 8 19 14
3 28 25 20 11 16 12 4 3 10 18 24 0 27 9
24 17 6 9 5 24 7 8 15 2 9 12 21 0 18
3 28 27 7 18 11 22 27 11 20 5 15 2 6 0

0 14 20 9 9 14 1 20 14 17 20 20 11 1 22
18 0 14 21 18 2 7 28 2 25 8 2 14 18 2
17 24 0 22 25 28 24 26 7 27 22 11 5 18 20
10 13 14 0 2 19 2 10 23 10 19 8 12 2 3
20 22 27 26 0 6 21 7 2 26 19 25 1 2 4
6 6 27 20 23 0 25 11 26 11 11 17 8 27 18
26 27 15 17 15 10 0 9 5 9 13 1 2 10 22
6 15 3 13 7 9 21 0 2 26 18 8 12 2 4
19 23 8 28 28 11 25 17 0 18 8 3 24 28 3
14 19 15 4 20 3 17 1 21 0 15 16 5 15 17
8 21 22 13 28 28 24 6 24 5 0 15 15 17 25
12 22 11 24 3 3 9 28 18 2 18 0 10 10 12
22 13 2 14 5 21 17 8 10 13 19 11 0 21 26
3 19 2 24 1 5 15 9 17 23 20 6 13 0 20
26 11 6 13 26 6 24 4 21 26 24 23 17 3 0

0 5 24 13 7 1 2 13 15 19 6 12 14 3 4
4 0 14 11 2 12 5 11 19 17 15 17 4 10 13
11 14 0 23 6 8 17 15 8 8 9 5 9 19 28
11 26 1 0 10 4 9 11 8 8 3 7 9 5 3
23 22 3 11 0 14 21 10 11 24 28 4 28 17 12
21 6 13 28 18 0 16 28 19 16 23 4 21 21 2
18 14 24 17 8 13 0 27 13 22 4 26 27 25 18
18 13 22 2 15 1 4 0 27 13 22 1 24 11 9
28 23 15 19 26 16 17 16 0 5 6 21 6 8 6
22 4 20 14 6 21 26 8 21 0 12 11 19 18 8
26 27 28 14 8 7 22 19 13 14 0 6 5 3 28
18 17 2 13 26 5 2 14 27 26 11 0 3 16 5
3 4 23 14 8 12 6 23 6 3 10 21 0 13 28
28 18 21 14 19 20 17 6 13 22 11 17 15 0 5
21 26 17 24 22 3 24 11 24 17 2 8 14 4 0

0 27 6 28 27 21 15 1 6 13 16 16 25 13 18
26 0 14 8 23 26 18 3 20 12 13 19 9 20 16
2 8 0 3 4 26 23 7 22 15 13 9 11 5 24
14 2 13 0 19 5 19 28 15 3 13 6 17 28 20
18 14 26 7 0 22 25 8 13 8 1 2 23 27 4
18 14 28 11 3 0 23 18 13 13 11 23 21 11 24
18 18 10 18 6 18 0 7 17 2 3 9 11 15 28
28 23 10 12 11 26 26 0 25 16 5 17 2 21 4
3 12 12 22 17 1 27 8 0 12 19 20 22 25 19
6 7 27 16 11 14 16 27 8 0 21 24 27 2 13
13 27 4 9 28 18 11 9 3 11 0 9 21 4 11
28 1 5 5 7 28 24 14 13 17 6 0 26 13 11
7 22 2 2 3 11 5 21 6 24 7 13 0 3 23
19 19 9 18 1 7 12 28 13 1 12 18 25 0 14
3 16 20 22 16 23 9 25 24 5 24 14 18 2 0

0 19 2 19 19 28 25 14 5 8 28 27 1 10 15
6 0 23 21 11 21 5 24 24 1 16 18 8 10 19
12 27 0 3 2 28 12 4 13 11 11 10 5 6 25
22 8 2 0 20 15 19 14 21 19 7 11 28 22 22
7 23 17 7 0 1 1 19 7 20 28 1 22 27 17
3 26 4 17 5 0 2 11 3 26 26 18 4 8 9
25 18 26 26 8 7 0 10 14 5 4 21 28 6 2
15 20 3 14 4 1 11 0 20 13 7 5 12 27 2
6 5 24 15 1 4 6 4 0 4 9 14 26 27 26
27 23 28 3 1 3 18 4 3 0 26 4 4 19 8
16 25 16 3 22 13 16 26 21 23 0 8 18 16 14
26 5 11 1 25 26 13 19 6 24 15 0 7 7 14
14 12 1 25 27 12 24 5 11 2 1 21 0 17 7
26 24 27 17 23 7 20 22 11 18 18 27 5 0 20
4 20 19 19 12 25 16 9 8 6 16 9 18 9 0

0 7 3 11 1 13 14 11 10 3 15 18 11 17 12
2 0 18 10 15 4 4 9 28 28 8 27 2 12 7
3 6 0 26 26 20 17 28 15 3 15 19 16 3 10
4 25 13 0 22 24 6 18 13 17 10 28 16 13 8
3 14 7 11 0 15 5 7 16 15 6 9 23 17 5
26 21 5 13 4 0 19 23 4 1 2 4 10 1 12
16 10 4 17 14 6 0 18 4 25 10 24 6 9 5
4 7 19 16 28 27 15 0 26 23 7 17 28 1 14
27 2 17 23 3 21 6 6 0 19 26 6 16 7 17
2 2 10 25 22 21 22 7 24 0 12 24 4 8 20
26 14 28 9 4 4 15 17 1 11 0 4 11 23 1
16 20 25 26 23 4 6 8 3 27 14 0 3 27 16
6 9 8 10 27 9 22 21 6 9 16 14 0 24 8
9 26 17 12 27 14 23 26 1 21 13 24 5 0 12
17 12 12 8 19 21 16 23 27 20 15 20 11 28 0

0 23 26 3 5 15 11 10 28 18 5 18 2 26 6
17 0 19 27 28 4 21 2 19 27 5 22 13 4 13
19 7 0 9 10 6 3 20 7 1 25 4 6 18 14
8 23 18 0 21 1 4 19 22 28 28 22 25 7 7
15 5 17 10 0 9 6 4 1 27 18 21 6 11 3
23 6 25 20 7 0 25 8 13 13 14 2 2 1 19
26 26 8 5 20 4 0 28 16 11 7 21 25 19 18
20 7 5 22 8 17 8 0 22 7 13 27 16 10 1
9 13 2 17 19 4 7 23 0 27 16 24 17 24 24
24 22 23 15 3 9 24 6 23 0 24 26 10 21 4
5 6 6 18 21 25 3 18 18 9 0 15 24 19 24
11 28 2 17 25 19 12 13 28 28 14 0 12 9 10
26 21 22 26 10 20 22 20 28 20 5 7 0 2 24
12 12 14 16 25 8 7 4 6 10 2 20 18 0 25
2 16 4 13 10 17 28 7 12 24 17 17 23 6 0

0 12 9 17 5 11 14 27 2 24 17 12 8 25 4
9 0 22 3 6 26 6 22 20 7 6 12 25 14 12
17 24 0 15 2 21 5 19 18 8 28 14 28 9 17
25 16 17 0 22 17 4 26 15 16 16 3 14 25 8
5 26 17 19 0 16 12 14 26 25 5 5 20 8 14
25 25 17 10 21 0 7 22 10 21 17 3 24 24 28
8 16 9 11 26 1 0 2 23 16 1 7 19 20 11
4 12 22 12 21 17 17 0 22 13 9 25 16 16 13
5 25 23 27 18 6 25 23 0 11 11 19 13 12 25
14 16 25 27 6 28 20 8 26 0 28 8 25 17 13
16 23 9 7 15 11 23 7 17 16 0 7 18 19 6
24 7 8 25 7 25 4 25 18 24 8 0 25 14 5
18 2 24 13 2 24 9 26 10 21 27 11 0 13 26
24 6 3 17 16 12 17 10 17 8 20 26 7 0 28
4 23 17 23 4 11 3 4 1 3 22 26 2 11 0
