15 15 3
15    1  1 26    1  12 67    1  0 72    1  6 74    2  14 13  12 13    1  8 43    1  4 30    1  3 19    1  10 23    1  11 85    1  5 98    1  13 43    2  2 38  5 38    1  7 8    1  9 75
15    1  14 42    2  0 39  5 39    1  4 55    1  12 46    1  1 19    1  8 93    2  9 80  12 80    1  5 26    1  10 7    1  6 50    1  11 57    1  3 73    2  2 9  4 9    1  7 61    1  13 72
15    2  3 96  6 96    1  4 99    1  12 34    1  6 60    1  7 43    1  14 7    1  13 12    1  8 11    1  11 70    1  10 43    1  0 91    2  1 68  7 68    1  9 11    1  5 68    2  2 72  4 72
15    1  14 63    1  11 45    1  4 49    2  1 74  8 74    1  8 27    2  0 30  12 30    1  9 72    1  7 9    1  12 99    1  13 60    1  5 69    1  6 69    1  2 84    1  3 40    1  10 59
15    1  2 91    1  0 75    1  9 98    1  3 17    1  10 72    1  13 31    1  11 9    1  14 98    1  7 50    1  5 37    1  4 8    2  8 65  2 65    1  1 90    1  12 91    1  6 71
15    1  11 35    1  6 80    1  4 39    1  3 62    1  14 74    1  5 72    2  10 35  9 35    1  9 25    1  1 49    1  8 52    1  7 63    1  2 90    1  13 21    1  12 47    1  0 38
15    1  14 19    1  7 57    2  10 24  9 24    1  13 91    1  3 50    1  0 5    1  11 49    1  12 18    1  9 58    1  5 24    1  8 52    1  1 88    1  2 68    1  6 20    2  4 53  7 53
15    1  7 77    1  14 72    1  5 35    1  11 90    1  4 68    2  6 18  8 18    1  3 9    1  0 33    1  8 60    1  10 18    1  12 10    1  13 60    1  1 38    1  2 99    1  9 15
15    1  13 6    1  8 86    3  2 40  8 40  3 40    1  9 79    2  12 92  6 92    1  11 23    1  5 89    2  10 95  14 95    1  6 91    1  7 72    2  0 80  6 80    1  1 60    1  3 56    1  4 51    1  14 23
15    1  1 46    1  6 28    2  5 34  0 34    1  11 77    1  4 47    1  0 10    2  14 49  12 49    1  8 77    1  10 48    1  7 24    1  12 8    1  2 72    1  13 55    1  9 29    2  3 40  8 40
15    1  10 22    1  4 89    1  12 79    1  0 7    1  9 15    1  1 6    1  11 30    1  6 38    1  5 11    1  8 52    2  3 20  13 20    1  7 5    1  14 9    1  2 20    1  13 28
15    1  5 73    1  14 56    1  2 37    1  3 22    1  13 25    1  6 58    1  1 8    1  7 93    1  4 88    1  8 17    1  12 9    1  11 69    3  10 71  2 71  4 71    1  9 85    1  0 55
15    1  9 85    2  14 58  10 58    1  3 46    1  8 64    1  2 49    1  6 37    1  1 33    1  4 30    1  5 26    1  0 20    1  13 74    1  10 77    1  12 99    1  11 56    1  7 21
15    1  10 17    1  3 24    1  4 89    1  5 15    1  11 60    1  1 42    1  8 98    1  2 64    1  13 92    1  0 63    1  7 52    1  12 54    1  6 75    1  14 23    1  9 38
15    1  3 8    2  5 17  12 17    1  11 56    1  7 93    2  14 26  2 26    2  9 62  12 62    1  6 7    2  10 88  8 88    2  0 97  6 97    1  1 7    1  2 43    1  8 29    1  13 35    1  12 87    1  4 57

0 21 20 14 20 10 23 15 6 11 17 25 11 22 8
18 0 19 2 4 24 4 25 25 6 7 7 22 6 3
20 15 0 8 2 20 8 9 14 22 4 5 7 3 20
17 12 25 0 25 9 3 22 6 21 12 25 14 11 24
3 17 18 12 0 15 9 8 5 17 5 23 14 20 23
6 8 13 12 6 0 20 17 19 2 9 10 10 17 17
18 25 24 10 13 10 0 23 10 8 18 2 19 1 19
11 7 7 9 7 17 18 0 8 21 19 3 23 15 14
3 20 16 9 23 8 15 16 0 23 19 8 2 12 8
4 18 9 4 22 18 8 15 1 0 2 25 8 20 18
1 12 7 16 4 14 6 16 12 17 0 13 6 5 8
12 4 4 10 9 1 11 7 21 25 9 0 16 14 20
14 17 22 16 18 24 16 1 10 10 5 2 0 9 19
4 17 3 23 21 7 1 12 8 23 22 14 18 0 20
10 17 23 25 15 2 14 11 1 8 15 9 6 24 0

0 23 15 9 12 25 22 13 24 22 14 17 5 17 12
2 0 21 18 7 13 3 19 24 2 2 20 12 11 7
1 16 0 21 20 6 11 1 24 25 11 9 24 5 14
21 11 13 0 9 7 20 1 21 8 16 19 8 22 13
22 6 1 25 0 11 2 14 8 23 9 15 23 19 12
15 21 16 24 11 0 6 25 25 23 9 2 11 22 12
20 1 12 13 5 25 0 10 18 25 21 22 9 15 8
14 4 8 19 13 1 24 0 19 22 25 25 3 25 7
15 22 14 9 20 10 16 11 0 25 18 8 8 16 15
16 12 25 21 18 5 3 17 18 0 24 6 23 21 16
23 12 3 4 15 14 3 18 1 19 0 25 16 11 4
6 5 12 15 11 14 9 12 9 16 15 0 15 4 19
5 8 7 4 12 23 20 5 25 13 16 6 0 7 23
20 7 9 14 19 10 2 18 6 1 14 22 25 0 19
16 19 9 17 7 21 13 22 15 1 25 4 18 19 0

0 24 11 17 14 4 6 8 24 18 16 8 21 8 24
16 0 1 14 10 19 3 18 11 5 9 4 22 19 11
16 18 0 1 24 1 22 23 2 23 12 3 20 4 12
13 9 6 0 14 20 17 13 10 13 11 22 6 13 16
8 24 24 20 0 20 1 5 9 15 1 8 11 2 10
4 1 20 21 25 0 14 7 10 12 8 21 10 9 20
2 12 4 3 2 13 0 21 6 25 13 18 4 16 15
6 10 9 24 1 1 12 0 4 22 4 12 3 20 10
6 14 24 22 6 21 4 23 0 20 19 18 20 9 11
12 20 17 8 24 24 11 15 1 0 3 21 7 4 13
9 13 19 7 15 11 19 17 1 4 0 19 24 3 23
23 20 7 13 21 19 20 1 10 1 15 0 18 20 10
13 17 6 11 4 20 3 25 9 10 10 10 0 22 10
22 21 7 12 15 21 7 12 18 12 7 15 4 0 5
7 11 3 3 16 21 9 25 11 3 3 15 14 1 0

0 23 17 23 17 16 19 17 6 16 7 9 12 11 15
22 0 3 7 24 13 24 22 12 17 7 17 9 20 9
6 9 0 4 10 2 11 21 14 16 20 4 3 6 2
21 3 12 0 20 23 4 7 25 15 13 18 13 19 16
12 7 10 5 0 25 17 17 11 9 15 24 6 13 7
12 12 17 4 3 0 24 13 12 4 3 2 1 6 6
17 14 24 7 23 8 0 23 16 8 12 9 10 17 5
22 23 12 10 4 25 10 0 3 9 8 21 10 17 10
11 11 4 22 5 15 5 16 0 23 17 8 14 21 10
22 4 12 8 18 4 16 21 1 0 22 24 24 1 19
7 12 2 25 9 21 14 13 22 17 0 4 13 1 12
20 17 7 8 23 5 18 3 25 23 7 0 9 13 20
2 17 21 22 1 15 23 15 18 3 8 1 0 2 19
8 25 13 24 11 2 3 14 15 2 14 2 12 0 7
17 18 24 23 6 8 9 9 16 13 9 1 9 3 0

0 12 3 7 15 21 23 12 9 10 15 8 23 5 14
11 0 20 22 4 10 4 13 5 9 14 1 18 10 6
16 18 0 17 9 23 14 23 6 23 3 11 9 11 15
19 20 1 0 4 15 4 12 22 14 3 6 8 13 2
24 1 9 16 0 16 8 23 4 23 13 15 24 2 19
8 21 23 12 17 0 6 24 1 17 24 21 4 14 19
18 13 24 5 4 9 0 16 5 21 5 13 18 25 25
17 13 10 1 3 7 16 0 6 10 12 10 6 21 5
7 10 15 22 6 23 21 4 0 16 22 5 16 10 13
13 17 21 4 11 9 24 25 15 0 15 2 22 25 20
1 21 20 19 6 6 23 24 15 14 0 14 8 21 17
20 23 18 3 15 18 17 18 22 4 23 0 10 22 3
19 7 18 5 23 9 21 20 3 24 18 24 0 6 20
12 1 7 25 9 22 24 11 9 5 16 24 20 0 2
22 1 6 7 13 6 25 13 7 13 14 5 3 16 0

0 16 4 3 17 24 4 16 24 13 4 20 11 12 7
8 0 25 2 12 19 14 15 17 2 14 4 16 1 5
20 10 0 20 1 4 25 22 17 12 1 10 18 25 19
18 2 18 0 23 11 13 20 17 20 18 19 3 25 24
18 10 9 8 0 9 22 16 20 14 11 21 18 10 22
23 11 22 5 18 0 2 19 22 4 21 2 8 8 12
16 21 13 23 17 25 0 6 15 25 2 6 4 24 13
16 9 3 18 19 11 1 0 24 10 19 7 14 14 9
10 13 19 24 13 4 24 25 0 13 6 18 5 3 19
11 14 3 16 25 1 21 19 3 0 7 24 7 2 15
24 20 4 14 21 23 22 14 20 13 0 14 7 20 14
3 8 15 18 14 8 25 10 6 5 1 0 2 16 24
2 1 15 25 18 9 5 13 1 4 13 4 0 4 13
5 15 22 20 6 4 25 17 6 8 13 11 7 0 10
1 20 12 16 8 19 14 5 7 15 3 13 1 19 0

0 25 24 20 22 7 11 6 15 25 17 12 2 4 13
1 0 3 16 5 14 1 12 20 4 23 4 19 14 8
18 25 0 14 4 8 12 17 15 19 23 3 3 19 23
7 1 1 0 22 9 10 3 17 20 2 25 1 3 13
1 14 22 11 0 25 5 2 2 25 14 24 14 9 6
2 10 20 17 3 0 3 17 12 8 14 23 2 15 22
23 6 16 1 25 18 0 3 3 14 9 9 7 10 3
18 8 2 6 2 9 13 0 15 7 9 12 21 16 3
25 7 18 8 9 19 3 5 0 1 21 11 10 3 5
20 16 17 10 23 4 9 2 21 0 8 25 17 11 7
4 21 16 18 20 10 4 4 9 19 0 11 1 3 12
12 23 1 13 6 8 22 23 8 13 12 0 14 1 20
6 21 20 13 21 11 9 9 21 19 16 4 0 24 21
16 12 23 20 17 11 3 3 7 17 13 17 24 0 14
10 9 15 18 1 8 14 17 13 1 13 13 24 19 0

0 9 1 1 23 12 13 22 12 13 24 12 2 8 19
14 0 4 21 22 8 20 4 17 17 19 19 5 22 17
16 19 0 1 1 11 18 18 13 6 15 7 9 25 8
7 15 9 0 10 16 12 18 1 8 9 16 24 20 1
15 2 22 24 0 20 6 9 19 13 9 10 3 9 12
16 9 10 21 4 0 12 20 12 3 3 10 9 13 16
12 7 23 12 13 5 0 17 2 21 20 15 22 7 17
9 21 8 2 23 9 5 0 2 7 11 23 15 7 19
16 18 25 1 19 7 21 21 0 10 22 16 22 17 10
16 25 14 22 14 1 18 19 9 0 23 5 5 11 9
7 7 8 14 19 1 25 22 14 7 0 2 14 3 1
2 21 18 22 19 12 17 24 8 12 5 0 13 19 13
7 19 10 25 12 2 4 12 21 9 7 15 0 10 1
16 11 20 8 23 8 13 1 19 9 2 18 23 0 19
11 16 3 10 11 2 18 5 24 9 6 16 21 7 0

0 24 9 15 23 23 17 2 7 25 9 1 21 22 7
13 0 10 18 8 16 19 16 7 13 4 14 17 7 11
15 24 0 11 23 10 9 22 13 19 2 4 2 21 15
20 17 3 0 19 23 11 5 6 20 3 19 1 20 11
14 6 16 11 0 14 7 12 5 23 15 10 5 18 24
25 25 9 24 14 0 11 3 14 23 24 25 23 8 6
21 1 7 24 11 1 0 6 18 6 9 14 14 9 25
20 8 19 17 5 24 3 0 11 8 12 2 3 10 5
13 21 9 8 6 19 16 11 0 2 8 3 9 25 14
7 11 12 19 7 9 2 20 16 0 10 9 11 21 6
4 17 1 6 21 10 2 23 3 14 0 15 9 10 22
9 10 15 10 3 20 11 3 16 10 5 0 16 9 25
15 19 21 19 21 1 23 8 1 12 17 14 0 10 11
4 12 10 8 21 3 10 15 15 12 11 10 15 0 6
19 7 20 5 15 4 25 2 12 14 12 25 5 22 0

0 5 9 22 6 18 24 19 25 10 22 8 15 20 15
4 0 18 22 16 16 10 14 3 15 10 14 19 8 20
2 7 0 9 14 18 11 20 9 15 24 14 6 16 22
20 6 7 0 14 13 12 13 5 21 5 21 13 10 13
12 18 3 14 0 18 24 3 16 17 6 19 13 19 20
12 25 15 4 19 0 23 22 7 17 9 2 11 5 25
25 25 13 21 16 1 0 15 2 24 12 10 20 11 14
20 17 20 5 5 17 18 0 3 11 14 15 18 11 8
18 24 23 9 12 22 23 5 0 16 4 2 24 13 25
16 14 16 19 10 6 4 14 8 0 19 15 4 25 25
4 8 6 18 16 11 10 1 19 13 0 22 16 15 17
4 7 15 11 22 10 24 20 13 5 7 0 11 2 12
23 2 23 18 19 9 16 20 20 11 22 13 0 11 8
16 19 9 25 2 16 24 4 15 20 11 7 10 0 7
18 5 21 23 17 8 11 12 3 12 6 25 21 6 0

0 6 9 9 11 2 1 12 19 7 3 15 20 14 24
25 0 17 3 20 14 4 19 12 17 11 19 7 15 8
6 17 0 19 23 25 16 9 5 10 12 4 3 3 3
15 25 7 0 13 22 11 7 15 18 18 5 11 9 8
22 11 13 8 0 9 19 5 12 3 11 13 7 15 16
14 18 19 14 6 0 5 25 1 13 10 15 2 18 21
12 5 16 6 3 17 0 3 3 5 9 20 9 14 1
6 15 21 19 8 3 22 0 1 23 20 8 5 18 4
7 16 6 17 7 5 18 17 0 17 11 7 5 20 6
12 8 8 4 22 3 24 20 22 0 12 6 23 15 9
17 17 14 22 1 9 14 17 4 13 0 9 20 9 20
11 20 15 17 15 7 14 11 17 20 25 0 21 11 17
22 12 11 8 1 12 3 1 3 14 13 16 0 6 11
2 7 18 5 13 8 4 1 6 13 8 21 9 0 6
18 8 10 2 25 24 14 10 3 1 6 17 5 1 0

0 3 15 23 9 3 6 2 7 25 11 6 25 1 5
22 0 6 22 21 1 11 20 7 21 19 21 25 22 1
9 13 0 13 9 12 19 19 20 20 14 18 22 4 17
21 13 13 0 21 19 13 11 3 19 14 16 17 1 24
16 22 11 18 0 25 18 5 2 19 20 22 2 17 25
24 22 11 1 16 0 8 10 3 24 12 17 4 24 6
24 21 6 23 19 6 0 15 4 21 6 21 8 12 11
23 11 9 1 25 21 17 0 25 24 17 19 22 14 10
20 4 25 1 17 22 17 19 0 8 6 7 24 14 15
14 1 24 9 22 18 7 4 6 0 14 15 7 12 9
16 4 15 16 7 10 19 12 2 12 0 16 21 1 21
19 21 14 12 13 3 9 10 10 21 24 0 17 14 12
9 21 8 6 24 11 23 6 17 22 8 23 0 5 18
24 22 4 20 14 15 22 18 18 2 13 11 25 0 11
22 22 10 1 8 10 18 13 20 22 5 21 22 5 0

0 25 24 5 25 19 4 23 1 25 21 4 24 24 20
23 0 10 11 15 5 3 16 10 14 17 16 9 4 16
1 24 0 22 22 2 23 4 7 7 23 1 24 11 20
8 9 11 0 12 12 22 17 3 15 14 7 22 7 17
3 21 5 2 0 25 3 4 8 9 17 8 19 24 21
18 24 9 13 5 0 24 12 24 13 23 14 8 1 14
18 6 12 13 3 15 0 4 5 7 7 18 6 1 3
12 23 11 9 5 5 1 0 1 9 3 19 5 14 4
13 17 22 3 2 12 25 7 0 17 10 11 21 18 24
19 25 7 18 13 7 21 7 17 0 9 14 23 21 7
21 8 18 18 13 3 10 5 14 14 0 3 18 22 2
6 15 4 23 14 21 25 19 17 21 9 0 4 1 23
2 21 24 8 22 11 14 1 23 17 13 23 0 2 21
16 9 13 8 24 24 22 10 3 4 14 2 14 0 25
3 12 21 25 14 23 3 13 3 7 15 2 21 25 0

0 3 22 14 23 12 12 12 14 1 12 7 21 1 13
14 0 21 16 4 10 12 11 23 1 21 4 11 17 8
16 5 0 20 24 15 19 24 2 5 24 18 17 23 18
4 22 21 0 10 17 6 24 4 14 15 3 8 16 5
12 10 9 12 0 5 19 24 19 21 20 3 10 19 2
7 4 21 10 18 0 16 1 7 11 25 9 6 5 16
21 3 7 8 17 7 0 20 17 17 9 7 17 13 25
16 11 12 22 8 22 20 0 16 2 6 19 7 9 7
21 3 3 15 20 18 19 19 0 25 7 11 20 12 10
22 16 1 1 6 24 2 18 10 0 8 17 24 20 22
11 25 20 2 13 5 20 3 12 12 0 16 17 10 20
10 15 25 6 2 7 13 6 4 25 11 0 21 24 19
13 23 16 11 9 11 5 5 10 2 11 13 0 3 17
15 14 7 20 24 1 1 12 22 13 14 25 22 0 9
10 1 11 19 11 21 3 4 21 4 25 15 25 13 0

0 6 15 11 21 4 17 1 11 23 10 22 1 14 4
20 0 19 23 23 17 7 14 2 16 4 11 16 1 9
11 13 0 1 19 11 20 1 15 20 10 3 5 1 17
15 9 2 0 24 7 12 13 10 9 15 19 10 10 3
2 6 4 23 0 16 15 9 3 22 4 4 2 5 7
4 1 22 8 22 0 19 7 20 8 10 15 6 7 2
21 11 7 25 18 4 0 16 2 3 18 17 12 10 6
23 14 6 2 3 9 14 0 25 21 12 9 11 4 22
9 15 2 24 15 11 5 23 0 3 4 3 10 22 1
15 16 12 8 21 14 21 20 14 0 14 8 5 7 23
10 25 7 6 22 24 1 9 21 13 0 4 13 16 4
5 2 4 11 21 18 20 19 7 14 17 0 15 22 3
21 8 7 20 13 17 12 22 19 15 16 7 0 1 13
16 23 17 23 25 18 14 23 2 19 11 17 4 0 21
2 9 8 13 18 23 16 12 20 21 12 20 10 22 0
