20 5 3
5    1  3 60    1  0 87    2  1 72  2 72    2  4 95  0 95    1  2 66
5    2  1 54  2 54    2  0 48  2 48    3  2 39  4 39  1 39    3  3 35  4 35  0 35    3  4 5  1 5  2 5
5    2  3 20  2 20    2  1 46  0 46    2  0 97  3 97    3  2 21  3 21  0 21    1  4 55
5    2  2 37  3 37    1  0 59    1  3 19    3  1 34  3 34  0 34    2  4 46  3 46
5    3  2 73  3 73  4 73    1  3 25    3  1 24  3 24  4 24    1  0 28    2  4 23  0 23
5    1  1 78    1  3 28    3  2 83  1 83  4 83    3  0 45  1 45  4 45    1  4 5
5    3  3 71  4 71  1 71    1  1 37    3  2 12  1 12  4 12    2  4 29  1 29    2  0 53  2 53
5    2  4 12  2 12    1  3 33    1  1 55    2  2 87  0 87    2  0 38  2 38
5    3  0 48  1 48  3 48    3  1 40  2 40  0 40    1  2 49    1  3 83    2  4 7  1 7
5    2  0 90  4 90    3  4 27  2 27  0 27    2  2 65  1 65    3  3 17  0 17  4 17    2  1 23  2 23
5    3  0 62  2 62  4 62    2  3 85  4 85    1  1 66    2  2 84  0 84    3  4 19  1 19  2 19
5    3  3 59  2 59  0 59    2  2 46  1 46    2  4 13  1 13    1  1 64    2  0 25  3 25
5    3  2 53  1 53  3 53    2  1 73  0 73    1  3 80    1  4 88    3  0 41  2 41  4 41
5    2  2 57  0 57    1  4 47    2  0 14  1 14    3  1 67  0 67  2 67    2  3 74  0 74
5    2  2 41  4 41    1  4 64    1  3 84    1  1 78    3  0 84  1 84  4 84
5    3  4 52  2 52  1 52    2  3 28  1 28    3  2 26  3 26  4 26    1  0 63    2  1 46  0 46
5    3  1 11  0 11  3 11    2  0 64  3 64    3  3 10  2 10  1 10    1  4 73    1  2 17
5    3  4 38  0 38  2 38    3  3 95  0 95  4 95    1  0 85    3  1 97  0 97  4 97    1  2 67
5    2  3 93  4 93    2  1 65  0 65    1  2 95    1  0 59    1  4 46
5    3  0 60  3 60  1 60    3  1 85  3 85  2 85    1  2 43    3  4 85  0 85  1 85    1  3 32

0 3 9 6 9 24 21 21 19 2 3 14 19 24 19 1 24 4 16 17
1 0 3 9 24 19 25 11 19 4 7 19 9 10 12 1 3 9 21 23
19 17 0 22 18 3 10 15 11 15 18 24 25 24 1 9 12 5 4 21
24 6 5 0 3 6 8 7 1 18 20 20 9 14 1 23 6 8 21 24
14 6 12 6 0 12 2 25 22 3 15 18 18 21 25 13 15 2 6 14
2 12 7 4 25 0 12 18 21 5 10 2 22 4 3 4 7 6 24 25
19 12 25 24 19 20 0 7 18 16 14 18 24 21 4 3 17 1 10 6
9 10 12 8 17 19 11 0 6 8 25 16 5 24 12 1 4 18 24 23
19 22 1 18 24 14 8 6 0 15 21 13 15 1 13 11 24 13 4 20
2 14 16 13 22 13 11 14 15 0 24 1 15 3 4 21 18 6 17 5
3 25 19 21 22 22 22 1 11 2 0 4 18 25 4 11 3 16 15 11
11 1 6 1 14 11 18 23 14 5 18 0 5 5 17 14 8 9 20 18
21 4 20 6 12 15 17 23 24 7 9 2 0 25 21 24 4 10 9 21
22 18 24 15 17 17 24 6 8 1 25 7 8 0 5 3 16 20 11 10
5 11 10 15 14 7 20 6 14 19 15 22 20 5 0 17 10 5 7 16
22 2 23 3 7 11 3 18 6 2 8 11 18 19 3 0 23 6 2 9
17 7 18 24 21 22 12 1 21 11 4 6 12 24 5 21 0 7 13 22
20 24 19 1 20 14 14 9 21 15 13 21 12 5 5 4 6 0 7 24
21 2 11 1 6 16 6 10 10 15 9 8 20 11 7 15 3 3 0 3
5 1 21 24 15 24 11 7 12 14 2 16 11 21 15 8 5 15 6 0

0 17 21 5 11 4 4 19 7 2 12 18 22 4 8 13 11 16 1 22
16 0 9 15 11 21 10 8 22 25 8 12 6 24 22 7 13 24 1 14
23 24 0 5 19 4 10 12 13 20 11 20 16 11 23 15 11 16 8 5
9 4 20 0 4 12 2 23 9 5 3 10 2 11 12 21 13 23 16 14
17 8 13 24 0 8 11 11 19 10 18 4 2 1 9 3 3 23 23 22
5 21 21 1 8 0 25 7 2 22 6 12 14 1 15 4 16 7 20 20
4 2 5 24 1 20 0 4 3 13 16 3 12 24 18 21 24 13 1 3
4 25 15 17 16 12 18 0 1 12 24 9 11 2 2 4 20 8 1 16
24 7 10 12 14 6 20 5 0 16 5 2 21 14 25 3 19 23 21 12
23 8 1 17 22 11 12 3 5 0 22 1 24 15 6 25 25 5 7 7
16 2 10 19 17 7 5 23 24 6 0 10 1 8 7 21 16 20 2 21
4 21 24 14 13 12 4 20 15 16 9 0 14 12 5 8 3 17 11 6
20 4 6 21 10 11 13 12 20 2 14 10 0 23 25 4 3 15 6 22
20 1 17 1 6 13 17 18 25 15 6 12 3 0 8 7 18 16 2 3
18 21 13 9 20 23 22 1 8 19 16 7 7 14 0 3 18 4 25 16
24 8 16 20 25 19 7 1 4 14 1 14 13 20 23 0 13 5 1 24
25 7 14 17 12 4 17 11 25 15 13 18 3 19 18 17 0 14 23 22
9 2 20 7 21 18 9 12 15 8 23 23 22 20 10 5 1 0 5 13
11 3 19 6 14 15 17 19 25 21 2 18 15 2 4 16 1 2 0 23
22 13 9 5 25 14 22 17 25 19 10 12 15 24 4 1 12 17 16 0

0 4 3 18 11 24 17 23 17 8 6 1 17 18 2 18 15 1 23 19
24 0 19 11 4 22 6 13 17 12 18 25 11 7 24 14 10 12 3 3
16 1 0 23 22 2 21 22 25 3 17 19 6 1 12 15 14 7 24 5
6 14 21 0 22 9 20 13 10 18 4 2 4 3 16 6 6 2 20 19
4 19 9 18 0 5 3 18 5 5 10 15 25 7 14 20 19 14 6 17
4 17 25 7 5 0 23 13 17 11 11 11 18 22 3 17 12 1 3 2
10 25 24 21 17 23 0 14 7 8 12 24 24 12 12 10 20 7 12 16
23 24 6 6 12 7 9 0 9 2 12 15 18 2 15 7 24 18 19 6
25 15 18 7 10 15 21 24 0 14 4 21 22 16 24 19 8 14 15 4
2 6 12 7 3 23 11 20 16 0 12 11 16 6 11 20 22 9 14 9
6 16 8 13 24 11 18 14 12 22 0 6 14 7 4 11 13 23 11 17
10 2 6 5 25 22 23 22 16 22 15 0 17 8 25 24 10 10 4 18
12 16 16 6 22 1 9 22 22 19 4 13 0 22 6 2 1 16 10 25
17 18 6 6 12 5 5 8 13 4 3 16 22 0 22 20 25 19 7 11
4 3 22 20 18 20 20 18 14 7 14 13 7 25 0 13 3 4 14 11
11 1 1 2 18 22 10 1 17 13 21 10 12 23 6 0 4 18 9 12
22 14 1 4 17 5 17 5 2 2 11 18 1 23 16 15 0 3 12 3
21 11 18 2 5 1 1 18 8 17 13 2 16 4 21 17 24 0 20 2
1 25 8 17 10 13 24 25 1 24 4 12 18 7 18 1 11 16 0 16
10 6 11 19 11 5 24 18 9 18 6 18 15 9 20 23 1 21 23 0

0 1 11 9 15 4 22 13 1 14 14 8 16 6 10 13 23 1 6 22
15 0 13 16 23 10 11 22 21 10 17 15 2 8 4 25 4 8 11 25
9 7 0 24 16 21 22 21 5 25 18 22 18 14 16 13 16 19 19 7
21 19 21 0 17 7 19 7 21 10 24 12 21 20 23 3 23 25 16 3
19 10 18 13 0 24 25 9 12 7 2 9 17 20 21 5 10 21 11 17
19 18 4 20 24 0 16 5 5 6 24 15 7 16 19 21 9 10 5 13
21 13 6 6 4 24 0 6 10 12 14 4 19 21 24 5 8 6 10 5
8 25 22 1 7 25 12 0 3 16 23 4 13 7 10 6 23 3 2 16
3 11 12 24 25 20 11 8 0 2 2 1 12 5 3 15 23 17 17 11
8 1 19 24 7 8 14 25 5 0 23 6 4 7 6 2 22 14 24 13
13 13 22 8 13 6 12 9 21 14 0 19 5 15 17 10 10 12 11 14
6 2 15 10 23 4 19 17 20 6 4 0 24 11 22 18 3 17 7 3
16 17 17 8 5 6 21 25 1 12 18 1 0 18 20 16 9 17 15 7
10 2 5 18 5 22 4 7 5 13 11 25 15 0 17 4 9 19 2 17
4 8 20 23 13 10 10 22 14 6 9 12 4 7 0 17 24 25 3 16
14 8 5 7 19 15 8 5 14 22 4 19 1 11 1 0 11 16 17 13
23 8 1 15 25 12 2 24 5 4 12 24 6 11 9 19 0 23 19 2
22 3 19 12 25 17 24 9 13 10 10 19 8 16 21 3 18 0 12 15
20 23 9 10 18 16 14 7 22 15 19 17 12 11 12 3 21 21 0 24
21 19 3 19 15 9 14 1 10 8 15 10 22 13 8 12 5 5 23 0

0 10 25 24 6 25 12 22 23 16 3 3 2 23 15 13 20 8 4 21
24 0 1 18 12 13 2 15 21 10 19 7 9 4 22 11 4 20 8 14
15 9 0 18 19 8 25 10 12 24 4 24 13 13 6 24 17 16 21 3
22 13 25 0 4 7 25 25 8 21 10 11 5 12 13 19 21 20 1 14
9 2 24 23 0 19 17 11 21 15 5 5 25 8 20 23 7 19 17 22
17 20 22 21 13 0 10 5 3 13 15 4 6 22 18 8 14 12 20 20
19 9 8 17 1 11 0 18 19 2 2 23 3 17 21 16 6 8 9 3
15 9 16 25 25 15 12 0 25 18 25 23 15 4 20 4 15 7 19 9
15 9 5 18 10 12 15 23 0 12 21 23 19 6 22 17 19 16 20 17
13 10 14 21 22 12 17 5 14 0 22 19 18 23 15 1 3 25 4 22
23 5 16 17 7 14 4 2 7 17 0 11 23 20 22 21 10 12 5 21
19 25 20 19 5 18 1 1 7 21 20 0 16 17 20 6 14 1 22 17
10 22 2 19 7 1 22 6 13 16 10 23 0 15 25 18 17 1 2 16
4 9 23 12 21 3 2 3 14 9 11 25 10 0 15 3 12 10 15 2
8 15 13 21 16 6 25 2 7 18 6 15 7 25 0 19 5 11 10 10
25 25 24 11 18 7 15 22 17 1 15 22 1 7 10 0 5 23 6 20
10 10 15 8 6 3 2 1 17 7 21 3 3 4 14 6 0 24 14 18
25 7 8 19 9 23 22 1 24 24 14 16 17 18 3 25 16 0 19 25
5 21 5 10 11 16 14 16 2 19 2 13 16 10 17 6 7 9 0 19
25 16 23 11 18 5 13 17 9 23 10 10 21 1 21 21 12 6 19 0
