15 10 9
10    7  0 14  1 14  3 14  4 14  5 14  8 14  9 14    5  1 75  4 75  5 75  7 75  8 75    8  0 12  1 12  2 12  3 12  4 12  5 12  8 12  9 12    2  2 38  7 38    5  0 76  3 76  5 76  6 76  7 76    4  3 97  5 97  7 97  9 97    3  3 12  6 12  9 12    5  0 29  1 29  4 29  5 29  8 29    7  0 44  2 44  3 44  4 44  6 44  7 44  9 44    3  3 66  6 66  8 66
10    4  3 38  4 38  5 38  7 38    6  1 82  3 82  4 82  5 82  6 82  9 82    2  2 85  9 85    3  2 58  4 58  8 58    6  0 87  3 87  4 87  5 87  6 87  7 87    1  9 89    7  0 43  2 43  3 43  4 43  5 43  8 43  9 43    5  1 80  2 80  3 80  8 80  9 80    4  5 69  6 69  7 69  9 69    5  4 92  6 92  7 92  8 92  9 92
10    6  0 5  5 5  6 5  7 5  8 5  9 5    5  0 84  1 84  3 84  4 84  8 84    4  0 43  3 43  6 43  9 43    5  0 48  1 48  6 48  7 48  9 48    6  2 8  3 8  4 8  5 8  6 8  7 8    6  1 7  5 7  6 7  7 7  8 7  9 7    8  1 41  2 41  3 41  4 41  5 41  6 41  7 41  9 41    3  5 61  7 61  8 61    5  1 66  2 66  5 66  7 66  8 66    6  0 14  2 14  4 14  5 14  6 14  8 14
10    5  1 42  2 42  5 42  6 42  9 42    4  1 8  4 8  5 8  6 8    3  0 96  5 96  6 96    4  1 19  5 19  7 19  8 19    8  0 59  2 59  3 59  4 59  5 59  6 59  8 59  9 59    6  0 97  2 97  3 97  5 97  6 97  7 97    7  0 73  2 73  3 73  4 73  5 73  6 73  9 73    4  0 43  5 43  8 43  9 43    5  1 74  2 74  3 74  6 74  9 74    4  1 41  4 41  5 41  6 41
10    4  6 55  7 55  8 55  9 55    5  2 70  3 70  4 70  5 70  7 70    6  0 75  1 75  3 75  4 75  6 75  7 75    5  2 42  6 42  7 42  8 42  9 42    5  1 37  4 37  7 37  8 37  9 37    5  1 23  4 23  5 23  7 23  8 23    7  0 48  1 48  2 48  3 48  5 48  6 48  7 48    5  1 5  3 5  5 5  7 5  8 5    3  1 38  7 38  9 38    3  0 7  7 7  9 7
10    3  5 9  8 9  9 9    4  2 72  5 72  7 72  9 72    2  3 31  7 31    5  0 79  2 79  3 79  8 79  9 79    6  0 73  2 73  5 73  6 73  7 73  8 73    5  0 95  2 95  3 95  7 95  8 95    8  0 25  2 25  3 25  4 25  5 25  6 25  7 25  8 25    4  1 43  4 43  5 43  6 43    4  1 60  2 60  4 60  9 60    4  0 56  1 56  4 56  5 56
10    7  0 97  2 97  4 97  5 97  6 97  7 97  8 97    6  1 64  2 64  5 64  6 64  8 64  9 64    6  1 78  3 78  5 78  6 78  7 78  8 78    6  0 21  1 21  3 21  4 21  5 21  9 21    5  2 94  4 94  5 94  6 94  9 94    6  1 31  4 31  5 31  6 31  7 31  9 31    5  0 53  4 53  7 53  8 53  9 53    5  0 16  2 16  3 16  6 16  8 16    5  0 86  2 86  5 86  7 86  9 86    2  1 7  6 7
10    3  0 86  3 86  7 86    4  0 85  3 85  7 85  8 85    5  0 63  1 63  6 63  8 63  9 63    6  0 61  2 61  4 61  5 61  7 61  8 61    7  0 65  1 65  2 65  3 65  5 65  7 65  8 65    4  1 30  4 30  6 30  7 30    2  1 32  5 32    5  0 33  1 33  5 33  6 33  9 33    5  1 44  2 44  4 44  6 44  8 44    6  0 59  2 59  4 59  6 59  7 59  8 59
10    6  0 44  1 44  2 44  4 44  6 44  7 44    6  0 16  1 16  2 16  3 16  4 16  5 16    5  1 11  4 11  5 11  6 11  7 11    3  2 45  5 45  6 45    5  1 30  4 30  6 30  8 30  9 30    2  4 84  9 84    4  0 93  2 93  4 93  8 93    4  0 60  2 60  3 60  8 60    3  0 61  1 61  5 61    4  0 90  7 90  8 90  9 90
10    5  0 36  3 36  4 36  7 36  9 36    5  2 31  5 31  6 31  7 31  8 31    3  2 47  4 47  6 47    3  0 52  4 52  6 52    5  0 32  1 32  7 32  8 32  9 32    4  2 11  4 11  5 11  9 11    3  0 28  2 28  9 28    3  0 35  1 35  9 35    4  0 20  3 20  4 20  6 20    2  1 49  5 49
10    6  1 20  2 20  3 20  4 20  7 20  8 20    6  0 49  2 49  5 49  6 49  8 49  9 49    6  1 74  2 74  3 74  4 74  5 74  7 74    9  0 10  1 10  3 10  4 10  5 10  6 10  7 10  8 10  9 10    7  0 17  1 17  2 17  4 17  5 17  8 17  9 17    4  0 34  3 34  4 34  9 34    5  0 85  2 85  3 85  7 85  8 85    6  1 77  2 77  4 77  5 77  6 77  7 77    2  5 68  9 68    4  0 84  1 84  7 84  9 84
10    2  1 85  7 85    6  0 7  1 7  3 7  4 7  5 7  8 7    6  1 71  2 71  4 71  6 71  8 71  9 71    5  0 59  1 59  4 59  6 59  9 59    6  1 76  3 76  4 76  5 76  7 76  8 76    5  0 17  3 17  5 17  8 17  9 17    6  1 29  3 29  6 29  7 29  8 29  9 29    4  2 17  3 17  4 17  8 17    5  1 48  3 48  5 48  7 48  8 48    5  1 13  2 13  5 13  7 13  9 13
10    6  0 15  1 15  2 15  7 15  8 15  9 15    6  2 87  3 87  5 87  6 87  7 87  8 87    6  1 11  2 11  5 11  7 11  8 11  9 11    2  0 39  1 39    6  1 39  2 39  3 39  4 39  6 39  7 39    5  0 43  4 43  7 43  8 43  9 43    5  0 19  1 19  4 19  6 19  8 19    6  0 32  3 32  5 32  6 32  7 32  9 32    5  0 16  2 16  3 16  8 16  9 16    6  1 64  2 64  5 64  6 64  7 64  8 64
10    5  0 32  2 32  4 32  6 32  7 32    5  2 92  4 92  5 92  7 92  9 92    7  0 33  1 33  2 33  5 33  6 33  7 33  8 33    6  1 82  2 82  3 82  5 82  7 82  8 82    5  1 83  3 83  4 83  7 83  9 83    7  0 57  1 57  3 57  6 57  7 57  8 57  9 57    5  1 99  2 99  4 99  7 99  9 99    4  1 91  4 91  5 91  8 91    4  3 99  5 99  6 99  8 99    4  0 8  5 8  6 8  8 8
10    7  0 88  1 88  2 88  3 88  4 88  5 88  9 88    5  3 7  4 7  5 7  7 7  8 7    4  3 27  4 27  6 27  8 27    4  1 38  3 38  6 38  7 38    5  0 91  1 91  3 91  4 91  6 91    6  1 69  2 69  4 69  6 69  8 69  9 69    3  5 21  6 21  7 21    5  0 62  5 62  7 62  8 62  9 62    3  1 39  5 39  7 39    5  0 48  1 48  4 48  6 48  8 48

0 24 11 18 20 11 12 24 22 12 7 12 22 3 18
23 0 20 5 25 5 18 23 24 12 8 14 12 13 24
20 3 0 13 8 16 4 5 5 15 25 4 1 22 10
17 21 23 0 25 24 13 6 24 6 18 6 7 2 14
14 3 10 8 0 11 17 4 6 8 11 13 23 7 16
4 7 14 15 23 0 14 15 18 14 1 18 17 19 8
13 21 14 15 1 8 0 15 12 19 6 4 19 4 10
4 22 24 12 11 4 2 0 1 22 6 11 23 19 1
22 3 24 15 7 8 1 21 0 16 25 6 8 21 21
5 23 25 8 9 2 22 21 17 0 1 5 13 20 9
11 6 19 5 11 24 15 24 4 20 0 20 19 12 21
10 5 24 2 18 14 17 23 1 16 19 0 5 6 1
4 22 9 12 24 3 3 7 16 17 10 3 0 11 4
6 5 1 4 3 23 24 2 10 5 14 16 10 0 6
23 12 2 14 24 17 7 19 3 15 24 21 1 14 0

0 15 10 2 12 15 15 12 6 9 20 2 14 11 14
2 0 8 19 4 17 16 8 19 23 15 5 20 19 2
15 17 0 10 4 15 10 12 21 16 21 6 22 15 19
12 9 1 0 11 19 22 17 1 13 6 22 18 10 17
13 21 21 10 0 16 25 15 25 2 1 11 3 12 24
11 11 22 9 25 0 10 8 1 18 18 13 11 3 7
10 25 23 23 23 24 0 5 18 21 12 20 4 10 12
25 22 3 18 23 10 23 0 2 10 3 13 25 9 3
9 17 12 19 17 1 4 15 0 22 13 24 2 1 22
6 4 7 13 20 18 14 20 2 0 11 6 1 2 21
14 3 21 23 16 2 2 21 25 24 0 7 18 25 5
3 15 5 12 2 17 20 8 25 20 20 0 16 7 20
13 12 18 16 9 23 2 19 21 18 6 11 0 2 20
13 20 18 13 21 2 18 3 13 20 2 2 12 0 23
9 25 8 9 19 7 24 18 4 18 25 14 12 7 0

0 6 21 21 20 17 10 5 16 19 4 17 25 25 8
16 0 17 6 18 2 6 3 15 20 8 24 5 6 10
2 23 0 11 2 22 12 7 17 9 17 1 10 7 14
10 15 11 0 21 23 5 13 25 21 18 11 20 10 17
22 19 17 13 0 12 2 24 1 12 24 3 21 3 10
6 9 8 18 23 0 5 17 12 14 4 15 4 25 22
25 21 12 23 12 10 0 18 12 3 7 14 11 17 20
12 8 1 19 5 9 12 0 3 9 10 10 4 8 18
20 21 18 24 4 17 22 24 0 1 4 22 15 25 11
6 25 22 14 11 1 22 9 10 0 2 7 25 19 4
11 12 10 2 12 10 5 18 8 1 0 4 9 2 13
5 23 4 16 22 7 18 24 6 18 5 0 23 5 16
4 25 12 22 6 25 1 14 23 24 22 9 0 15 8
15 21 13 1 4 8 15 7 9 24 4 17 19 0 9
20 13 7 9 21 20 20 21 19 16 16 6 14 1 0

0 23 9 10 14 4 5 9 2 2 12 15 11 25 6
21 0 14 7 23 3 18 10 6 9 2 19 21 16 21
3 3 0 18 15 17 23 13 7 17 21 16 9 8 13
15 4 19 0 14 16 1 11 16 2 12 5 24 14 4
3 25 2 3 0 2 25 2 15 23 10 6 4 12 25
7 17 11 6 3 0 19 13 17 14 12 23 18 18 3
20 19 3 14 17 17 0 1 25 17 14 21 13 1 8
20 21 13 11 1 25 1 0 17 24 5 6 1 16 16
19 11 25 5 5 25 16 20 0 4 19 15 15 7 20
18 17 6 24 11 8 2 9 3 0 19 25 5 3 3
21 19 9 6 8 20 1 16 3 17 0 20 21 16 1
16 22 15 4 16 19 19 17 20 2 8 0 21 1 9
7 4 18 9 25 15 14 2 8 14 19 25 0 10 13
23 2 12 25 13 13 13 5 20 6 10 16 24 0 2
8 25 11 20 4 1 8 18 8 6 23 13 16 11 0

0 24 1 4 6 23 11 16 24 11 2 12 23 21 12
3 0 7 4 9 24 19 22 5 23 23 3 4 21 15
11 9 0 13 19 14 14 6 2 1 18 21 1 1 14
9 5 18 0 9 6 20 18 15 7 20 1 1 22 14
25 10 25 2 0 12 10 16 6 17 1 16 17 17 12
8 17 11 12 1 0 21 20 1 9 25 13 17 5 14
25 9 9 23 5 5 0 23 2 12 5 9 19 9 18
12 23 13 11 14 18 4 0 25 20 18 17 13 13 7
17 22 21 8 13 17 19 23 0 7 15 15 11 7 20
15 20 18 5 7 19 16 20 13 0 12 14 25 8 23
1 6 6 19 20 17 4 21 15 6 0 18 1 21 20
12 3 2 4 12 18 23 24 16 22 22 0 22 25 15
5 18 11 25 11 14 11 24 8 5 11 8 0 8 11
20 7 1 11 6 23 11 3 24 19 11 3 12 0 22
15 16 9 21 8 6 8 12 14 11 9 5 23 19 0

0 23 13 5 21 21 10 18 21 12 18 10 8 24 21
4 0 22 7 19 24 11 8 10 7 20 16 24 13 11
21 22 0 7 20 16 8 6 2 15 8 7 17 14 23
13 3 7 0 15 10 9 19 9 14 4 11 4 14 11
6 11 22 14 0 18 21 18 14 5 9 17 18 20 1
11 24 5 8 10 0 6 10 24 1 8 14 14 11 9
7 3 11 18 23 20 0 5 2 23 22 17 20 8 25
2 2 11 16 11 18 9 0 4 1 8 22 22 20 24
18 8 24 23 24 19 4 21 0 10 14 7 24 7 3
25 1 2 8 10 10 10 18 1 0 17 25 5 7 18
21 24 16 14 22 1 25 19 8 10 0 1 10 16 14
8 13 15 17 10 24 12 14 2 14 10 0 11 21 22
7 2 13 2 17 3 18 8 14 13 22 16 0 2 20
22 2 13 13 9 25 1 14 17 25 21 20 18 0 15
21 25 11 15 14 24 4 2 6 20 5 17 21 5 0

0 20 25 6 11 8 8 23 24 13 23 20 13 20 1
6 0 17 22 16 16 5 23 12 15 6 7 2 23 4
6 2 0 10 16 20 2 16 11 23 25 14 23 24 25
6 2 18 0 23 13 5 10 2 9 8 12 25 12 17
12 4 16 20 0 2 23 20 16 4 1 22 4 13 12
25 12 13 12 3 0 12 11 24 9 18 3 7 23 12
8 13 4 22 13 7 0 2 21 18 16 18 3 5 22
24 18 21 5 17 25 4 0 11 23 14 24 12 1 15
15 15 14 10 8 8 19 20 0 1 21 14 19 18 8
11 23 14 7 8 21 20 6 23 0 20 22 19 3 14
10 4 1 21 17 25 14 7 3 16 0 23 20 24 14
6 17 4 6 12 20 25 15 3 20 9 0 15 9 17
2 21 19 20 10 12 24 23 5 12 4 18 0 16 3
23 17 3 3 3 6 16 1 11 2 1 14 22 0 16
22 4 11 17 7 7 24 10 20 16 24 18 25 21 0

0 15 2 18 12 19 22 9 23 16 1 12 14 11 4
25 0 9 19 15 2 4 24 1 2 18 8 13 18 19
12 4 0 8 5 2 2 19 3 22 16 4 7 8 12
12 7 25 0 4 25 20 23 2 24 9 25 11 1 22
23 6 25 23 0 7 8 22 25 23 5 9 23 1 20
22 17 3 8 24 0 21 23 25 16 24 20 18 10 4
13 11 11 4 13 15 0 22 17 1 22 25 12 22 9
5 7 25 16 22 9 11 0 11 16 18 21 24 3 10
22 21 3 9 20 16 12 25 0 12 5 5 21 3 24
13 19 8 14 18 19 5 4 5 0 5 11 16 24 13
1 2 19 13 18 19 12 5 16 13 0 2 9 12 15
9 19 7 16 9 1 5 22 24 18 25 0 12 13 14
3 25 16 22 22 2 23 5 4 1 13 2 0 14 5
15 15 11 17 18 20 11 11 6 20 22 14 3 0 17
20 6 15 19 13 15 4 25 10 20 25 1 13 22 0

0 13 10 7 13 20 15 24 19 21 10 19 13 2 18
21 0 13 15 10 25 22 3 7 24 20 9 6 2 10
24 7 0 5 17 18 22 8 4 24 22 14 2 11 7
18 24 22 0 1 9 9 21 20 4 9 6 17 15 19
24 21 16 10 0 11 11 19 11 22 24 22 14 22 5
11 11 13 23 14 0 4 19 3 23 7 18 1 5 20
22 19 1 7 16 25 0 19 10 9 6 20 11 8 13
4 5 15 12 6 16 11 0 13 18 2 4 16 20 3
8 1 15 6 20 10 24 24 0 4 14 14 12 3 13
4 22 13 11 19 2 11 15 16 0 8 13 7 3 7
21 4 25 25 11 4 8 11 18 3 0 18 8 7 9
12 3 8 24 25 6 13 8 6 16 22 0 7 8 13
20 10 15 3 10 9 6 22 19 22 14 4 0 23 2
24 17 12 19 23 12 11 8 6 23 13 25 1 0 20
5 23 6 14 24 19 21 20 6 12 7 12 19 3 0

0 16 16 23 18 25 10 18 7 3 1 17 7 6 7
7 0 12 1 1 5 22 9 3 9 5 3 6 4 22
3 14 0 23 10 4 15 5 21 24 4 12 20 15 6
5 16 10 0 24 14 4 16 15 24 24 7 14 6 16
9 6 20 10 0 7 8 12 20 20 24 16 16 19 14
2 1 10 2 7 0 19 9 5 22 22 1 1 2 14
22 2 8 1 13 17 0 6 7 5 11 11 15 5 22
14 23 21 11 5 20 22 0 15 22 5 23 17 9 24
5 16 10 2 13 16 16 17 0 21 12 3 10 18 2
25 19 24 20 16 3 21 23 8 0 9 20 15 20 19
13 10 8 5 3 16 8 13 16 19 0 6 8 7 14
24 15 20 17 6 9 7 14 7 9 12 0 1 5 22
13 16 11 5 21 19 4 1 14 24 3 14 0 6 7
3 5 13 15 11 1 16 4 6 23 16 15 5 0 18
23 9 19 12 12 6 18 10 3 22 24 13 20 9 0
