20 10 3
10    1  8 14    1  2 38    1  7 44    1  0 76    2  5 97  7 97    1  3 12    1  4 75    1  6 66    1  9 12    1  1 29
10    1  0 43    1  2 85    2  3 82  5 82    1  5 38    1  4 58    1  9 89    2  8 92  5 92    1  6 87    1  7 69    1  1 80
10    1  3 41    2  7 7  9 7    1  9 5    1  0 43    1  2 14    1  4 8    1  5 61    1  1 84    2  8 66  3 66    1  6 48
10    1  2 42    2  3 74  2 74    1  4 59    1  6 41    1  1 8    1  9 73    1  8 43    1  0 96    1  5 19    1  7 97
10    1  7 23    1  8 42    2  4 37  0 37    1  6 55    1  0 7    2  5 5  2 5    1  2 70    1  9 38    2  3 75  5 75    2  1 48  7 48
10    2  8 9  7 9    1  6 43    1  7 31    1  4 25    1  5 73    1  3 95    1  0 79    1  2 72    1  9 60    1  1 56
10    1  1 7    1  5 21    1  8 53    1  6 16    1  4 94    1  0 97    1  3 78    1  2 64    1  7 86    1  9 31
10    1  2 65    2  6 59  2 59    1  7 85    1  1 33    1  4 30    1  8 44    1  0 61    1  3 86    1  9 63    1  5 32
10    1  6 45    2  2 44  4 44    1  5 61    1  8 93    1  1 30    1  7 90    1  9 84    1  4 11    1  3 16    1  0 60
10    1  4 47    1  7 36    2  8 31  4 31    1  1 49    1  3 20    1  2 28    1  6 52    1  9 35    1  5 11    1  0 32
10    1  2 77    1  4 10    1  9 68    1  5 17    2  0 85  7 85    1  1 84    1  8 20    1  6 49    1  7 74    1  3 34
10    2  0 17  8 17    1  5 7    1  1 85    1  3 29    1  2 17    1  4 76    1  6 59    1  8 71    1  9 13    1  7 48
10    1  6 87    1  4 39    3  8 43  3 43  2 43    2  7 11  3 11    1  2 15    2  3 32  0 32    1  5 64    1  0 19    1  1 39    2  9 16  1 16
10    1  5 33    1  3 99    1  6 32    1  4 91    1  8 82    1  2 92    2  9 99  0 99    1  7 57    1  1 83    1  0 8
10    2  3 91  9 91    1  5 39    1  2 69    1  8 27    1  7 7    1  6 21    1  1 38    1  9 62    2  4 88  3 88    1  0 48
10    1  2 67    1  7 80    1  3 24    1  0 88    1  4 18    1  1 44    1  8 45    1  9 64    1  5 80    2  6 38  1 38
10    1  9 59    1  3 72    1  6 47    1  4 40    1  7 21    1  5 43    1  0 51    1  8 52    1  1 24    1  2 15
10    1  3 70    1  2 31    1  6 20    1  8 76    1  1 40    1  7 43    2  0 32  3 32    1  5 88    1  9 5    1  4 77
10    1  4 47    2  5 64  4 64    1  9 85    1  3 49    1  7 58    1  1 26    1  0 32    1  8 80    1  2 14    1  6 94
10    1  5 59    1  2 96    1  0 5    1  7 79    1  8 34    1  4 75    1  3 26    1  6 9    1  9 23    1  1 11

0 17 9 2 3 21 5 15 20 12 19 21 8 9 19 13 1 3 11 25
3 0 17 6 21 21 14 20 24 24 12 9 10 7 4 2 1 17 1 12
15 1 0 1 22 15 23 18 14 14 3 24 9 23 24 21 21 22 1 11
22 24 7 0 10 4 21 13 24 2 24 5 2 10 10 10 21 12 14 5
13 11 25 11 0 9 14 15 25 11 17 14 19 8 6 19 3 9 2 17
7 12 25 5 25 0 24 2 4 16 4 13 10 9 24 13 4 1 5 23
14 16 1 20 16 14 0 16 11 6 24 20 5 6 22 12 15 7 20 9
8 16 21 25 12 21 21 0 8 15 4 7 22 24 4 13 4 22 10 3
3 25 24 13 20 19 5 15 0 4 5 3 5 5 21 19 17 21 19 9
21 7 1 24 9 19 25 16 8 0 17 10 9 12 15 1 20 22 10 23
16 5 5 12 16 23 10 4 21 19 0 21 11 2 12 1 6 8 14 3
1 13 15 22 15 21 12 1 19 3 25 0 16 8 22 6 17 16 9 12
5 5 6 24 11 22 6 4 24 9 3 13 0 1 25 9 18 22 25 1
9 14 12 4 25 13 4 4 20 3 15 4 10 0 12 6 19 19 18 6
19 1 8 6 23 4 12 20 19 6 18 4 14 20 0 5 8 25 8 10
23 20 15 19 13 15 2 2 16 20 12 15 21 12 3 0 7 16 14 25
22 4 15 16 18 7 20 13 12 10 10 2 10 21 9 24 0 21 16 4
7 4 6 25 19 13 19 7 14 8 11 21 14 22 16 16 7 0 10 8
5 20 2 3 10 8 7 11 4 7 18 18 10 10 23 1 25 21 0 23
11 16 17 5 8 3 9 24 22 2 8 15 19 21 20 8 20 21 18 0

0 4 11 13 1 7 1 10 12 2 14 15 22 13 11 12 18 12 1 21
12 0 19 3 17 5 5 12 23 14 8 13 9 2 13 25 7 11 9 7
21 8 0 9 22 13 3 23 9 10 18 12 4 22 13 8 22 13 6 2
21 18 11 0 10 19 18 3 5 2 8 8 10 12 5 11 11 5 1 15
17 11 7 20 0 7 14 17 21 3 18 13 11 9 19 19 22 16 21 9
25 5 7 22 21 0 11 17 19 18 11 24 16 13 23 5 12 13 22 4
14 22 24 21 10 4 0 9 2 6 10 4 10 9 11 18 6 20 7 10
16 20 13 16 3 18 4 0 6 5 4 19 10 4 13 13 15 21 2 24
7 24 9 22 1 6 16 13 0 17 23 19 10 5 18 9 7 24 5 19
8 25 6 20 6 1 19 23 1 0 16 10 9 12 6 13 6 16 12 10
4 6 10 19 24 22 6 20 24 25 0 22 11 11 13 7 20 4 21 6
3 6 13 1 17 13 18 17 22 4 14 0 15 23 14 10 5 5 21 4
20 14 17 7 17 5 11 14 16 1 12 12 0 24 10 19 14 5 11 10
3 2 9 9 18 22 3 13 25 25 13 20 14 0 8 23 9 23 25 20
25 21 8 25 16 22 2 6 2 23 14 14 9 23 0 3 3 23 19 5
10 18 10 14 8 11 23 16 10 2 1 17 15 16 18 0 21 11 13 20
23 16 14 12 20 21 23 10 6 2 6 22 14 4 12 9 0 5 25 24
1 14 13 25 24 7 16 7 23 14 24 20 8 25 9 22 14 0 13 24
8 25 17 13 4 7 17 25 2 7 25 12 17 25 9 21 11 1 0 6
20 12 17 17 20 13 8 5 23 8 2 9 23 6 15 20 14 20 14 0

0 2 25 15 4 2 21 24 3 11 11 18 15 20 7 5 18 3 23 18
4 0 19 2 22 22 21 21 2 24 23 16 8 8 19 25 16 7 13 21
22 11 0 11 14 3 16 5 11 18 11 14 3 25 3 1 13 24 24 3
21 3 13 0 3 19 16 5 8 11 22 7 24 4 21 3 17 10 21 3
3 2 18 3 0 3 23 20 21 14 13 20 12 11 16 5 13 6 8 3
10 14 25 5 7 0 18 14 7 20 13 14 3 21 25 11 1 5 13 22
21 2 22 5 15 13 0 4 13 11 9 17 13 5 6 18 15 23 9 24
17 10 12 5 19 17 20 0 8 21 17 23 5 2 11 7 7 6 11 21
17 12 1 8 12 17 9 15 0 16 10 2 2 25 8 6 11 7 25 21
15 3 2 16 19 19 15 3 6 0 3 12 10 4 15 12 10 13 2 23
8 4 3 11 14 1 25 5 17 18 0 9 1 11 20 17 20 25 15 8
21 16 20 7 13 16 2 24 6 12 4 0 25 3 20 25 21 20 12 4
15 14 17 23 10 5 10 21 17 5 15 22 0 22 17 17 23 9 23 7
10 8 25 8 4 17 17 10 23 16 3 17 22 0 24 6 20 17 21 21
23 10 21 13 13 18 3 4 11 22 16 1 18 4 0 19 21 12 11 24
12 10 21 20 8 1 9 16 6 6 4 6 21 20 15 0 15 19 24 23
2 25 18 1 15 5 4 3 1 20 4 16 13 1 9 9 0 9 19 11
19 12 3 18 14 14 23 9 12 12 23 18 2 14 1 1 25 0 5 13
3 1 1 9 23 14 1 1 7 1 9 7 6 2 12 12 15 3 0 25
6 25 20 18 19 13 25 18 2 2 16 5 11 16 6 4 12 10 3 0

0 18 14 8 14 16 6 2 6 10 11 16 7 24 24 25 12 18 9 14
22 0 20 13 20 17 21 1 17 24 7 24 17 19 6 6 17 9 18 24
21 22 0 13 13 23 3 16 11 18 9 9 3 4 11 19 6 15 1 10
8 23 18 0 1 10 20 16 24 17 17 15 11 1 10 18 1 17 25 10
4 17 19 8 0 1 8 1 25 5 5 25 1 13 8 23 2 3 20 23
20 14 13 20 23 0 5 24 20 20 15 9 15 3 2 15 8 23 5 1
8 25 13 5 17 5 0 4 9 15 21 23 25 17 22 9 8 12 10 21
11 21 20 15 23 14 24 0 15 24 13 19 20 5 16 6 3 25 2 14
10 18 24 16 3 17 6 22 0 3 18 17 13 12 16 10 3 6 21 8
17 8 18 5 5 4 3 7 18 0 10 3 25 9 16 5 15 20 4 24
15 11 6 22 11 21 8 25 1 5 0 15 18 5 15 3 4 17 22 6
18 23 25 5 3 23 24 13 19 8 4 0 13 10 18 21 20 4 4 20
16 9 6 20 21 9 25 18 24 1 2 18 0 12 24 21 19 7 10 3
6 4 12 15 4 22 18 8 14 13 12 23 8 0 5 9 22 11 7 24
23 2 19 21 16 2 18 16 18 17 18 5 7 11 0 18 2 9 12 3
20 13 23 22 15 3 8 24 2 25 22 5 15 24 17 0 17 18 22 21
12 17 4 15 2 17 6 10 24 20 2 10 13 19 19 20 0 2 16 19
22 6 9 10 18 22 7 8 12 21 7 16 15 17 6 17 6 0 4 7
3 4 13 1 11 9 25 19 3 4 12 2 5 12 12 25 8 20 0 20
2 24 23 12 19 9 19 7 2 11 18 8 11 5 18 4 19 1 13 0

0 12 9 7 1 5 5 21 17 2 21 20 22 9 10 23 12 22 8 8
18 0 9 3 6 25 18 14 12 17 24 8 23 14 17 25 19 16 23 19
20 25 0 22 3 12 21 5 23 8 19 9 17 18 3 8 8 16 10 22
19 18 8 0 15 1 4 5 3 19 16 1 16 5 25 18 17 1 25 8
14 5 14 17 0 20 14 12 25 10 3 9 24 2 7 25 18 18 19 9
13 17 8 18 17 0 15 18 17 21 14 10 1 24 3 7 24 2 20 16
23 5 7 25 9 23 0 14 25 6 11 1 21 12 11 3 14 24 21 16
1 10 21 22 16 3 18 0 1 10 12 25 20 14 3 20 6 24 11 25
22 24 8 16 1 7 19 12 0 14 1 22 20 2 14 20 6 23 13 5
4 1 13 12 13 4 7 13 4 0 24 12 9 9 6 10 21 6 25 2
17 1 12 15 6 20 10 22 12 5 0 7 20 17 22 13 14 24 18 24
7 8 16 23 17 5 12 8 8 12 14 0 1 11 14 25 4 14 1 8
21 20 14 18 18 2 2 9 25 23 20 7 0 19 18 6 22 8 10 8
12 5 18 4 15 23 4 14 24 8 14 8 6 0 18 22 4 18 7 12
17 19 7 20 7 1 10 2 17 19 10 11 11 15 0 13 12 10 9 19
15 7 1 1 17 24 3 19 7 9 2 14 22 17 3 0 20 18 19 1
8 19 4 21 17 17 5 21 22 21 5 22 13 24 24 10 0 16 11 9
19 13 2 6 19 3 24 8 8 24 24 7 1 13 6 7 11 0 1 18
3 9 16 10 11 7 23 15 3 10 11 21 18 12 14 9 6 6 0 1
14 25 13 3 24 18 8 3 24 9 9 3 21 11 7 2 24 22 16 0

0 9 13 10 23 18 2 5 10 13 20 10 1 24 21 11 16 18 16 12
21 0 9 13 22 4 23 3 12 11 2 12 4 8 25 23 14 22 18 3
6 10 0 24 1 1 19 23 14 9 9 7 23 1 13 19 6 23 21 22
16 5 6 0 23 1 11 7 23 10 20 1 8 11 12 10 18 20 3 6
7 12 15 15 0 12 7 22 5 5 11 3 5 16 1 24 18 15 1 23
16 21 21 13 6 0 21 8 3 9 5 14 9 18 6 13 1 1 3 1
9 6 19 25 5 24 0 25 12 15 22 21 7 23 4 7 23 1 18 12
23 1 21 11 18 23 12 0 23 17 1 7 7 17 21 21 1 17 4 16
16 4 4 4 25 8 19 25 0 10 10 11 22 18 2 4 21 3 7 23
19 23 13 22 20 22 8 3 24 0 10 12 17 11 19 5 9 14 15 23
9 13 15 18 7 16 6 6 12 9 0 16 10 13 14 4 20 8 10 2
19 8 16 23 9 12 19 24 9 9 13 0 25 6 23 2 17 3 12 22
23 14 14 8 22 22 3 2 24 4 11 13 0 7 22 9 17 20 9 23
10 12 18 6 13 11 11 3 1 18 24 23 15 0 3 17 20 2 2 21
17 25 3 11 6 18 7 14 21 1 22 8 21 5 0 25 23 19 5 18
9 8 8 14 1 21 1 10 11 2 6 19 16 21 17 0 17 13 10 2
14 6 5 15 17 14 9 4 4 20 20 13 25 1 11 8 0 25 2 13
14 15 10 21 1 2 11 1 14 1 13 10 21 3 18 25 2 0 14 23
17 2 1 5 20 13 10 25 25 14 7 9 2 22 4 2 13 15 0 1
22 7 16 20 11 24 19 5 11 22 18 18 4 21 10 12 10 14 12 0

0 7 3 22 20 1 19 4 20 24 15 16 21 3 12 13 6 13 16 2
12 0 5 4 15 15 10 16 5 14 4 7 1 23 24 23 5 20 17 5
5 21 0 17 12 14 22 7 24 21 3 15 9 16 1 21 16 14 9 5
23 21 2 0 20 17 2 12 18 14 13 16 5 17 2 8 10 9 1 9
12 16 6 6 0 7 19 3 6 25 2 13 13 6 8 23 15 25 14 15
15 15 13 22 20 0 9 24 9 19 16 2 18 5 18 22 18 20 6 5
2 21 17 25 19 20 0 2 20 6 19 20 16 4 22 1 21 6 15 21
11 6 17 23 14 20 4 0 4 5 11 8 24 18 11 16 18 18 9 10
8 10 22 16 25 23 23 6 0 23 14 23 1 13 22 25 18 20 22 24
14 19 14 25 22 3 7 22 21 0 24 14 9 18 25 24 15 19 21 5
20 16 22 5 7 12 12 21 11 8 0 14 7 14 18 11 24 1 6 1
2 13 17 23 1 24 24 4 9 16 20 0 10 7 4 8 6 13 14 17
7 14 11 13 3 3 19 5 3 14 25 17 0 24 22 1 4 17 1 24
9 1 25 10 6 19 17 8 22 19 10 20 8 0 11 15 8 21 16 23
19 22 20 9 7 19 16 8 5 25 7 22 10 15 0 17 12 24 14 14
20 13 7 10 6 20 23 25 7 11 10 6 2 2 13 0 13 3 11 1
10 2 6 15 7 7 3 2 8 21 13 14 14 15 1 22 0 14 20 1
21 22 19 13 19 1 10 2 11 23 15 1 13 6 1 17 11 0 22 7
16 18 16 8 4 24 11 23 17 6 11 19 23 9 25 22 21 4 0 11
12 2 19 21 22 2 21 7 10 23 2 11 3 23 22 23 6 23 7 0

0 23 17 8 2 2 15 23 15 17 8 24 15 10 5 23 14 23 16 16
7 0 6 16 1 17 24 14 15 1 11 17 10 16 6 23 22 21 5 22
16 14 0 18 4 1 23 17 11 6 9 2 8 25 21 4 2 24 24 23
8 9 7 0 25 17 8 4 25 17 4 23 19 6 5 11 1 1 11 19
24 7 8 22 0 5 23 25 7 21 20 4 17 7 15 10 6 21 24 1
16 9 18 20 17 0 6 15 1 24 7 24 21 3 8 22 8 16 8 20
6 5 5 17 22 15 0 15 11 14 18 2 20 4 14 23 13 13 7 22
17 1 18 8 18 18 1 0 13 1 23 14 14 13 1 25 24 9 12 23
6 6 15 8 21 23 5 1 0 25 3 9 3 25 19 9 22 1 7 17
15 23 10 3 2 1 21 6 13 0 12 2 5 5 22 25 8 4 16 16
16 19 15 16 5 1 6 2 12 25 0 9 3 11 14 15 9 5 4 20
3 1 15 23 9 20 14 16 11 12 23 0 20 24 6 22 6 6 2 16
3 4 22 16 22 25 4 1 3 4 7 5 0 1 19 3 25 1 8 21
16 16 21 14 1 1 24 17 14 24 25 10 23 0 10 22 6 13 13 22
1 25 2 5 2 16 13 19 24 11 22 23 7 4 0 17 4 20 15 19
4 13 23 23 8 15 12 20 2 25 23 22 6 7 21 0 5 8 7 16
19 9 7 6 6 2 24 24 9 16 12 16 9 15 5 14 0 22 19 20
10 25 20 8 6 16 9 8 5 9 24 1 5 9 25 5 9 0 1 6
21 13 24 24 18 21 20 6 3 22 8 6 25 8 14 22 21 19 0 10
3 5 20 12 23 25 21 24 20 12 16 25 24 23 16 17 24 22 19 0

0 10 16 2 16 24 9 20 22 16 23 23 15 3 9 22 12 3 23 14
20 0 16 10 1 7 4 25 22 19 22 20 13 25 22 20 22 22 11 16
4 9 0 23 25 9 24 21 24 15 16 8 15 7 20 4 7 17 11 5
10 19 1 0 17 22 7 24 22 12 16 23 6 17 14 11 6 4 13 14
21 18 3 14 0 9 17 18 12 24 10 9 18 2 7 8 1 11 16 8
12 10 16 6 21 0 5 13 4 24 4 20 12 10 3 3 24 16 13 12
12 14 12 24 6 13 0 20 20 22 22 10 25 8 3 17 19 2 22 24
17 9 18 5 13 20 20 0 6 18 24 14 18 2 11 2 4 24 12 25
22 18 20 4 10 15 3 23 0 20 10 18 11 16 21 17 9 24 5 1
6 19 9 16 9 2 11 19 2 0 18 8 4 14 23 15 19 24 18 18
4 13 23 22 13 18 15 19 14 1 0 5 20 23 1 5 3 6 23 1
17 2 3 4 21 11 18 10 22 14 4 0 25 20 24 21 23 13 21 3
9 12 16 19 16 10 17 22 17 12 8 6 0 14 6 4 17 5 15 13
15 14 22 7 3 14 8 4 25 7 7 8 22 0 17 4 14 16 20 6
1 11 12 22 6 20 19 19 20 17 16 4 5 23 0 1 23 19 1 12
8 9 4 7 21 15 2 18 2 24 17 10 12 14 12 0 6 19 7 25
2 13 14 12 12 8 20 4 5 8 8 12 18 4 7 15 0 7 15 18
24 13 12 9 10 16 23 8 3 2 24 22 24 2 2 14 18 0 14 6
13 18 10 8 21 1 23 23 21 2 24 13 14 2 8 19 11 3 0 1
12 23 15 21 11 3 3 23 2 4 22 11 12 17 19 3 1 17 20 0

0 2 8 21 24 18 10 22 8 1 10 24 20 9 12 23 19 8 24 9
3 0 3 1 23 25 2 24 7 2 18 25 4 1 11 16 20 24 15 20
19 15 0 15 3 1 24 25 20 23 10 22 3 19 2 22 7 12 4 15
1 6 8 0 17 5 4 18 19 14 2 25 20 20 19 6 22 14 15 24
1 19 19 13 0 24 11 7 18 23 24 23 24 13 19 2 11 15 23 1
2 19 8 14 21 0 2 25 12 9 6 11 20 11 10 4 7 3 19 10
9 9 19 11 11 4 0 25 4 11 4 7 1 2 10 3 12 21 14 6
12 16 24 2 13 5 16 0 3 11 20 22 11 11 5 5 23 21 1 15
2 20 21 21 4 2 9 22 0 17 16 9 12 21 20 9 10 4 17 1
11 13 13 13 14 6 20 11 14 0 8 7 24 2 24 13 10 6 17 3
3 11 4 1 13 10 15 3 10 20 0 15 10 10 7 1 25 11 2 10
16 7 18 10 16 6 23 13 9 19 22 0 18 17 20 19 14 3 2 6
12 14 9 24 22 4 24 9 24 5 6 2 0 2 5 14 22 9 6 1
16 11 18 13 13 1 4 11 12 13 15 17 1 0 16 11 2 15 22 7
8 22 21 17 20 3 5 14 16 1 15 12 21 7 0 22 5 10 5 1
22 19 9 23 23 11 22 16 14 10 1 14 15 22 16 0 10 21 25 4
5 21 3 1 4 6 2 12 2 3 2 25 11 5 5 8 0 13 2 8
13 22 9 25 21 22 25 19 25 20 4 20 12 23 6 10 6 0 20 16
15 13 8 3 24 5 15 1 5 5 13 17 14 20 21 6 9 22 0 9
14 8 21 17 3 5 9 15 12 10 22 6 2 17 1 16 3 19 16 0
