15 5 3
5    1  1 66    1  3 85    2  2 84  1 84    1  0 62    1  4 19
5    2  3 59  2 59    2  1 64  2 64    3  2 46  4 46  1 46    3  4 13  3 13  0 13    3  0 25  1 25  2 25
5    2  4 88  2 88    2  3 80  0 80    2  1 73  3 73    3  2 53  3 53  0 53    1  0 41
5    2  0 14  3 14    1  1 67    1  2 57    3  3 74  0 74  4 74    3  4 47  3 47  2 47
5    3  0 84  3 84  4 84    1  4 64    2  2 41  0 41    1  3 84    1  1 78
5    3  0 63  2 63  1 63    1  3 28    2  1 46  4 46    3  2 26  1 26  4 26    1  4 52
5    3  3 10  4 10  1 10    1  2 17    3  4 73  1 73  2 73    2  1 11  2 11    1  0 64
5    3  2 67  1 67  3 67    3  1 97  4 97  2 97    1  3 95    1  4 38    2  0 85  3 85
5    2  2 95  4 95    2  4 46  0 46    2  0 59  3 59    2  1 65  0 65    1  3 93
5    1  2 43    2  4 85  1 85    2  3 32  4 32    3  1 85  2 85  0 85    2  0 60  1 60
5    3  4 49  3 49  0 49    3  3 41  4 41  2 41    2  2 61  1 61    1  0 66    1  1 90
5    1  1 17    2  0 23  4 23    1  3 70    2  4 99  0 99    3  2 49  1 49  4 49
5    1  4 40    2  3 73  2 73    3  0 73  2 73  1 73    2  1 98  2 98    2  2 68  3 68
5    2  3 57  1 57    2  1 9  3 9    2  2 7  0 7    1  0 13    1  4 98
5    3  0 37  2 37  4 37    2  1 85  0 85    1  2 17    2  4 79  1 79    3  3 41  0 41  2 41

0 5 12 15 18 25 13 21 19 5 8 20 13 2 17
12 0 15 11 11 23 3 11 15 24 4 5 24 28 27
21 25 0 22 12 13 1 25 8 24 1 7 14 1 5
19 1 17 0 23 10 20 4 7 14 9 8 16 20 3
21 27 7 15 0 23 2 10 7 27 13 3 17 23 4
1 25 8 17 16 0 12 4 10 28 1 25 23 28 24
19 14 1 18 6 10 0 9 3 13 18 28 11 13 24
23 19 7 21 21 14 15 0 16 9 21 17 13 17 9
9 18 4 28 16 15 15 9 0 27 26 26 6 17 16
13 22 3 28 13 24 11 20 11 0 19 8 9 14 2
12 17 28 7 8 24 18 22 3 16 0 25 25 12 14
17 23 2 23 2 15 15 16 18 27 8 0 21 10 13
8 26 8 1 20 13 28 23 22 20 4 25 0 19 17
7 17 2 23 26 28 1 7 27 20 28 20 3 0 24
9 7 1 11 26 24 28 9 26 13 3 2 16 28 0

0 11 27 2 4 7 14 4 17 7 24 16 4 2 4
5 0 24 14 21 7 18 1 26 4 17 25 15 12 17
5 26 0 22 19 17 6 15 9 23 19 28 5 15 3
13 4 22 0 15 12 11 9 23 17 13 9 11 3 25
26 27 10 13 0 21 7 1 18 8 28 25 15 22 1
16 15 23 10 12 0 9 13 17 20 10 9 6 3 21
2 13 23 27 16 16 0 6 2 21 17 23 18 7 17
5 14 26 13 16 25 16 0 8 25 17 26 20 25 28
19 4 7 4 20 7 26 20 0 19 24 27 15 8 3
4 10 22 21 2 3 25 17 25 0 18 7 19 27 19
4 11 11 10 16 12 17 20 9 4 0 28 27 2 8
19 13 3 27 15 6 3 9 28 22 8 0 22 15 10
15 27 23 7 19 28 6 23 3 8 13 20 0 20 19
8 10 13 14 13 9 8 19 23 1 7 24 25 0 18
25 7 8 1 25 1 16 27 27 27 3 20 27 22 0

0 20 9 18 8 13 13 8 20 2 7 28 12 3 25
1 0 21 25 24 15 14 1 24 2 5 21 10 1 2
1 19 0 12 8 2 24 28 14 22 7 17 25 19 7
10 17 20 0 7 23 16 9 4 13 9 4 6 15 20
9 2 18 26 0 8 20 22 19 24 6 4 22 5 26
26 1 12 25 26 0 13 28 3 17 14 15 28 16 13
7 6 23 3 22 16 0 13 24 27 6 12 27 21 5
5 5 14 11 20 12 10 0 9 16 7 4 15 4 3
28 20 23 25 20 22 7 20 0 13 16 16 11 7 15
15 5 6 10 3 17 25 27 20 0 1 4 11 27 24
14 3 23 3 9 25 6 27 1 1 0 7 21 23 4
20 20 12 3 6 10 26 9 10 24 25 0 8 21 19
26 26 15 8 22 11 13 20 21 12 8 19 0 18 28
7 22 27 4 27 6 21 26 14 24 26 13 19 0 8
4 27 5 17 22 8 24 27 21 26 27 2 8 6 0

0 25 5 22 19 5 26 8 23 18 18 7 24 1 2
7 0 12 6 13 23 3 26 5 27 22 10 2 17 11
25 16 0 28 28 7 18 20 27 26 19 12 6 22 11
5 12 9 0 6 6 22 6 6 7 13 6 3 17 5
14 9 14 8 0 26 22 6 10 11 3 6 23 14 11
2 20 18 21 14 0 28 14 2 12 3 14 2 7 13
27 11 27 22 7 10 0 24 14 8 9 24 4 12 11
11 2 20 16 23 8 1 0 8 4 8 2 12 6 22
12 26 24 28 11 23 23 11 0 22 1 18 24 10 22
17 13 3 22 22 1 2 4 21 0 7 13 4 28 22
14 25 16 5 7 3 13 4 12 26 0 27 18 19 12
14 6 18 15 24 19 14 21 26 24 3 0 24 14 24
17 9 21 16 18 5 9 18 28 20 2 24 0 11 6
15 1 24 17 18 10 13 17 21 1 17 17 12 0 18
18 18 20 14 24 23 27 4 22 13 15 2 8 18 0

0 7 25 9 15 27 25 28 8 7 22 16 11 16 19
24 0 1 19 14 21 12 7 18 16 20 25 19 10 16
17 12 0 6 26 22 8 27 6 1 6 3 1 17 7
12 23 20 0 1 8 26 28 2 5 1 28 26 18 3
5 9 26 2 0 10 13 26 22 2 14 24 26 9 15
21 25 1 14 19 0 18 19 26 23 21 19 9 6 16
17 14 9 15 21 1 0 8 8 10 1 12 24 12 27
7 26 11 23 10 2 4 0 6 1 18 22 9 20 18
27 10 24 27 10 4 20 26 0 14 25 19 5 5 20
20 28 16 22 20 15 6 26 10 0 16 18 16 1 6
9 5 12 1 1 17 1 26 4 6 0 11 4 9 20
3 23 12 2 20 17 20 3 7 28 13 0 10 10 9
27 22 9 26 1 10 9 4 17 25 25 2 0 17 26
8 23 28 3 11 15 3 14 5 19 9 5 11 0 24
6 19 23 10 7 11 27 26 21 20 25 17 1 15 0
