20 5 2
5    1  0 29    1  1 9    1  2 49    1  3 62    2  4 44  2 44
5    1  0 43    1  1 75    1  3 69    1  2 46    1  4 72
5    1  1 91    1  0 39    2  2 90  0 90    1  4 12    1  3 45
5    1  1 81    2  0 71  3 71    1  4 9    1  2 85    1  3 22
5    1  2 14    2  1 22  2 22    1  0 26    1  3 21    1  4 72
5    1  2 84    1  1 52    2  4 48  3 48    1  0 47    1  3 6
5    2  1 46  2 46    1  0 61    1  2 32    1  3 32    1  4 30
5    1  2 31    1  1 46    1  0 32    1  3 19    1  4 36
5    1  0 76    2  3 76  0 76    1  2 85    1  1 40    2  4 26  2 26
5    1  1 85    1  2 61    2  0 64  3 64    1  3 47    2  4 90  2 90
5    1  1 78    1  3 36    1  0 11    1  4 56    1  2 21
5    1  2 90    1  0 11    1  1 28    1  3 46    1  4 30
5    1  0 85    1  2 74    1  1 10    1  3 89    1  4 33
5    1  2 95    1  0 99    1  1 52    1  3 98    1  4 43
5    2  0 6  2 6    1  1 61    1  4 69    1  2 49    1  3 53
5    1  1 2    1  0 95    1  3 72    1  4 65    1  2 25
5    2  0 37  4 37    1  2 13    1  1 21    1  3 89    1  4 55
5    1  0 86    1  1 74    1  4 88    1  2 48    1  3 79
5    1  1 69    2  2 51  4 51    1  0 11    1  3 89    1  4 74
5    1  0 13    1  1 7    1  2 76    1  3 52    1  4 45

0 24 14 14 6 11 22 16 6 5 20 16 20 9 2 17 13 24 9 17
25 0 9 5 8 13 23 11 14 2 6 22 4 3 21 13 10 1 12 16
18 2 0 6 11 11 9 7 22 23 5 16 25 5 17 4 4 8 6 14
11 18 24 0 26 26 3 21 23 22 25 17 11 23 21 25 26 26 26 2
12 6 7 1 0 13 12 7 20 13 24 14 12 12 1 21 14 12 9 25
15 17 23 6 3 0 24 23 14 17 4 13 11 22 16 7 14 19 2 4
8 19 15 2 9 20 0 24 3 4 24 20 9 25 17 2 12 12 24 18
26 1 4 3 17 11 23 0 18 24 3 13 17 8 22 19 26 5 8 7
11 26 15 23 20 5 15 2 0 19 17 5 12 10 9 5 16 22 20 11
11 8 26 17 17 19 12 25 17 0 15 8 17 17 11 5 11 3 13 12
23 1 7 6 16 22 25 16 1 4 0 21 17 5 22 26 15 10 21 23
8 13 9 10 7 17 10 7 8 15 17 0 10 10 19 1 15 4 18 23
5 10 4 23 17 15 14 10 20 2 15 26 0 23 23 18 3 26 26 25
9 19 2 6 18 13 11 20 21 17 18 21 3 0 5 25 18 11 26 4
13 5 24 2 3 21 14 3 10 7 3 25 17 21 0 9 1 24 3 21
17 25 11 19 3 17 14 4 6 2 16 4 2 25 4 0 1 1 18 20
2 12 23 2 7 8 22 17 4 11 14 18 2 22 17 3 0 25 1 11
21 20 14 24 18 6 16 8 10 5 17 24 25 26 1 26 26 0 13 26
7 10 4 20 22 15 9 6 11 5 25 26 5 21 14 4 2 18 0 18
5 14 17 2 17 8 3 26 19 1 4 20 3 3 13 8 4 1 11 0

0 7 13 25 14 20 15 3 23 19 1 21 23 19 5 7 14 14 24 6
8 0 16 5 13 17 16 9 2 9 4 18 9 1 10 13 10 13 2 18
15 15 0 3 14 24 3 20 6 3 15 4 10 19 3 11 19 16 21 23
11 10 12 0 18 10 21 2 16 16 8 2 24 1 24 3 3 11 8 16
10 22 13 20 0 12 17 19 13 19 23 25 10 21 3 11 2 7 1 8
22 22 8 19 4 0 17 8 3 8 19 21 9 24 5 25 12 11 18 13
22 14 20 3 17 18 0 12 18 19 10 15 1 16 11 5 5 5 21 3
18 16 20 2 7 14 18 0 14 8 6 21 12 15 23 9 10 26 3 21
26 16 7 25 26 23 11 19 0 6 12 22 17 6 9 6 14 26 11 2
14 21 1 16 18 19 21 25 12 0 6 15 14 1 13 24 14 2 22 21
5 22 13 3 12 24 17 23 19 11 0 6 19 14 20 8 4 18 22 11
14 22 6 24 14 17 9 12 24 13 26 0 6 2 20 14 6 10 13 8
20 1 19 24 26 21 1 1 12 23 9 4 0 17 2 6 14 19 7 12
4 23 12 21 14 21 19 25 6 1 12 8 18 0 12 26 23 26 19 21
10 5 9 18 5 1 1 17 19 10 26 23 1 2 0 19 11 17 13 21
8 24 16 9 14 21 12 20 17 13 25 4 18 23 14 0 24 11 4 14
22 13 2 1 23 14 10 18 5 17 5 19 14 8 2 3 0 18 9 16
8 16 12 26 10 22 12 24 3 9 10 20 21 2 11 18 16 0 18 5
20 7 7 21 20 18 13 3 11 7 12 1 16 19 19 11 14 3 0 17
23 13 1 14 25 11 3 14 22 14 15 6 4 9 13 5 14 13 20 0

0 11 18 13 25 14 3 23 23 11 21 20 22 18 10 1 18 22 16 22
5 0 15 14 25 2 16 8 6 26 9 12 12 23 13 9 7 16 3 12
22 12 0 4 9 13 15 18 9 17 12 11 20 12 5 21 18 23 18 8
4 23 24 0 11 3 23 25 25 3 10 21 1 5 10 15 2 16 11 25
3 25 20 22 0 25 21 6 1 8 21 23 15 24 13 26 16 19 10 17
19 3 23 18 9 0 11 9 8 24 25 26 6 20 24 15 24 22 17 24
7 26 12 7 13 15 0 6 15 21 23 26 3 5 26 1 10 12 18 8
6 16 25 5 3 25 10 0 16 8 10 25 18 4 8 17 4 14 12 9
16 6 18 2 14 20 17 16 0 24 20 4 7 2 20 23 16 18 14 25
23 15 4 5 23 26 16 10 3 0 18 8 23 24 7 10 20 9 6 20
25 10 25 19 9 23 11 10 1 23 0 2 14 15 6 2 26 15 11 22
1 6 6 2 3 7 8 21 20 26 8 0 2 11 2 23 1 18 11 3
11 25 1 4 17 7 11 1 10 21 5 1 0 15 20 21 14 22 1 26
5 16 10 11 8 16 18 8 13 17 11 24 18 0 15 11 7 19 14 24
6 5 18 21 16 25 26 18 15 7 21 23 4 3 0 7 23 11 23 9
7 9 3 7 12 16 7 1 24 5 20 15 7 16 5 0 5 23 9 17
17 17 1 15 8 23 10 15 18 24 6 16 17 19 7 16 0 11 16 6
14 15 4 4 8 13 3 16 23 24 9 21 5 8 23 6 9 0 1 10
6 7 18 16 11 14 7 3 17 12 7 21 2 24 7 3 14 2 0 23
25 13 15 14 9 4 11 2 26 23 5 25 5 11 10 12 18 9 20 0

0 14 24 11 11 8 23 14 18 22 18 22 17 19 17 15 26 7 18 9
3 0 20 18 21 21 18 2 22 1 9 26 26 6 2 3 21 18 18 21
20 25 0 14 12 3 2 9 24 9 9 22 11 26 24 25 17 8 13 6
3 19 2 0 6 16 16 21 2 8 17 19 12 12 19 26 24 3 16 16
26 5 14 15 0 4 10 8 2 3 2 9 23 14 20 1 6 26 14 23
9 2 9 2 23 0 19 9 7 18 1 21 4 14 24 9 3 25 4 5
6 12 12 5 5 17 0 22 21 25 26 15 26 19 19 25 17 22 12 24
6 5 18 15 8 26 14 0 15 9 4 22 8 3 3 9 13 11 12 16
3 11 5 22 6 11 13 13 0 7 4 22 23 9 24 24 7 23 10 7
23 23 5 17 7 14 4 24 18 0 21 6 8 4 8 15 8 5 19 15
20 13 25 16 21 12 5 20 22 24 0 20 20 14 11 8 17 22 7 2
15 8 12 9 24 8 1 25 23 7 23 0 3 19 18 9 9 20 6 10
18 13 7 10 13 18 13 14 10 6 25 4 0 19 25 7 15 4 25 16
20 20 19 17 15 7 4 10 23 20 15 8 21 0 11 17 22 22 14 25
3 14 8 1 22 7 26 2 7 9 19 14 4 5 0 13 10 26 24 16
8 24 20 12 2 23 10 19 8 25 2 4 12 18 25 0 25 4 22 15
16 4 23 8 17 3 22 13 20 1 2 14 20 4 20 10 0 2 15 16
17 4 5 26 19 7 4 24 12 1 19 13 9 7 22 6 13 0 9 22
7 18 7 3 11 10 20 22 22 4 4 20 26 15 25 13 10 11 0 11
8 1 22 21 10 13 10 10 19 7 20 22 9 13 9 21 26 2 9 0

0 6 5 14 22 8 5 21 23 19 10 26 21 26 5 23 1 14 22 6
4 0 4 8 14 9 8 1 9 8 22 1 10 17 21 26 15 23 10 15
3 11 0 8 24 22 13 15 23 11 14 13 9 13 15 13 5 16 19 1
10 11 19 0 17 13 25 1 4 7 16 4 2 22 25 2 23 12 12 11
22 15 21 19 0 15 2 25 7 4 7 13 25 13 24 21 9 1 13 22
10 18 20 14 6 0 6 14 12 19 5 13 15 1 24 20 16 13 19 18
12 3 20 14 10 4 0 7 14 19 7 23 9 18 10 4 23 21 8 6
16 24 12 22 15 17 5 0 25 10 12 21 11 14 21 7 8 21 25 8
16 9 24 4 1 26 24 13 0 19 15 12 24 13 12 25 5 19 6 12
8 25 21 17 20 15 15 10 8 0 14 16 13 24 3 13 25 12 22 10
14 12 19 12 14 6 6 14 9 4 0 13 4 5 15 7 3 22 10 1
15 22 8 14 6 4 14 1 24 12 8 0 18 25 5 7 26 4 10 5
15 25 20 15 20 25 11 23 8 18 25 15 0 8 18 26 25 13 14 6
11 16 15 26 3 6 22 20 10 18 9 26 26 0 10 4 20 9 8 6
25 11 19 5 15 13 8 18 25 2 18 15 9 22 0 14 14 7 21 16
16 10 11 6 13 1 4 20 20 6 12 1 21 4 16 0 19 22 9 2
8 19 26 18 22 18 19 13 25 5 9 5 19 4 15 17 0 7 20 19
25 19 26 8 16 17 18 19 6 26 4 16 11 19 4 16 15 0 11 20
22 20 8 20 5 22 15 25 22 1 3 21 12 17 20 6 9 24 0 20
3 26 4 26 22 19 24 18 2 26 18 9 7 16 11 9 4 5 25 0
