20 10 9
10    5  1 52  2 52  6 52  7 52  8 52    5  0 26  3 26  4 26  7 26  8 26    4  1 71  5 71  6 71  9 71    5  0 16  1 16  4 16  5 16  9 16    5  2 34  3 34  4 34  7 34  8 34    5  0 21  1 21  2 21  4 21  6 21    6  0 95  2 95  5 95  6 95  7 95  9 95    7  0 21  2 21  4 21  5 21  6 21  8 21  9 21    5  0 53  3 53  5 53  6 53  8 53    6  1 55  3 55  4 55  6 55  8 55  9 55
10    4  1 55  4 55  8 55  9 55    5  1 98  3 98  4 98  5 98  7 98    4  0 39  2 39  3 39  5 39    5  0 79  1 79  2 79  5 79  9 79    6  0 12  1 12  2 12  3 12  5 12  9 12    5  2 77  4 77  5 77  7 77  8 77    7  0 77  1 77  3 77  4 77  6 77  7 77  9 77    4  3 66  4 66  6 66  7 66    6  2 31  3 31  4 31  5 31  6 31  7 31    4  1 42  5 42  7 42  8 42
10    3  1 37  4 37  5 37    5  2 92  4 92  5 92  7 92  9 92    3  2 64  8 64  9 64    5  0 54  2 54  6 54  7 54  9 54    6  0 19  1 19  2 19  3 19  7 19  9 19    5  0 43  2 43  5 43  7 43  9 43    5  0 83  1 83  2 83  4 83  8 83    6  0 34  3 34  6 34  7 34  8 34  9 34    5  1 79  2 79  6 79  8 79  9 79    4  2 62  4 62  8 62  9 62
10    3  1 87  3 87  5 87    7  0 77  1 77  2 77  3 77  5 77  6 77  9 77    3  0 93  5 93  7 93    4  2 69  3 69  7 69  9 69    6  1 87  2 87  4 87  5 87  6 87  7 87    3  2 38  7 38  8 38    5  0 24  3 24  5 24  8 24  9 24    2  6 41  7 41    4  1 83  2 83  3 83  9 83    6  0 60  2 60  4 60  5 60  6 60  9 60
10    6  0 98  2 98  4 98  5 98  7 98  8 98    5  4 25  5 25  7 25  8 25  9 25    3  1 75  2 75  6 75    4  3 77  6 77  8 77  9 77    5  1 49  4 49  6 49  8 49  9 49    6  0 17  3 17  4 17  5 17  6 17  7 17    2  0 79  8 79    7  0 44  1 44  2 44  3 44  6 44  8 44  9 44    6  0 43  2 43  4 43  6 43  7 43  9 43    4  0 96  1 96  3 96  4 96
10    4  1 7  5 7  7 7  8 7    4  1 61  4 61  6 61  9 61    6  0 95  1 95  4 95  5 95  7 95  9 95    2  2 35  3 35    5  1 10  2 10  7 10  8 10  9 10    2  3 35  8 35    8  0 28  2 28  3 28  4 28  5 28  7 28  8 28  9 28    2  3 76  7 76    6  3 95  5 95  6 95  7 95  8 95  9 95    3  2 9  6 9  7 9
10    3  1 59  5 59  6 59    4  1 43  3 43  5 43  9 43    7  0 46  1 46  2 46  3 46  4 46  8 46  9 46    3  3 28  4 28  9 28    6  0 52  3 52  4 52  6 52  8 52  9 52    5  2 16  3 16  5 16  8 16  9 16    3  0 59  2 59  4 59    4  0 91  1 91  3 91  7 91    6  0 50  1 50  4 50  7 50  8 50  9 50    6  3 27  4 27  5 27  6 27  7 27  8 27
10    6  2 9  5 9  6 9  7 9  8 9  9 9    5  0 43  3 43  4 43  8 43  9 43    5  0 14  2 14  3 14  6 14  8 14    5  3 71  4 71  6 71  7 71  8 71    2  2 20  4 20    5  4 54  5 54  6 54  7 54  9 54    5  0 41  1 41  3 41  4 41  5 41    4  0 87  4 87  5 87  9 87    4  1 45  3 45  7 45  9 45    5  0 39  2 39  3 39  5 39  6 39
10    4  1 28  3 28  8 28  9 28    4  3 66  5 66  6 66  8 66    7  0 78  2 78  3 78  4 78  6 78  7 78  9 78    5  0 37  2 37  4 37  5 37  8 37    3  3 42  8 42  9 42    5  0 26  2 26  3 26  5 26  7 26    6  0 33  1 33  3 33  4 33  5 33  6 33    5  2 89  3 89  4 89  6 89  9 89    7  0 33  3 33  4 33  6 33  7 33  8 33  9 33    5  0 8  1 8  2 8  5 8  7 8
10    6  2 96  3 96  4 96  5 96  6 96  8 96    3  0 27  3 27  5 27    5  3 78  5 78  6 78  7 78  8 78    5  1 84  2 84  5 84  8 84  9 84    5  1 94  2 94  4 94  5 94  8 94    6  0 69  1 69  2 69  7 69  8 69  9 69    5  1 74  5 74  6 74  7 74  9 74    4  1 81  3 81  5 81  9 81    5  0 45  3 45  5 45  7 45  8 45    6  0 69  1 69  3 69  5 69  7 69  9 69
10    6  2 24  3 24  4 24  6 24  7 24  8 24    6  0 32  2 32  5 32  6 32  7 32  8 32    2  8 25  9 25    3  2 17  8 17  9 17    2  3 87  9 87    1  8 81    5  2 76  3 76  5 76  6 76  8 76    5  2 18  5 18  6 18  8 18  9 18    4  1 31  5 31  6 31  7 31    5  0 20  3 20  4 20  5 20  8 20
10    6  1 90  4 90  5 90  6 90  8 90  9 90    4  0 28  2 28  5 28  8 28    4  1 72  4 72  5 72  6 72    1  7 86    5  2 23  3 23  5 23  8 23  9 23    4  2 99  3 99  7 99  9 99    2  5 76  6 76    4  0 97  6 97  8 97  9 97    4  1 45  4 45  6 45  7 45    4  0 58  2 58  3 58  5 58
10    6  2 17  3 17  4 17  5 17  6 17  7 17    4  4 98  6 98  8 98  9 98    6  2 48  3 48  4 48  5 48  8 48  9 48    7  1 46  2 46  3 46  4 46  5 46  7 46  9 46    2  2 27  8 27    4  0 67  4 67  5 67  6 67    3  0 62  6 62  7 62    2  0 42  4 42    3  5 48  8 48  9 48    7  1 27  3 27  4 27  5 27  6 27  7 27  9 27
10    7  0 80  2 80  4 80  5 80  6 80  7 80  8 80    4  0 50  1 50  3 50  8 50    4  3 19  7 19  8 19  9 19    3  4 98  7 98  9 98    6  1 28  4 28  5 28  6 28  8 28  9 28    5  0 50  1 50  2 50  3 50  6 50    2  4 94  6 94    6  2 63  3 63  6 63  7 63  8 63  9 63    5  1 12  4 12  5 12  8 12  9 12    6  0 80  4 80  5 80  6 80  8 80  9 80
10    3  2 72  8 72  9 72    4  0 75  4 75  8 75  9 75    5  0 61  3 61  4 61  5 61  6 61    7  2 79  3 79  4 79  5 79  6 79  8 79  9 79    2  2 37  6 37    5  2 50  3 50  4 50  6 50  9 50    5  0 14  5 14  6 14  8 14  9 14    5  0 55  1 55  2 55  3 55  6 55    5  0 18  1 18  3 18  5 18  7 18    6  0 41  1 41  2 41  3 41  6 41  7 41
10    3  3 96  6 96  8 96    1  2 14    4  1 57  4 57  5 57  8 57    2  0 47  3 47    5  3 65  4 65  7 65  8 65  9 65    5  3 75  4 75  5 75  6 75  8 75    3  5 79  6 79  8 79    4  0 71  1 71  6 71  8 71    4  3 60  5 60  6 60  9 60    3  4 22  7 22  9 22
10    5  0 31  1 31  2 31  7 31  9 31    6  1 47  3 47  5 47  6 47  7 47  8 47    4  2 58  5 58  8 58  9 58    3  0 32  3 32  6 32    5  1 44  3 44  4 44  7 44  9 44    4  2 58  5 58  7 58  9 58    5  2 34  4 34  6 34  7 34  8 34    6  0 33  2 33  4 33  6 33  7 33  9 33    8  0 69  1 69  2 69  3 69  4 69  6 69  7 69  8 69    3  1 51  5 51  9 51
10    5  0 44  1 44  3 44  5 44  7 44    4  2 40  5 40  7 40  8 40    6  0 17  2 17  3 17  7 17  8 17  9 17    2  0 62  6 62    4  1 66  6 66  7 66  8 66    7  0 15  1 15  3 15  5 15  6 15  7 15  9 15    3  0 29  1 29  3 29    5  2 38  3 38  5 38  6 38  9 38    6  2 8  3 8  4 8  5 8  6 8  7 8    4  1 97  4 97  6 97  9 97
10    6  0 58  2 58  3 58  5 58  8 58  9 58    6  0 50  1 50  2 50  3 50  4 50  5 50    6  0 63  1 63  3 63  4 63  5 63  6 63    7  1 87  2 87  5 87  6 87  7 87  8 87  9 87    4  0 57  1 57  8 57  9 57    4  4 21  5 21  6 21  8 21    6  1 57  2 57  3 57  4 57  5 57  7 57    6  1 32  2 32  3 32  6 32  7 32  8 32    3  1 39  3 39  6 39    4  3 20  5 20  7 20  9 20
10    9  0 85  1 85  2 85  3 85  4 85  5 85  6 85  8 85  9 85    5  0 84  2 84  5 84  7 84  8 84    4  1 56  5 56  7 56  9 56    4  0 61  1 61  3 61  4 61    3  0 15  8 15  9 15    3  5 70  7 70  8 70    3  5 30  8 30  9 30    3  1 90  2 90  8 90    7  1 67  4 67  5 67  6 67  7 67  8 67  9 67    2  4 20  7 20

0 1 18 24 20 13 12 23 4 18 7 23 2 14 26 22 17 5 25 3
24 0 22 21 26 1 3 19 21 11 4 16 12 1 17 14 23 11 14 19
6 14 0 23 14 7 8 13 13 24 10 9 12 18 15 2 4 9 5 24
19 15 26 0 6 20 22 14 2 4 6 8 6 12 15 5 5 18 11 18
23 3 16 9 0 8 15 23 18 17 2 21 3 17 1 3 21 17 9 12
7 7 5 22 9 0 15 25 12 13 3 25 18 15 4 11 14 8 21 9
20 3 2 6 22 5 0 17 25 15 24 16 14 16 9 19 15 4 22 17
20 4 24 16 10 4 11 0 16 15 11 20 26 15 21 4 17 21 12 19
20 18 23 4 13 25 10 2 0 10 24 9 8 5 1 26 15 26 15 26
17 3 16 26 17 8 22 17 1 0 2 9 17 1 1 23 12 12 10 8
23 19 5 25 1 13 6 18 11 14 0 16 8 18 11 21 17 12 22 22
6 2 9 15 3 25 4 10 14 10 2 0 6 1 22 10 22 17 5 8
1 19 10 17 25 23 5 4 15 18 18 18 0 5 25 20 21 23 16 12
7 17 9 1 7 15 4 15 3 3 13 1 18 0 6 19 11 13 8 4
25 7 19 14 25 10 10 7 20 9 10 8 19 13 0 5 9 6 1 10
26 10 21 21 21 19 20 15 8 25 16 16 17 8 17 0 22 26 13 18
23 19 21 26 16 15 17 4 14 9 24 18 22 5 12 2 0 17 23 17
20 6 15 5 16 21 26 25 5 17 10 18 2 8 4 23 8 0 17 8
16 23 6 26 25 2 2 12 16 15 3 8 8 23 18 16 12 17 0 16
22 24 15 23 23 5 20 13 21 22 5 5 23 24 25 18 18 20 7 0

0 3 3 17 4 2 17 10 13 9 25 23 9 3 3 23 19 6 26 24
3 0 19 26 25 24 15 20 26 26 25 23 3 2 14 1 15 9 7 25
15 4 0 20 4 12 24 16 8 9 3 5 19 7 26 22 3 17 20 3
25 2 11 0 20 18 5 3 3 4 19 1 23 24 10 21 13 17 26 6
3 1 17 11 0 4 24 18 3 21 26 20 2 1 22 2 19 19 9 26
12 6 7 14 14 0 6 4 4 25 3 17 17 2 17 15 19 18 22 18
8 17 19 19 8 13 0 4 12 1 4 21 10 20 15 6 4 16 7 11
11 25 11 10 9 13 26 0 7 15 10 6 16 21 10 13 15 11 9 22
15 6 15 18 13 12 13 13 0 22 16 12 22 3 2 19 10 18 25 16
20 25 9 19 7 10 5 7 16 0 2 14 12 10 7 16 22 8 26 9
5 11 26 16 10 1 7 26 25 12 0 15 24 21 22 6 11 10 1 14
12 10 17 8 23 10 3 7 23 12 21 0 25 7 26 13 2 21 15 9
24 14 18 24 16 23 24 21 4 13 4 10 0 9 11 21 17 24 15 7
17 16 13 20 4 14 24 3 3 16 8 21 18 0 21 20 26 13 3 10
9 8 19 17 26 1 11 17 19 25 6 7 20 5 0 12 8 21 4 20
3 4 11 24 21 17 2 13 24 21 16 20 5 2 1 0 15 18 5 22
2 23 2 5 23 22 12 18 1 26 2 13 26 8 2 2 0 22 6 20
18 11 8 26 4 24 1 8 6 1 5 21 25 24 13 12 10 0 9 26
19 5 1 5 2 13 15 19 18 9 23 1 24 5 23 13 2 12 0 13
17 12 10 5 2 3 9 18 18 12 24 19 19 1 15 15 15 23 6 0

0 24 1 25 1 20 24 25 9 19 4 7 11 9 24 23 2 9 12 15
16 0 21 20 3 14 26 7 7 13 25 8 18 9 16 8 5 22 19 3
13 10 0 4 14 16 17 18 15 11 11 7 1 6 17 16 4 20 10 14
10 10 14 0 4 11 25 5 13 20 8 14 14 9 4 18 22 22 20 4
1 26 8 9 0 7 10 4 26 19 19 21 20 7 14 19 19 12 16 8
1 14 21 12 4 0 24 16 21 7 5 12 8 26 12 11 12 17 8 6
21 10 18 19 12 2 0 20 12 20 2 2 20 19 22 10 14 8 25 8
21 19 26 21 4 21 15 0 5 9 22 14 15 8 18 2 24 24 26 21
1 17 20 3 16 11 1 10 0 9 12 3 24 13 21 12 4 13 24 5
1 4 19 26 18 21 1 21 18 0 10 10 26 2 4 23 1 1 8 1
7 6 24 16 12 6 4 16 21 3 0 16 17 25 19 6 8 15 11 20
9 8 15 5 4 26 25 5 11 17 14 0 14 7 4 15 26 19 19 25
2 24 24 17 1 20 1 17 1 8 19 18 0 16 3 19 23 6 3 23
2 24 25 5 17 21 20 11 24 3 17 16 17 0 10 8 19 16 23 5
8 9 13 18 25 17 17 14 10 23 10 2 16 19 0 26 22 6 12 13
14 21 16 20 17 11 20 17 19 17 18 4 6 25 8 0 17 18 1 26
13 6 22 10 5 6 19 1 18 22 16 4 17 19 12 26 0 3 26 22
18 26 1 14 3 24 3 2 10 3 18 26 26 6 15 6 3 0 15 3
8 20 25 18 4 5 19 11 23 4 26 6 4 5 6 12 3 25 0 1
9 26 9 4 1 3 25 25 19 25 12 14 19 4 10 12 6 18 20 0

0 23 18 8 6 1 25 12 6 8 25 7 13 19 8 1 19 23 20 15
2 0 1 5 6 14 1 21 5 5 13 12 19 6 16 12 5 11 16 2
3 24 0 21 24 5 3 6 4 23 15 4 10 4 15 7 10 10 3 10
6 20 8 0 20 21 4 12 20 3 1 16 1 19 24 11 13 22 2 22
21 22 4 14 0 19 3 1 14 5 20 6 19 1 26 18 20 8 15 23
23 17 18 25 6 0 26 8 25 19 9 25 7 8 11 16 25 2 19 3
13 16 13 9 6 6 0 14 15 8 3 12 17 21 5 9 14 2 21 18
22 26 16 9 12 6 20 0 6 15 7 23 4 8 3 6 7 9 10 7
18 15 22 1 15 26 16 14 0 1 6 25 21 11 10 3 24 23 3 2
15 17 8 21 1 17 13 25 17 0 1 24 13 2 4 11 25 2 24 3
5 6 12 19 21 19 12 3 23 22 0 20 2 26 24 25 11 6 18 23
22 2 1 19 15 14 15 24 2 26 12 0 21 8 26 8 10 25 11 11
13 20 14 23 23 2 3 7 2 20 9 26 0 8 6 12 25 11 25 24
17 8 3 23 6 11 4 1 2 5 4 6 13 0 16 14 21 23 9 21
15 24 2 7 18 14 11 15 24 24 18 25 19 5 0 9 20 26 6 8
19 22 9 19 25 11 3 15 3 1 3 8 23 8 8 0 10 16 16 1
13 4 16 22 16 20 3 1 19 22 23 13 10 26 25 19 0 5 24 18
22 2 7 17 12 8 3 22 5 14 16 6 3 10 4 16 12 0 8 13
8 16 16 20 21 1 23 21 22 11 8 13 15 13 12 1 3 14 0 3
6 26 11 1 13 9 14 10 17 2 3 24 25 20 3 11 12 11 1 0

0 23 14 12 16 22 20 7 6 26 25 9 11 21 23 10 11 22 23 23
25 0 15 1 23 26 9 12 19 9 1 3 8 2 17 17 14 23 22 15
18 13 0 20 8 18 11 14 21 19 8 13 11 11 14 6 16 24 19 23
14 9 20 0 11 4 21 16 16 12 14 23 24 11 24 4 3 16 13 3
7 14 24 4 0 19 11 25 21 23 4 14 17 8 5 6 23 11 25 6
7 20 12 12 16 0 26 19 7 12 17 18 20 10 7 3 21 24 23 25
16 24 26 9 20 1 0 1 9 25 8 22 8 5 2 16 14 8 1 5
2 23 17 24 5 1 26 0 6 25 21 26 1 23 7 21 12 13 6 5
12 5 21 20 22 4 19 20 0 16 14 22 23 19 10 17 11 21 15 9
14 18 24 4 25 25 18 4 19 0 23 9 13 18 6 17 23 5 2 18
14 23 16 24 19 2 16 18 22 22 0 24 4 7 20 8 6 6 20 12
12 6 5 12 15 18 14 19 14 21 3 0 17 2 10 12 3 6 17 8
21 4 20 10 23 10 2 25 25 4 26 25 0 22 14 3 7 2 4 16
23 24 1 18 10 25 21 12 14 10 16 5 24 0 25 15 5 5 5 4
19 14 18 26 10 11 8 2 16 5 3 25 14 9 0 16 15 1 26 17
18 19 3 19 18 25 21 19 2 10 15 7 25 7 14 0 8 5 24 26
12 10 21 5 8 25 14 18 20 3 8 13 14 13 15 19 0 1 14 12
9 3 24 11 2 19 12 4 8 1 4 5 22 24 5 10 11 0 1 19
21 6 25 10 18 2 17 9 6 12 21 6 5 12 3 2 17 15 0 20
17 2 23 3 22 11 6 5 3 24 17 14 14 20 11 18 6 24 17 0

0 17 12 13 24 6 19 21 13 2 10 20 3 22 19 21 15 6 21 15
24 0 20 15 11 25 23 6 25 21 15 3 16 7 21 15 1 13 18 12
18 3 0 4 8 16 18 22 22 12 13 5 14 17 14 13 15 1 2 11
8 16 10 0 10 17 25 1 2 25 11 6 6 18 17 4 8 22 4 8
11 8 20 10 0 13 23 17 9 18 20 21 17 3 3 16 24 1 20 7
24 11 5 26 4 0 21 21 1 20 25 3 17 19 15 21 15 15 16 8
10 4 18 9 8 3 0 21 3 12 24 1 26 23 7 22 21 18 6 13
24 17 17 25 7 2 25 0 10 19 3 3 15 26 9 20 13 24 15 15
5 15 6 10 5 20 9 19 0 23 6 19 25 17 23 2 1 5 4 16
7 16 4 14 18 9 23 17 24 0 5 1 3 4 2 6 6 13 20 13
20 10 15 1 5 3 15 18 18 7 0 20 1 10 1 1 7 15 18 20
3 24 24 13 22 14 8 21 18 15 16 0 12 22 5 9 21 12 11 4
25 1 23 7 19 3 26 19 6 3 3 19 0 25 22 9 13 6 1 18
19 6 11 23 7 12 19 6 24 26 13 6 4 0 6 20 21 26 11 23
10 13 14 16 16 22 21 1 16 23 26 10 8 6 0 11 20 14 7 16
17 13 26 18 15 20 13 3 5 5 24 4 19 23 9 0 13 9 15 22
20 24 10 3 22 26 8 13 18 2 14 13 22 23 14 3 0 21 4 22
10 1 7 21 11 21 22 14 3 3 24 5 16 20 20 20 23 0 21 1
23 12 7 14 9 4 12 18 9 18 21 3 18 13 11 12 3 15 0 15
17 6 17 15 9 5 15 10 7 15 9 26 19 4 5 15 11 10 19 0

0 2 15 8 9 24 21 26 18 1 2 9 6 13 20 17 7 8 2 5
26 0 16 6 5 26 8 19 1 4 8 8 19 7 19 22 16 10 1 11
16 3 0 10 22 4 19 18 6 18 8 8 6 25 6 11 24 3 6 5
6 13 19 0 6 7 24 23 18 8 1 1 14 21 11 24 25 15 22 26
1 4 5 23 0 2 3 21 2 8 6 9 19 11 14 25 7 5 9 8
24 17 11 21 15 0 23 10 16 15 21 14 4 17 17 1 22 4 24 22
25 6 25 15 10 13 0 25 24 10 24 15 23 23 23 8 3 22 18 14
23 18 23 26 1 21 14 0 2 22 10 4 4 8 12 14 22 12 7 17
8 19 1 5 8 23 17 9 0 11 23 17 16 3 25 26 2 18 7 22
20 25 20 11 6 4 26 19 16 0 26 7 3 10 24 11 24 13 6 20
8 13 20 5 1 17 11 5 13 16 0 11 19 13 26 18 7 22 5 18
25 18 1 18 8 7 24 1 17 8 6 0 26 7 11 2 23 7 26 16
8 25 25 18 19 22 3 7 21 19 25 25 0 8 11 26 26 7 22 22
6 15 16 3 12 16 1 7 21 22 22 5 9 0 5 4 4 3 18 10
11 13 4 9 21 19 24 18 14 1 18 23 22 18 0 23 1 2 17 17
18 11 26 6 21 25 17 13 11 7 13 10 21 1 2 0 11 11 26 7
16 23 25 8 5 26 9 11 10 24 9 16 21 13 22 4 0 17 7 23
19 7 24 10 9 9 17 2 16 7 20 5 25 3 1 4 20 0 21 11
8 1 13 25 22 7 17 10 18 22 4 9 18 18 1 6 2 10 0 19
11 20 9 15 12 4 18 7 10 7 12 10 26 26 8 17 18 17 14 0

0 24 4 6 3 26 10 1 19 13 22 5 5 16 6 6 18 17 24 6
17 0 1 5 12 9 23 22 20 10 4 17 9 2 10 6 7 20 6 8
15 4 0 8 20 19 12 20 5 9 6 5 15 1 26 17 5 10 23 9
13 6 15 0 19 15 20 3 10 5 1 7 14 13 25 9 18 10 24 19
11 3 1 24 0 2 6 9 21 4 11 21 6 16 9 5 4 22 3 4
15 9 26 3 4 0 1 18 9 12 18 16 17 22 15 6 21 24 4 4
20 15 24 10 12 3 0 15 8 14 20 16 17 8 24 2 21 14 10 21
12 21 19 6 16 11 8 0 9 6 17 1 23 13 24 4 15 16 25 19
13 11 23 5 8 8 18 11 0 7 1 11 9 4 23 18 10 19 8 21
2 16 20 1 16 1 15 17 6 0 12 17 10 23 12 10 14 23 23 24
18 2 19 18 15 13 17 22 3 13 0 21 22 9 7 3 18 2 10 7
14 26 10 7 23 8 16 26 23 23 19 0 19 23 7 19 26 17 1 6
20 16 1 24 26 25 22 9 19 6 12 8 0 13 11 8 1 3 23 16
8 4 14 5 14 14 12 6 13 4 21 17 13 0 8 5 23 20 8 23
2 22 1 3 19 18 15 5 14 3 22 26 12 2 0 8 23 4 23 19
22 5 12 14 23 22 23 14 17 12 7 14 24 25 17 0 19 15 13 5
2 5 12 23 20 23 1 22 17 11 9 4 19 22 8 1 0 24 23 9
9 7 11 17 12 12 14 23 10 6 5 7 10 26 13 4 13 0 1 17
5 18 4 4 2 22 19 1 19 20 3 25 8 10 14 16 5 16 0 2
22 21 22 13 12 11 8 11 8 12 6 14 2 13 11 1 14 9 7 0

0 6 25 18 2 1 14 7 25 1 4 10 1 5 26 19 26 18 7 19
4 0 17 22 2 6 25 19 20 15 26 6 13 1 8 1 21 13 24 15
23 9 0 22 3 15 12 22 5 9 19 22 26 12 11 13 11 3 2 15
25 21 3 0 17 25 15 13 7 9 5 21 10 14 26 13 1 4 1 19
15 13 15 12 0 11 23 15 8 6 1 3 25 20 9 18 18 5 14 5
11 1 4 3 3 0 10 9 13 20 7 7 4 20 2 2 17 19 21 21
1 16 25 16 8 18 0 7 24 23 2 23 9 7 6 15 18 6 8 13
14 22 22 23 14 2 1 0 25 11 2 11 5 5 6 11 11 1 9 3
23 10 14 25 7 1 14 18 0 13 12 23 10 11 24 8 14 20 19 13
17 14 4 15 13 15 11 6 2 0 14 15 20 26 18 7 22 4 25 22
9 7 9 16 3 26 6 12 26 22 0 21 14 3 23 9 19 17 24 23
16 16 5 23 17 15 24 26 13 14 18 0 5 20 9 9 12 16 16 2
20 8 18 11 23 23 11 9 16 24 10 14 0 20 14 25 4 4 3 12
26 2 5 26 23 25 6 5 23 11 22 10 20 0 17 16 15 12 18 21
11 26 4 25 10 2 10 10 22 16 17 26 24 17 0 6 9 10 24 15
26 16 12 22 7 9 2 4 10 17 3 7 7 26 20 0 13 26 14 24
26 2 22 23 5 9 4 2 24 15 9 24 23 7 7 25 0 9 24 13
10 25 12 20 22 16 15 26 7 5 7 17 18 6 6 15 25 0 8 5
25 16 3 4 5 21 23 7 17 24 26 26 16 17 16 21 7 23 0 24
11 9 6 23 12 23 13 3 8 8 12 11 24 13 2 8 1 3 2 0

0 12 21 5 11 9 22 6 8 8 14 12 18 16 26 1 8 13 2 5
9 0 24 13 6 16 19 21 15 2 8 11 10 11 19 23 19 21 9 26
26 2 0 26 6 7 17 8 2 22 16 11 9 5 21 1 14 2 16 17
2 6 16 0 23 17 23 18 2 25 3 26 11 11 17 20 17 26 16 21
3 20 23 12 0 26 1 8 7 4 8 6 4 4 2 17 18 4 16 24
2 5 15 25 12 0 9 17 8 11 16 12 3 1 6 25 10 4 2 1
4 24 19 23 3 9 0 20 14 13 1 5 18 26 1 24 21 15 21 6
14 17 12 12 24 8 3 0 19 21 26 20 13 26 21 2 11 6 4 24
7 22 15 1 13 26 10 5 0 8 10 17 1 13 20 6 25 1 9 4
6 15 7 4 6 20 4 8 19 0 23 26 10 8 15 19 16 22 3 22
4 2 12 6 16 13 5 22 11 17 0 22 6 17 20 16 21 1 4 11
13 25 11 12 21 12 8 16 26 20 13 0 20 17 10 8 3 19 22 4
2 10 5 8 13 1 8 10 14 23 26 3 0 10 12 24 10 6 1 21
6 9 23 23 2 19 19 24 6 6 1 14 22 0 13 25 20 25 14 5
21 11 6 6 9 9 10 20 2 15 12 24 25 13 0 5 26 25 25 16
3 7 22 3 12 2 13 20 14 17 17 19 3 1 12 0 17 10 20 26
15 9 7 15 13 14 10 11 21 20 5 1 6 15 25 16 0 11 20 11
21 12 26 16 24 8 13 25 7 25 5 10 22 3 25 8 23 0 4 4
13 15 2 22 4 7 19 4 20 6 23 7 19 23 11 21 19 25 0 15
19 1 17 25 26 4 15 8 15 4 13 1 23 12 15 18 20 21 17 0
