15 15 3
15    1  9 65    1  10 28    1  4 74    1  12 33    2  2 51  12 51    1  14 75    1  5 73    1  8 32    1  6 13    1  3 81    1  1 35    1  7 59    2  13 38  5 38    1  11 55    1  0 27
15    1  0 64    2  1 53  5 53    1  11 83    1  2 33    1  4 6    1  9 52    2  14 72  9 72    1  8 7    1  13 90    1  12 21    1  6 23    1  3 10    1  10 39    2  5 49  3 49    1  7 72
15    1  14 73    2  3 82  2 82    1  1 23    1  12 62    1  6 88    1  5 21    1  8 65    1  11 70    1  7 53    1  10 81    1  2 93    1  13 77    2  0 61  10 61    1  9 28    1  4 78
15    2  1 12  2 12    1  6 51    1  7 33    2  4 15  0 15    2  14 72  7 72    2  10 98  12 98    1  9 94    1  5 12    1  11 42    1  2 24    1  13 15    1  8 28    1  3 6    1  12 99    1  0 41
15    1  12 97    1  5 7    1  9 96    1  4 15    1  14 73    1  13 43    1  0 32    1  8 22    1  11 42    1  1 94    1  2 23    2  7 86  2 86    1  6 78    1  10 24    1  3 31
15    1  1 72    1  5 88    1  2 93    1  13 13    1  4 44    1  14 66    2  6 63  9 63    1  7 14    1  9 67    1  10 17    1  11 85    1  0 35    1  3 68    1  12 5    1  8 49
15    1  9 15    1  7 82    2  6 21  9 21    1  14 53    1  3 72    1  13 49    1  2 99    1  4 26    1  12 56    1  8 45    1  1 68    1  10 51    1  0 8    1  5 27    2  11 96  7 96
15    1  3 54    1  7 24    1  4 14    1  8 38    1  5 36    2  2 52  8 52    1  14 55    1  12 37    1  11 48    1  0 93    1  13 60    1  10 70    1  1 23    1  6 23    1  9 83
15    1  3 12    1  8 69    3  6 26  8 26  3 26    1  9 23    2  14 28  6 28    1  1 82    1  5 33    2  4 45  10 45    1  13 64    1  7 15    1  11 9    2  12 73  7 73    1  10 59    1  2 37    1  0 62
15    1  0 87    1  5 12    2  7 80  9 80    1  4 50    1  10 48    1  12 90    1  1 72    2  13 24  12 24    1  6 14    1  8 71    1  11 44    1  9 46    1  2 15    1  14 61    1  3 92
15    2  2 54  8 54    1  0 22    1  6 61    1  4 46    1  3 73    1  5 16    1  12 6    1  9 94    1  14 93    1  13 67    1  8 54    2  7 75  13 75    1  11 32    1  10 40    1  1 97
15    1  10 92    1  14 36    1  4 22    1  9 9    1  3 47    1  1 77    1  12 79    1  13 36    1  6 30    1  8 98    1  11 79    1  7 7    1  5 55    3  2 6  4 6  14 6    1  0 30
15    1  0 49    2  13 83  12 83    1  3 73    1  6 82    1  1 82    1  14 92    1  11 73    1  4 31    1  10 35    1  9 54    1  5 7    1  8 37    1  7 72    1  2 52    1  12 76
15    1  10 98    1  12 34    1  13 52    1  4 26    1  1 28    1  3 39    1  8 80    1  5 29    1  9 70    1  0 43    1  6 48    1  7 58    1  2 45    1  14 94    1  11 96
15    1  1 70    1  10 17    2  6 90  2 90    1  12 67    1  4 14    2  8 23  14 23    2  3 21  2 21    2  7 18  1 18    1  13 43    2  11 84  4 84    1  5 26    1  9 36    1  2 93    1  14 84    1  0 42

0 4 23 3 23 15 18 2 20 24 18 17 22 2 5
21 0 23 23 10 14 17 5 2 19 8 15 19 6 2
14 11 0 12 9 23 24 24 10 5 9 22 1 2 9
6 7 2 0 13 8 4 3 17 2 14 11 3 24 2
8 18 22 19 0 6 9 23 23 15 21 17 15 3 2
7 16 23 22 1 0 17 5 3 11 2 4 25 12 17
10 12 24 14 18 7 0 21 17 16 25 2 15 23 8
16 5 8 2 3 7 11 0 17 23 17 2 25 10 2
21 15 3 16 23 13 22 7 0 17 3 4 20 20 4
7 5 12 14 22 21 20 13 3 0 25 24 12 10 11
6 1 22 15 16 9 14 17 14 6 0 21 16 11 5
19 16 14 15 4 14 24 4 17 10 7 0 5 24 9
12 24 20 6 23 18 21 12 12 6 17 23 0 18 9
14 6 23 2 13 25 2 4 17 16 9 12 1 0 25
7 24 3 21 24 1 1 15 8 8 6 14 10 3 0

0 22 10 17 15 2 18 13 3 21 23 20 4 7 20
19 0 7 10 8 24 22 10 12 22 16 6 20 22 2
15 12 0 25 17 21 23 23 5 12 19 7 20 22 5
4 24 21 0 7 1 21 16 21 4 10 6 7 15 11
23 17 23 16 0 10 7 22 4 6 3 16 24 14 8
6 15 1 5 24 0 4 15 10 11 19 8 15 9 7
15 14 22 3 9 5 0 2 8 5 23 11 4 10 10
11 15 15 25 9 20 24 0 23 25 6 14 14 15 25
2 11 22 6 3 15 8 19 0 14 21 24 9 10 12
9 24 14 22 3 3 10 17 5 0 13 14 2 22 23
24 10 6 18 3 24 12 10 1 10 0 3 7 10 5
2 24 9 11 8 19 25 14 17 2 8 0 11 8 15
15 7 2 18 23 20 13 8 20 22 17 5 0 24 19
23 11 14 24 17 19 23 16 16 20 20 23 8 0 19
10 7 24 4 24 13 15 20 20 6 16 17 12 21 0

0 10 10 4 13 5 14 1 12 1 21 6 23 4 4
9 0 22 8 3 3 7 25 15 15 8 8 6 4 24
4 11 0 9 13 18 19 19 21 20 22 5 2 4 25
15 9 13 0 19 15 9 17 13 7 9 6 13 9 21
1 24 16 10 0 3 12 4 15 13 11 2 25 24 5
25 21 19 21 18 0 7 24 19 1 15 19 7 22 20
1 8 20 14 15 6 0 20 20 24 9 3 10 11 20
16 5 9 21 5 15 7 0 3 8 8 1 3 18 21
23 13 12 6 16 19 20 20 0 25 20 6 3 5 15
3 21 10 13 20 16 4 20 6 0 12 24 8 8 10
19 5 25 19 2 15 5 10 19 21 0 2 5 24 18
1 5 20 9 22 17 4 6 8 9 22 0 21 25 16
13 4 17 10 14 2 10 18 21 17 20 8 0 17 1
24 18 9 12 14 23 19 5 7 10 21 16 21 0 14
14 12 4 18 5 6 3 16 7 7 2 25 21 20 0

0 24 19 11 12 11 14 22 21 8 19 17 12 5 8
14 0 8 24 23 20 25 24 23 9 11 24 25 25 10
20 23 0 20 21 8 2 10 7 17 24 24 2 2 24
5 24 1 0 25 4 4 18 7 15 15 1 25 19 9
18 10 8 9 0 12 16 16 14 17 13 7 13 21 18
14 3 23 5 21 0 22 14 3 19 19 3 4 3 15
6 2 15 7 16 10 0 15 23 20 5 3 14 15 10
15 15 10 24 23 11 10 0 25 14 7 1 13 16 24
16 21 25 2 4 4 1 19 0 21 15 19 3 11 25
6 7 9 8 24 7 1 14 5 0 20 14 24 17 11
3 13 3 9 9 11 6 15 4 4 0 8 20 1 23
6 18 12 19 14 16 15 17 7 7 3 0 15 11 1
20 14 6 8 5 20 1 12 4 19 4 20 0 3 20
5 13 17 22 19 17 14 2 10 25 19 7 19 0 5
19 21 22 25 5 19 13 14 6 4 16 11 17 10 0

0 4 6 21 25 20 15 20 7 14 21 23 9 5 5
6 0 12 9 14 3 20 12 22 6 25 17 20 13 8
4 19 0 3 13 14 23 18 21 12 24 3 21 10 1
21 21 7 0 11 10 5 1 14 15 5 23 14 11 18
18 9 15 4 0 23 1 2 7 3 20 8 5 23 7
18 19 4 4 4 0 23 6 2 16 24 20 19 8 19
23 10 11 19 22 9 0 25 10 25 6 14 2 1 8
23 8 1 23 25 18 20 0 9 1 12 2 22 23 4
12 14 7 5 22 13 1 22 0 25 22 19 6 9 24
16 5 16 21 6 25 21 20 2 0 15 5 2 18 3
6 10 10 19 4 6 4 6 12 6 0 13 1 2 23
19 3 1 24 14 18 17 7 10 8 3 0 14 13 2
24 13 19 1 18 10 6 22 11 2 23 3 0 8 22
3 11 4 15 13 14 19 14 24 17 11 19 21 0 3
16 6 25 7 19 15 21 13 18 12 3 16 5 15 0

0 6 17 1 6 11 1 1 24 2 22 19 5 4 14
9 0 23 18 11 22 4 18 7 5 16 24 4 18 12
21 21 0 7 1 10 22 4 10 10 18 12 13 22 25
6 1 5 0 9 25 17 14 8 13 11 2 18 22 11
21 3 4 11 0 10 17 21 15 12 25 5 25 4 16
25 9 21 15 23 0 1 17 19 1 23 4 22 5 11
10 23 20 16 16 7 0 9 11 10 11 9 24 5 11
22 16 3 9 2 22 1 0 13 24 25 24 14 3 11
7 11 20 23 4 20 17 13 0 11 15 22 23 2 23
22 12 18 24 16 10 14 18 2 0 24 5 22 14 16
19 2 19 24 17 20 9 22 23 25 0 15 2 14 15
10 8 10 2 22 17 16 21 1 11 19 0 23 8 8
6 14 22 7 24 15 22 16 7 10 6 13 0 14 4
2 25 18 20 3 3 8 8 24 12 10 7 17 0 23
25 18 7 20 23 4 13 6 9 22 15 25 11 19 0

0 15 21 22 1 3 22 19 16 4 4 17 6 20 12
12 0 1 2 8 13 18 8 21 17 7 11 13 5 11
11 18 0 11 14 14 24 4 7 6 3 3 1 24 10
17 6 8 0 11 16 9 9 21 16 12 7 3 1 24
17 19 18 16 0 5 16 17 12 22 12 8 11 11 3
19 24 19 22 3 0 8 4 22 25 16 10 14 2 12
12 14 15 14 25 4 0 21 3 4 13 24 17 9 5
3 5 8 20 6 7 20 0 17 19 15 24 18 18 12
17 3 10 21 5 4 5 23 0 3 22 5 16 25 1
1 21 25 12 7 12 20 5 13 0 16 12 17 25 1
20 21 2 15 13 9 7 12 22 5 0 5 15 22 14
2 24 8 7 21 21 1 3 9 3 17 0 24 19 9
2 24 2 21 11 18 23 7 13 11 23 2 0 9 10
19 5 18 9 13 19 25 20 6 9 25 25 25 0 18
11 20 2 20 10 25 2 13 18 4 22 17 15 12 0

0 7 15 12 5 1 23 18 19 2 23 13 14 16 19
16 0 14 14 13 12 11 20 11 8 22 7 25 18 14
23 11 0 4 23 1 19 18 18 13 5 7 18 10 1
20 25 21 0 21 12 21 24 4 23 4 5 23 12 12
3 20 19 1 0 12 1 14 9 1 9 19 15 3 3
9 1 22 3 25 0 4 17 16 18 19 24 12 23 2
13 25 19 15 22 5 0 6 5 25 21 25 23 11 6
4 14 18 12 9 1 13 0 24 14 1 13 5 5 22
25 16 17 24 1 1 6 15 0 4 7 13 22 18 23
20 4 17 10 19 18 14 5 3 0 2 7 1 9 20
22 13 4 3 7 9 21 22 10 13 0 4 12 25 6
5 19 7 7 15 24 18 24 17 19 6 0 5 13 20
1 1 25 19 12 2 25 18 3 21 5 11 0 10 16
2 7 2 4 11 18 17 19 3 17 5 22 10 0 3
8 18 12 25 19 8 13 6 22 8 17 2 23 21 0

0 18 13 5 23 12 9 3 12 14 7 22 6 16 7
1 0 19 23 3 3 11 22 11 23 13 15 11 8 4
3 21 0 7 6 12 24 22 12 3 6 16 24 18 4
3 13 11 0 9 12 16 21 10 21 1 17 19 1 18
20 14 25 24 0 23 17 13 10 18 14 25 24 6 13
15 8 6 21 24 0 7 16 9 8 18 1 15 15 17
25 19 4 18 22 22 0 1 18 11 8 14 17 21 1
2 23 7 18 5 22 8 0 20 7 8 15 20 19 5
15 16 17 4 14 7 5 25 0 2 7 1 18 17 7
16 5 8 18 4 21 22 24 8 0 19 2 11 18 17
8 25 20 2 21 6 2 7 13 23 0 25 9 3 6
20 16 5 24 21 1 8 24 6 10 12 0 19 24 8
8 5 2 9 12 12 6 17 3 23 13 11 0 10 2
23 21 22 3 16 17 21 2 6 13 16 7 19 0 22
14 22 8 18 20 22 10 5 11 10 16 16 4 4 0

0 9 25 6 14 5 19 2 12 15 9 13 24 6 6
23 0 23 10 16 19 6 7 11 13 24 3 9 21 14
5 16 0 21 8 3 9 6 13 8 21 23 3 4 12
11 6 6 0 19 15 25 6 15 15 9 21 3 14 2
22 10 2 24 0 17 14 4 15 23 24 10 4 1 17
14 19 13 15 23 0 10 4 18 8 3 10 14 9 17
1 17 1 14 23 3 0 4 22 4 19 2 8 11 22
10 21 5 5 21 12 3 0 25 24 11 3 7 17 18
6 18 12 14 8 23 9 7 0 9 15 15 22 19 10
7 24 3 11 14 24 19 19 14 0 22 10 20 9 17
7 2 23 13 2 24 12 14 13 23 0 10 14 22 11
22 16 14 11 3 15 13 9 10 4 20 0 17 11 8
10 11 9 17 18 4 11 10 15 5 21 4 0 3 10
3 23 6 2 5 2 14 18 17 2 11 21 22 0 1
6 11 8 2 3 12 10 12 5 3 14 21 17 17 0

0 23 9 11 18 13 5 21 21 16 20 7 6 17 3
7 0 13 23 15 24 25 11 15 19 20 24 9 14 11
17 13 0 8 1 23 16 18 19 6 12 23 13 13 15
14 21 20 0 5 23 5 4 7 4 15 23 3 10 17
17 17 25 11 0 24 13 25 15 8 16 13 25 2 1
9 9 18 11 17 0 16 2 20 11 24 24 1 19 17
23 24 3 14 5 17 0 7 15 7 11 2 13 24 24
21 3 14 5 19 9 14 0 8 7 16 16 15 22 13
9 9 23 24 14 24 8 12 0 24 18 11 24 4 7
3 7 2 22 24 17 4 17 21 0 21 20 13 8 11
7 14 15 6 1 12 8 10 16 8 0 21 19 7 10
17 24 25 18 17 8 9 24 6 16 9 0 10 13 24
5 14 14 7 14 14 5 3 21 3 9 19 0 19 9
22 2 9 20 2 18 21 4 7 16 4 3 18 0 3
22 25 20 5 11 14 9 25 18 4 4 24 7 24 0

0 10 7 3 20 1 4 4 10 14 2 3 11 6 13
20 0 25 20 15 4 16 16 6 11 16 10 18 9 18
10 15 0 2 16 13 14 11 21 9 7 2 25 4 2
5 7 5 0 17 16 15 2 14 7 21 12 11 3 11
9 22 11 4 0 18 17 9 24 5 11 25 7 22 3
7 4 6 23 5 0 9 4 2 13 3 16 2 3 19
9 19 1 15 15 3 0 14 4 20 13 8 11 24 19
21 13 10 16 2 16 5 0 8 1 18 24 11 22 2
16 19 14 1 22 21 15 23 0 10 12 18 25 19 6
4 5 25 1 17 8 3 21 6 0 21 19 11 5 15
10 8 5 16 9 12 10 7 13 17 0 25 25 10 14
3 22 11 14 23 23 17 3 17 5 7 0 22 11 21
17 24 8 7 2 9 19 13 3 20 10 10 0 7 11
22 17 7 24 18 16 20 24 14 13 16 24 9 0 20
18 18 23 6 18 6 13 15 18 4 6 2 21 4 0

0 5 21 8 2 5 3 18 4 5 20 9 18 14 19
11 0 3 13 14 8 17 9 1 11 15 4 21 16 24
14 18 0 13 6 24 4 16 23 3 6 23 10 21 9
23 9 5 0 20 18 14 10 24 9 15 4 25 18 10
11 14 19 10 0 2 21 24 2 13 6 22 21 1 18
13 3 16 7 17 0 7 18 13 16 20 25 15 25 9
12 10 22 19 10 8 0 1 13 22 6 8 6 11 2
9 3 16 9 4 1 4 0 9 11 13 12 22 12 20
13 2 18 4 12 4 1 20 0 24 6 2 9 6 2
9 3 14 4 25 10 19 6 18 0 3 20 25 5 13
19 6 25 25 10 7 7 16 1 21 0 25 20 22 1
19 4 6 12 18 14 8 13 1 1 12 0 24 5 3
21 2 4 24 25 16 24 25 3 5 4 16 0 25 24
5 18 10 18 5 14 8 24 22 16 4 17 13 0 5
18 11 22 12 12 16 11 17 18 12 12 12 18 18 0

0 15 25 11 5 13 8 22 23 1 5 11 9 2 21
2 0 16 6 17 13 16 12 18 15 11 8 14 6 19
10 19 0 1 8 10 20 22 6 17 5 23 1 5 10
8 10 6 0 14 12 7 9 12 3 5 9 18 23 9
13 5 3 8 0 20 14 1 24 8 2 12 9 8 2
5 19 11 12 8 0 9 8 25 25 14 18 8 19 5
18 12 22 16 22 23 0 6 20 21 5 16 16 24 22
11 23 9 20 7 22 16 0 18 1 15 20 9 4 8
17 1 12 25 4 21 8 8 0 12 16 4 7 18 2
14 24 22 17 11 12 25 1 16 0 2 12 13 19 3
7 22 23 19 14 7 17 1 3 18 0 22 10 5 7
20 11 21 3 9 3 5 1 10 11 11 0 22 17 4
20 6 3 5 4 17 19 6 21 21 5 16 0 21 5
4 22 15 20 11 4 14 19 25 16 2 18 14 0 19
20 19 22 9 20 21 21 16 7 20 7 20 24 6 0

0 11 8 16 7 4 14 15 7 19 1 22 21 11 12
24 0 10 12 16 5 3 2 8 21 7 7 10 18 17
3 9 0 14 16 5 6 11 24 1 25 15 18 9 12
9 13 7 0 20 6 5 23 19 19 7 16 8 20 22
12 16 8 21 0 1 12 1 11 6 22 9 15 21 20
3 13 10 25 18 0 9 3 7 4 9 22 1 1 22
4 19 4 2 12 6 0 24 15 6 10 16 2 25 17
9 14 23 2 19 7 17 0 5 19 23 1 4 12 25
23 5 4 1 5 24 21 10 0 18 21 11 4 18 9
24 23 24 14 20 17 21 24 2 0 17 20 11 4 17
20 14 12 20 22 13 7 1 8 23 0 11 15 14 2
5 7 16 16 11 2 5 13 21 1 18 0 1 9 19
23 9 21 8 3 18 6 9 2 7 20 22 0 2 18
19 10 12 18 21 22 9 16 15 9 13 25 6 0 7
23 10 20 22 2 17 1 16 22 22 2 17 25 22 0
