15 5 5
5    5  0 21  1 21  2 21  3 21  4 21    1  2 34    2  1 95  4 95    3  0 53  1 53  4 53    3  0 55  3 55  4 55
5    3  0 52  3 52  4 52    3  0 16  1 16  4 16    2  1 71  4 71    2  2 26  3 26    4  0 21  1 21  3 21  4 21
5    3  0 31  2 31  3 31    2  0 12  1 12    3  0 42  1 42  2 42    3  2 39  3 39  4 39    2  3 98  4 98
5    4  0 77  2 77  3 77  4 77    2  1 77  3 77    2  3 79  4 79    3  0 55  1 55  4 55    1  2 66
5    1  4 37    3  1 34  3 34  4 34    2  2 64  3 64    2  1 19  4 19    2  0 83  4 83
5    1  2 43    2  1 54  4 54    1  0 92    2  1 62  3 62    2  1 79  4 79
5    2  0 93  4 93    2  0 69  3 69    2  0 87  1 87    3  0 77  2 77  4 77    1  2 87
5    2  0 60  4 60    3  0 41  1 41  3 41    4  0 38  1 38  2 38  4 38    3  0 83  3 83  4 83    1  3 24
5    4  0 98  2 98  3 98  4 98    3  1 17  3 17  4 17    3  1 25  2 25  4 25    1  0 44    2  1 49  4 49
5    1  0 96    3  0 77  1 77  4 77    2  2 79  3 79    3  0 75  1 75  2 75    2  2 43  3 43
5    3  0 28  3 28  4 28    1  2 35    2  0 95  1 95    2  3 76  4 76    1  1 7
5    2  0 61  2 61    4  0 10  1 10  2 10  4 10    3  0 95  1 95  2 95    1  1 9    3  1 35  3 35  4 35
5    5  0 59  1 59  2 59  3 59  4 59    2  0 16  3 16    4  1 91  2 91  3 91  4 91    2  1 59  2 59    4  0 46  1 46  3 46  4 46
5    2  1 43  4 43    4  1 52  2 52  3 52  4 52    2  0 28  4 28    2  0 27  2 27    2  0 50  3 50
5    4  0 87  2 87  3 87  4 87    2  0 45  1 45    2  2 39  4 39    2  1 9  4 9    3  0 41  1 41  3 41

0 23 22 18 12 8 7 4 22 13 7 2 9 22 27
25 0 8 17 24 9 13 27 1 14 21 24 8 24 18
27 14 0 20 20 1 20 11 27 18 17 3 27 7 8
18 19 19 0 4 23 19 2 23 14 23 3 23 14 26
12 4 1 12 0 7 11 27 9 4 10 21 8 25 16
5 1 13 25 3 0 23 24 17 24 18 12 22 2 17
5 5 15 16 10 14 0 27 4 23 22 20 6 4 24
6 10 14 25 9 12 1 0 3 19 25 10 13 17 5
5 23 14 4 1 8 8 8 0 20 8 10 5 24 10
16 10 23 10 19 22 1 13 18 0 20 18 9 19 19
10 10 2 23 27 9 25 22 10 18 0 25 18 13 19
16 13 26 3 2 11 17 27 25 21 27 0 14 11 22
25 24 9 22 25 17 16 27 7 5 24 10 0 2 11
1 10 5 7 14 21 16 25 25 7 8 12 1 0 8
19 22 20 16 9 23 2 20 20 4 22 19 5 18 0

0 16 13 25 21 3 15 22 9 14 2 16 15 19 23
13 0 8 21 26 13 2 7 9 16 5 19 24 11 23
3 3 0 17 10 8 19 11 10 15 23 18 5 6 17
21 5 9 0 10 25 7 24 5 6 7 22 14 11 2
15 15 1 18 0 12 21 22 6 16 24 8 21 15 3
24 26 22 27 9 0 7 12 22 12 12 27 12 15 19
15 2 21 12 17 26 0 21 12 16 25 21 16 19 6
24 4 5 13 23 27 7 0 17 19 13 11 7 14 10
23 15 25 5 1 3 6 3 0 11 9 17 10 22 13
16 14 7 12 17 24 25 26 25 0 27 26 8 6 26
23 25 4 25 26 18 9 9 11 23 0 7 24 7 7
6 21 2 15 8 5 6 16 13 4 8 0 7 27 3
23 13 22 5 12 4 24 25 23 2 21 12 0 25 23
21 8 8 2 18 1 12 19 3 8 24 1 2 0 20
24 24 3 10 1 19 17 10 26 22 3 23 11 2 0

0 5 13 13 24 13 24 21 5 16 17 27 16 27 12
25 0 15 10 18 15 21 1 8 25 3 24 1 25 11
9 5 0 7 21 7 1 8 14 7 25 20 14 19 4
22 11 22 0 14 2 22 18 25 5 22 14 13 1 15
20 15 7 6 0 12 14 8 17 25 13 15 7 7 17
7 23 26 20 2 0 25 25 1 14 15 9 24 17 16
20 6 8 9 21 23 0 24 10 25 22 7 4 17 9
9 9 9 27 27 11 11 0 1 22 13 21 18 24 17
16 12 17 1 9 18 14 18 0 9 20 8 20 9 24
17 13 4 10 12 16 6 6 9 0 6 5 19 11 25
8 25 10 19 16 25 12 2 11 26 0 1 11 9 18
11 27 4 7 2 19 17 10 3 24 1 0 9 15 3
9 14 25 26 8 17 19 19 12 15 27 7 0 15 11
23 20 15 23 15 16 23 21 7 16 16 21 5 0 26
13 21 6 17 13 11 23 14 10 10 16 6 12 15 0

0 24 19 24 20 17 21 20 24 10 25 18 23 18 11
7 0 16 22 3 12 19 22 12 17 12 12 23 15 27
27 16 0 14 9 21 27 3 15 12 9 25 23 4 11
24 1 21 0 11 22 17 13 20 2 5 10 8 17 20
23 6 21 26 0 10 17 2 1 21 11 10 18 7 18
25 27 3 15 20 0 5 15 1 18 13 1 27 20 17
27 26 7 26 17 2 0 10 26 8 17 26 17 7 12
27 24 25 15 12 7 7 0 9 2 4 7 23 18 8
16 19 16 15 13 17 14 25 0 5 6 21 2 2 3
25 12 10 27 11 7 13 24 1 0 11 22 9 2 10
5 17 3 2 10 18 22 8 19 16 0 4 4 25 5
26 26 14 2 22 1 1 15 8 25 7 0 5 16 2
22 10 14 26 23 19 11 9 10 3 7 7 0 22 20
13 12 10 17 20 22 26 3 11 16 12 15 10 0 27
5 19 19 19 17 21 5 15 18 12 10 8 12 23 0

0 20 18 20 23 14 22 24 22 27 3 23 1 24 19
23 0 14 22 21 22 14 6 22 26 13 15 27 14 12
14 25 0 27 1 6 15 23 10 7 18 9 26 4 19
6 17 13 0 18 15 26 25 18 11 4 3 7 16 5
21 17 5 14 0 13 20 7 10 2 24 12 5 25 18
27 25 27 18 26 0 17 3 24 1 23 22 5 16 2
11 3 15 3 15 6 0 2 21 5 10 9 3 17 27
13 6 26 26 10 12 8 0 21 11 24 8 19 14 24
3 21 20 21 4 3 21 5 0 11 23 9 20 16 10
16 15 5 22 15 12 14 20 10 0 4 10 10 25 13
24 12 9 14 10 10 11 13 18 27 0 14 4 21 24
2 11 25 25 13 16 24 11 27 1 15 0 6 13 7
17 16 2 22 19 20 22 16 20 22 20 15 0 7 19
23 21 7 9 14 9 12 20 10 24 3 15 21 0 26
17 25 27 6 15 6 22 11 13 12 17 11 6 6 0
