20 10 10
15    7  0 66  3 66  5 66  6 66  7 66  8 66  9 66    4  1 29  5 29  8 29  9 29    8  0 11  1 11  2 11  3 11  4 11  7 11  8 11  9 11    4  0 62  1 62  3 62  7 62    5  0 94  2 94  5 94  6 94  7 94    5  0 41  2 41  5 41  8 41  9 41    8  0 90  1 90  2 90  4 90  5 90  6 90  8 90  9 90    6  0 63  2 63  5 63  6 63  7 63  9 63    4  0 45  4 45  5 45  9 45    4  5 91  7 91  8 91  9 91    4  0 73  5 73  6 73  8 73    5  0 31  3 31  5 31  7 31  9 31    8  0 97  2 97  3 97  5 97  6 97  7 97  8 97  9 97    5  0 11  2 11  4 11  7 11  8 11    5  0 20  4 20  5 20  6 20  7 20
20    4  2 90  4 90  8 90  9 90    7  1 21  2 21  3 21  4 21  6 21  7 21  9 21    7  0 78  1 78  2 78  3 78  4 78  5 78  8 78    5  0 37  4 37  6 37  8 37  9 37    7  0 68  1 68  4 68  5 68  7 68  8 68  9 68    5  2 48  3 48  5 48  6 48  7 48    7  0 55  1 55  3 55  4 55  5 55  6 55  9 55    3  1 38  5 38  9 38    4  1 49  2 49  8 49  9 49    3  0 69  1 69  9 69    7  0 73  1 73  3 73  4 73  6 73  7 73  9 73    3  0 80  2 80  6 80    4  1 83  3 83  5 83  6 83    6  0 39  1 39  4 39  6 39  7 39  9 39    4  0 98  1 98  2 98  9 98    6  1 71  2 71  3 71  4 71  5 71  9 71    5  0 24  2 24  5 24  7 24  9 24    9  0 89  1 89  2 89  3 89  5 89  6 89  7 89  8 89  9 89    2  1 73  2 73    8  0 44  1 44  2 44  3 44  4 44  5 44  6 44  9 44
23    7  2 61  4 61  5 61  6 61  7 61  8 61  9 61    5  0 53  1 53  4 53  7 53  9 53    5  0 35  1 35  4 35  6 35  9 35    6  2 95  3 95  4 95  6 95  8 95  9 95    6  0 33  1 33  2 33  4 33  5 33  6 33    1  1 59    4  3 68  4 68  5 68  7 68    4  1 61  6 61  8 61  9 61    5  2 56  4 56  6 56  7 56  8 56    7  0 28  2 28  3 28  4 28  6 28  7 28  9 28    3  2 18  3 18  9 18    4  1 35  2 35  8 35  9 35    5  0 73  1 73  4 73  6 73  7 73    3  2 78  7 78  9 78    4  0 70  2 70  8 70  9 70    5  1 65  2 65  4 65  6 65  9 65    7  0 44  2 44  4 44  5 44  6 44  8 44  9 44    6  0 56  3 56  4 56  5 56  6 56  8 56    5  0 60  1 60  3 60  6 60  9 60    6  0 69  1 69  3 69  4 69  5 69  8 69    3  2 94  5 94  7 94    3  0 28  2 28  6 28    2  1 63  9 63
18    5  0 17  3 17  5 17  8 17  9 17    4  1 61  5 61  6 61  9 61    5  1 34  3 34  6 34  8 34  9 34    4  0 96  1 96  4 96  6 96    7  0 31  1 31  2 31  3 31  5 31  7 31  9 31    3  0 82  2 82  8 82    6  1 40  3 40  4 40  6 40  8 40  9 40    5  0 63  4 63  5 63  6 63  7 63    6  0 95  2 95  3 95  4 95  6 95  7 95    6  0 68  1 68  3 68  5 68  7 68  8 68    4  0 91  4 91  6 91  8 91    8  0 43  1 43  2 43  3 43  4 43  5 43  7 43  9 43    4  3 32  4 32  7 32  9 32    3  2 54  4 54  6 54    4  0 92  1 92  8 92  9 92    8  0 40  3 40  4 40  5 40  6 40  7 40  8 40  9 40    4  1 84  3 84  5 84  9 84    5  1 38  2 38  4 38  8 38  9 38
21    5  1 94  2 94  4 94  6 94  8 94    8  0 63  1 63  2 63  3 63  4 63  5 63  8 63  9 63    4  3 99  4 99  6 99  9 99    6  2 45  3 45  5 45  6 45  7 45  8 45    6  0 28  1 28  2 28  6 28  7 28  9 28    6  2 59  4 59  6 59  7 59  8 59  9 59    5  4 97  6 97  7 97  8 97  9 97    7  0 69  2 69  5 69  6 69  7 69  8 69  9 69    6  1 61  3 61  4 61  7 61  8 61  9 61    7  0 98  2 98  3 98  5 98  7 98  8 98  9 98    5  1 42  2 42  3 42  6 42  8 42    6  0 100  1 100  3 100  4 100  6 100  7 100    5  1 68  6 68  7 68  8 68  9 68    2  2 83  7 83    6  0 69  1 69  2 69  5 69  7 69  9 69    4  3 17  4 17  8 17  9 17    4  0 26  2 26  7 26  8 26    1  7 29    7  1 20  2 20  3 20  5 20  6 20  7 20  8 20    6  1 100  2 100  3 100  6 100  7 100  9 100    3  1 87  3 87  6 87
15    5  1 67  2 67  3 67  7 67  8 67    7  1 16  2 16  3 16  4 16  7 16  8 16  9 16    3  2 86  3 86  5 86    5  1 36  2 36  4 36  6 36  9 36    3  1 73  5 73  8 73    6  1 41  2 41  3 41  4 41  7 41  9 41    5  2 100  4 100  6 100  8 100  9 100    3  1 23  2 23  8 23    4  3 33  4 33  5 33  8 33    4  0 92  2 92  5 92  8 92    7  0 74  3 74  5 74  6 74  7 74  8 74  9 74    5  0 90  1 90  4 90  6 90  7 90    7  0 49  1 49  2 49  3 49  4 49  5 49  9 49    3  4 34  5 34  7 34    5  1 47  2 47  4 47  7 47  8 47
17    3  1 62  3 62  8 62    2  5 59  8 59    8  1 98  2 98  3 98  5 98  6 98  7 98  8 98  9 98    6  1 73  5 73  6 73  7 73  8 73  9 73    2  6 79  9 79    4  5 10  6 10  7 10  9 10    6  1 32  3 32  4 32  7 32  8 32  9 32    8  0 55  1 55  2 55  3 55  4 55  5 55  7 55  9 55    3  4 53  5 53  9 53    2  6 19  8 19    2  2 55  3 55    6  0 88  2 88  3 88  4 88  6 88  7 88    3  0 46  2 46  7 46    6  0 73  2 73  6 73  7 73  8 73  9 73    7  1 30  2 30  3 30  4 30  5 30  7 30  8 30    7  1 48  2 48  3 48  4 48  5 48  6 48  9 48    7  1 50  2 50  4 50  5 50  6 50  7 50  8 50
25    3  3 37  4 37  5 37    6  0 75  2 75  6 75  7 75  8 75  9 75    7  1 36  2 36  3 36  4 36  5 36  6 36  9 36    4  1 71  3 71  5 71  7 71    5  0 66  5 66  6 66  7 66  9 66    5  1 39  2 39  3 39  5 39  6 39    6  1 17  3 17  4 17  6 17  7 17  8 17    5  1 30  5 30  6 30  7 30  8 30    8  1 42  2 42  4 42  5 42  6 42  7 42  8 42  9 42    5  1 94  5 94  6 94  8 94  9 94    7  1 59  2 59  3 59  5 59  6 59  8 59  9 59    3  0 36  6 36  9 36    5  2 68  4 68  6 68  8 68  9 68    6  1 21  3 21  4 21  5 21  6 21  8 21    5  0 25  1 25  2 25  6 25  9 25    4  0 65  2 65  3 65  4 65    4  2 58  5 58  6 58  8 58    5  2 65  3 65  4 65  6 65  8 65    5  0 36  2 36  3 36  4 36  9 36    2  3 45  6 45    4  1 82  3 82  4 82  5 82    5  0 42  2 42  3 42  6 42  9 42    4  1 82  4 82  6 82  7 82    4  0 51  4 51  5 51  6 51    8  0 75  1 75  2 75  4 75  6 75  7 75  8 75  9 75
23    3  4 35  5 35  8 35    5  0 78  1 78  2 78  5 78  9 78    6  0 43  1 43  2 43  3 43  5 43  9 43    3  4 77  8 77  9 77    5  0 42  2 42  3 42  6 42  9 42    4  0 18  2 18  8 18  9 18    4  0 63  3 63  8 63  9 63    5  1 99  2 99  3 99  7 99  8 99    6  2 16  3 16  4 16  5 16  7 16  8 16    4  2 34  4 34  6 34  9 34    2  0 99  8 99    5  1 87  2 87  3 87  4 87  8 87    5  1 46  3 46  5 46  6 46  9 46    5  1 81  3 81  5 81  8 81  9 81    4  3 41  4 41  7 41  8 41    6  2 58  3 58  5 58  6 58  7 58  9 58    6  0 57  2 57  3 57  6 57  7 57  8 57    6  3 30  4 30  5 30  6 30  7 30  8 30    6  1 60  2 60  3 60  6 60  7 60  8 60    6  1 52  2 52  5 52  6 52  7 52  8 52    4  0 92  4 92  7 92  8 92    4  1 32  3 32  5 32  7 32    8  0 80  1 80  2 80  3 80  4 80  5 80  7 80  8 80
19    6  0 42  1 42  3 42  4 42  5 42  8 42    6  0 33  2 33  3 33  6 33  7 33  9 33    5  0 40  3 40  5 40  8 40  9 40    5  1 80  2 80  5 80  8 80  9 80    6  0 72  1 72  2 72  5 72  7 72  8 72    4  0 64  2 64  4 64  9 64    5  0 77  3 77  4 77  7 77  8 77    7  0 23  1 23  3 23  4 23  5 23  8 23  9 23    6  0 50  1 50  2 50  3 50  4 50  8 50    4  4 13  5 13  6 13  9 13    2  5 38  6 38    4  1 21  2 21  6 21  8 21    5  0 77  3 77  4 77  6 77  7 77    5  4 95  6 95  7 95  8 95  9 95    4  3 60  4 60  5 60  6 60    7  0 94  2 94  3 94  4 94  5 94  6 94  8 94    5  1 53  2 53  3 53  4 53  5 53    6  0 82  1 82  5 82  6 82  8 82  9 82    10  0 60  1 60  2 60  3 60  4 60  5 60  6 60  7 60  8 60  9 60
19    6  0 60  1 60  3 60  5 60  8 60  9 60    3  0 93  6 93  9 93    7  0 49  1 49  3 49  4 49  5 49  6 49  8 49    6  0 82  2 82  4 82  5 82  8 82  9 82    5  1 68  2 68  5 68  6 68  8 68    8  0 42  1 42  3 42  5 42  6 42  7 42  8 42  9 42    3  0 96  7 96  8 96    7  0 90  2 90  4 90  5 90  7 90  8 90  9 90    6  1 36  2 36  4 36  6 36  7 36  8 36    5  0 70  1 70  5 70  6 70  7 70    3  4 12  5 12  6 12    7  0 56  1 56  2 56  4 56  6 56  8 56  9 56    5  0 14  4 14  5 14  8 14  9 14    5  0 60  2 60  4 60  6 60  8 60    4  0 18  2 18  8 18  9 18    6  1 88  2 88  3 88  4 88  8 88  9 88    5  1 19  6 19  7 19  8 19  9 19    3  0 87  1 87  8 87    8  0 50  2 50  4 50  5 50  6 50  7 50  8 50  9 50
21    3  2 50  6 50  9 50    4  0 63  1 63  3 63  5 63    6  0 16  2 16  3 16  4 16  7 16  9 16    3  0 65  1 65  2 65    6  0 71  1 71  5 71  7 71  8 71  9 71    6  0 44  2 44  3 44  5 44  7 44  9 44    5  0 46  3 46  4 46  7 46  8 46    6  0 35  2 35  4 35  6 35  7 35  9 35    5  1 11  2 11  4 11  7 11  9 11    3  5 83  8 83  9 83    7  1 12  2 12  3 12  5 12  6 12  8 12  9 12    2  7 98  8 98    6  4 25  5 25  6 25  7 25  8 25  9 25    7  1 84  3 84  4 84  5 84  6 84  8 84  9 84    4  0 36  5 36  7 36  9 36    5  0 41  5 41  6 41  8 41  9 41    4  2 44  3 44  6 44  8 44    5  0 51  2 51  6 51  7 51  9 51    4  1 58  2 58  5 58  6 58    5  0 56  1 56  4 56  7 56  9 56    4  1 27  5 27  7 27  8 27
16    3  0 97  5 97  7 97    5  0 93  2 93  6 93  8 93  9 93    6  1 41  2 41  3 41  4 41  7 41  9 41    4  3 59  5 59  6 59  9 59    4  3 83  5 83  7 83  8 83    2  7 99  8 99    6  0 90  1 90  4 90  5 90  7 90  8 90    7  0 90  2 90  3 90  4 90  7 90  8 90  9 90    6  0 58  1 58  2 58  3 58  6 58  8 58    7  0 15  3 15  4 15  5 15  6 15  8 15  9 15    5  0 95  1 95  2 95  5 95  7 95    4  1 65  4 65  7 65  8 65    5  0 73  2 73  4 73  6 73  7 73    6  2 96  3 96  4 96  5 96  6 96  8 96    6  1 42  2 42  4 42  6 42  7 42  8 42    3  0 53  7 53  8 53
16    7  1 61  2 61  4 61  5 61  6 61  8 61  9 61    4  3 24  5 24  6 24  9 24    6  0 90  4 90  6 90  7 90  8 90  9 90    5  2 11  5 11  6 11  8 11  9 11    7  0 12  1 12  4 12  6 12  7 12  8 12  9 12    3  0 68  1 68  8 68    5  0 61  6 61  7 61  8 61  9 61    2  2 40  7 40    3  2 70  5 70  6 70    6  0 76  1 76  2 76  3 76  4 76  7 76    4  1 48  3 48  6 48  8 48    8  0 19  1 19  2 19  4 19  5 19  6 19  7 19  9 19    3  4 49  8 49  9 49    3  0 76  3 76  4 76    7  1 24  2 24  3 24  5 24  6 24  8 24  9 24    3  1 35  4 35  7 35
25    4  1 10  2 10  3 10  7 10    6  1 46  4 46  5 46  6 46  7 46  9 46    5  1 18  3 18  4 18  6 18  7 18    4  1 72  3 72  8 72  9 72    6  0 32  1 32  2 32  4 32  5 32  7 32    4  1 92  4 92  6 92  7 92    4  1 14  2 14  7 14  8 14    6  2 53  5 53  6 53  7 53  8 53  9 53    4  2 49  6 49  7 49  9 49    4  0 83  1 83  4 83  5 83    6  0 81  1 81  2 81  4 81  6 81  8 81    5  0 76  4 76  6 76  7 76  9 76    4  2 88  3 88  7 88  9 88    5  0 34  2 34  4 34  5 34  6 34    5  0 54  3 54  5 54  6 54  8 54    5  3 22  4 22  5 22  6 22  8 22    4  1 47  2 47  3 47  4 47    5  0 31  3 31  4 31  6 31  7 31    4  1 43  4 43  7 43  8 43    4  1 29  2 29  4 29  9 29    7  0 59  1 59  2 59  3 59  4 59  6 59  9 59    7  0 26  2 26  3 26  4 26  5 26  7 26  8 26    6  0 57  2 57  5 57  6 57  7 57  8 57    4  0 11  2 11  4 11  7 11    2  3 90  6 90
17    4  0 55  2 55  6 55  9 55    7  0 71  2 71  3 71  5 71  6 71  7 71  8 71    4  2 64  5 64  7 64  9 64    4  1 36  3 36  5 36  6 36    8  0 26  1 26  2 26  3 26  4 26  5 26  7 26  9 26    5  1 34  2 34  5 34  7 34  8 34    4  0 68  3 68  7 68  8 68    8  0 55  1 55  2 55  3 55  4 55  5 55  6 55  9 55    5  1 41  2 41  4 41  6 41  9 41    6  0 36  2 36  3 36  4 36  7 36  8 36    3  0 64  4 64  7 64    5  0 91  2 91  3 91  4 91  7 91    4  0 16  7 16  8 16  9 16    5  1 29  2 29  4 29  5 29  6 29    6  1 87  2 87  6 87  7 87  8 87  9 87    7  0 76  2 76  3 76  5 76  6 76  7 76  9 76    5  0 69  1 69  5 69  6 69  8 69
21    3  0 72  1 72  4 72    5  0 66  4 66  5 66  7 66  8 66    3  2 33  4 33  9 33    5  0 21  2 21  4 21  5 21  9 21    5  1 81  4 81  5 81  7 81  9 81    4  1 22  3 22  5 22  7 22    4  1 60  5 60  8 60  9 60    6  0 85  4 85  6 85  7 85  8 85  9 85    4  0 37  3 37  7 37  9 37    6  0 70  2 70  4 70  5 70  8 70  9 70    2  1 58  7 58    4  2 49  3 49  8 49  9 49    5  0 59  2 59  3 59  6 59  9 59    6  3 54  4 54  5 54  6 54  8 54  9 54    6  1 39  2 39  3 39  4 39  5 39  9 39    4  4 78  5 78  8 78  9 78    3  0 95  3 95  9 95    2  4 21  7 21    4  2 36  5 36  7 36  9 36    7  0 66  1 66  2 66  3 66  7 66  8 66  9 66    4  0 84  1 84  2 84  7 84
17    7  0 11  1 11  2 11  4 11  6 11  7 11  9 11    4  2 37  4 37  5 37  8 37    4  0 11  1 11  3 11  8 11    4  1 81  3 81  5 81  6 81    5  2 46  5 46  6 46  7 46  8 46    7  0 76  1 76  2 76  4 76  6 76  7 76  9 76    1  7 20    4  1 96  2 96  8 96  9 96    7  1 73  2 73  3 73  6 73  7 73  8 73  9 73    6  1 43  2 43  3 43  4 43  7 43  8 43    6  2 84  3 84  6 84  7 84  8 84  9 84    5  3 75  6 75  7 75  8 75  9 75    5  3 97  4 97  5 97  8 97  9 97    4  2 37  3 37  6 37  9 37    6  1 47  3 47  4 47  5 47  7 47  9 47    8  0 98  1 98  2 98  3 98  4 98  5 98  8 98  9 98    7  0 89  1 89  2 89  4 89  5 89  7 89  8 89
23    6  1 69  4 69  5 69  6 69  7 69  9 69    4  1 87  2 87  3 87  6 87    3  0 77  1 77  5 77    6  1 18  2 18  5 18  6 18  8 18  9 18    5  0 18  1 18  2 18  6 18  7 18    7  0 15  1 15  2 15  5 15  7 15  8 15  9 15    6  1 44  2 44  3 44  5 44  7 44  8 44    3  6 70  8 70  9 70    5  0 20  3 20  5 20  8 20  9 20    5  1 70  3 70  4 70  5 70  8 70    5  1 19  2 19  4 19  5 19  8 19    4  1 24  2 24  3 24  4 24    6  0 44  2 44  3 44  7 44  8 44  9 44    5  0 21  1 21  2 21  7 21  8 21    6  1 69  2 69  3 69  5 69  6 69  7 69    5  1 19  2 19  3 19  4 19  8 19    4  0 84  2 84  4 84  9 84    3  2 47  6 47  7 47    2  6 86  9 86    6  1 31  3 31  4 31  6 31  7 31  9 31    6  0 42  4 42  5 42  6 42  7 42  8 42    8  0 11  1 11  2 11  4 11  5 11  7 11  8 11  9 11    8  0 23  1 23  3 23  5 23  6 23  7 23  8 23  9 23
16    7  1 48  2 48  4 48  5 48  7 48  8 48  9 48    5  0 15  2 15  3 15  6 15  7 15    5  0 97  4 97  5 97  7 97  9 97    5  2 23  5 23  7 23  8 23  9 23    5  1 29  2 29  3 29  4 29  6 29    6  0 96  1 96  2 96  6 96  7 96  9 96    6  0 66  1 66  3 66  6 66  7 66  8 66    8  0 41  2 41  4 41  5 41  6 41  7 41  8 41  9 41    5  0 43  2 43  3 43  5 43  8 43    6  0 58  1 58  5 58  6 58  7 58  8 58    6  1 93  2 93  3 93  5 93  8 93  9 93    4  1 78  5 78  7 78  8 78    3  3 74  4 74  6 74    7  0 57  1 57  2 57  3 57  6 57  7 57  8 57    5  0 68  4 68  6 68  7 68  8 68    4  0 85  3 85  8 85  9 85

0 12 28 9 16 16 25 16 10 6 23 13 25 28 17 2 23 22 11 22
2 0 13 17 20 5 3 18 25 26 5 24 21 2 15 2 13 28 18 3
22 24 0 17 11 4 5 23 1 19 15 24 14 28 2 16 27 25 25 13
16 25 13 0 12 11 1 3 23 14 22 27 13 16 14 22 13 18 14 19
21 16 3 2 0 14 8 27 14 28 28 8 1 18 27 9 21 14 13 10
10 6 23 9 9 0 26 23 28 16 28 19 23 27 19 7 26 14 3 23
5 26 26 7 7 4 0 6 12 1 20 27 13 25 21 1 19 21 3 17
7 11 14 5 10 7 11 0 24 15 1 23 3 22 9 17 19 9 19 21
7 13 25 28 2 8 13 12 0 23 12 12 15 22 24 18 2 21 15 16
28 1 11 13 13 6 23 7 6 0 16 27 5 27 14 12 17 15 14 25
6 5 15 3 24 3 24 9 21 5 0 5 10 11 22 6 22 21 2 17
15 14 27 6 8 6 11 13 9 2 15 0 19 23 3 10 21 12 27 25
2 2 16 18 23 6 7 5 1 12 23 21 0 8 15 11 7 10 11 10
8 27 25 21 27 28 8 20 19 20 7 10 14 0 11 24 17 15 3 2
26 12 13 23 13 5 22 23 1 22 24 16 18 4 0 26 1 24 14 3
11 24 28 13 17 27 18 1 7 11 20 7 4 11 26 0 19 19 16 28
9 25 3 16 10 6 3 21 21 10 3 9 22 18 11 5 0 18 4 19
23 16 17 23 27 28 14 1 11 27 17 10 24 22 22 28 2 0 14 13
19 27 26 19 26 13 13 7 8 14 7 16 21 2 6 16 23 20 0 19
28 14 22 10 9 3 17 15 27 19 18 17 22 17 23 23 25 27 7 0

0 1 27 21 3 1 15 27 23 11 20 2 20 3 16 8 16 6 22 1
10 0 10 21 14 19 4 22 8 22 2 24 1 28 24 12 23 26 27 23
9 19 0 22 2 20 17 28 16 23 12 11 1 25 22 24 3 9 15 2
23 16 16 0 23 1 4 16 12 25 11 8 4 4 9 13 17 20 2 14
19 6 22 9 0 6 14 23 2 24 24 19 15 21 13 13 11 23 10 25
17 13 19 7 3 0 9 26 25 14 23 4 25 12 9 13 5 24 9 22
25 14 24 22 4 16 0 12 9 11 22 15 20 6 24 4 6 10 22 8
4 4 16 1 22 25 16 0 22 21 5 16 23 16 19 13 24 27 6 7
8 16 27 6 3 2 3 11 0 24 19 16 17 10 4 23 8 26 8 27
2 6 24 27 27 18 5 25 1 0 27 22 18 8 26 5 21 5 1 19
22 14 19 5 10 9 9 4 27 22 0 18 25 4 13 9 10 24 24 7
24 18 15 15 12 10 28 19 8 25 2 0 6 7 12 25 9 5 21 27
23 28 12 16 3 27 20 14 7 14 10 8 0 19 19 23 26 21 4 7
23 14 8 10 15 16 25 22 23 21 22 11 19 0 9 1 17 1 20 6
2 7 26 21 8 9 2 8 23 2 22 2 27 14 0 2 15 2 11 16
15 9 17 5 17 12 16 2 13 26 14 27 7 6 22 0 22 27 28 3
23 4 27 24 24 1 27 21 16 25 27 27 27 21 24 11 0 22 8 11
8 22 25 18 27 9 27 17 16 25 23 20 3 8 21 8 16 0 23 5
15 4 11 17 14 19 18 20 4 21 2 20 20 28 23 26 7 20 0 19
5 11 21 27 27 9 20 3 28 9 7 18 4 28 8 6 24 11 2 0

0 6 19 2 5 28 7 2 12 20 13 20 18 8 22 9 13 23 21 24
11 0 2 7 28 14 6 16 1 20 7 20 4 13 11 27 8 1 8 17
7 14 0 13 20 2 1 28 13 15 27 10 1 14 12 1 9 8 22 17
18 4 1 0 4 4 8 12 17 10 27 20 1 21 17 6 20 15 24 12
25 15 21 22 0 1 3 17 3 13 15 23 2 14 24 28 16 25 27 4
28 26 8 8 28 0 13 23 25 19 4 16 18 25 9 4 3 16 25 13
7 6 6 5 14 18 0 10 1 18 18 11 6 27 17 16 13 25 18 26
16 18 8 20 28 25 5 0 19 17 24 27 26 17 24 13 20 4 10 21
22 9 23 13 10 21 11 12 0 10 15 10 16 16 22 14 12 9 18 10
8 1 12 10 22 19 5 18 17 0 1 16 18 1 1 28 21 20 17 16
28 5 4 21 27 19 14 15 8 16 0 12 14 24 22 26 10 16 14 3
28 6 7 16 11 6 1 5 6 16 6 0 9 9 15 14 25 14 5 6
14 9 3 14 4 21 6 14 26 22 20 23 0 5 10 21 20 11 3 14
3 19 4 19 11 21 28 7 23 25 20 25 13 0 25 13 5 24 11 22
7 28 1 22 9 14 21 19 22 14 24 17 5 23 0 8 23 1 10 13
21 21 7 19 11 24 19 4 26 11 20 3 11 15 7 0 26 12 17 28
22 5 19 27 27 24 23 19 15 17 16 23 22 10 7 15 0 2 13 9
7 27 13 5 28 27 24 2 28 1 7 24 10 11 25 6 8 0 19 2
17 21 8 23 6 3 2 7 22 22 21 1 10 18 25 10 6 28 0 8
26 22 21 25 27 10 16 22 10 18 7 18 23 4 22 26 26 22 17 0

0 13 4 28 21 21 14 19 13 6 4 20 10 24 10 5 11 9 12 20
14 0 26 14 2 25 5 20 16 2 18 10 5 19 22 15 3 17 5 8
19 19 0 27 7 18 17 21 24 9 18 20 5 20 13 17 22 16 4 10
21 21 7 0 3 24 24 2 9 6 8 21 5 24 3 7 15 6 26 25
6 24 21 28 0 28 23 18 4 20 16 11 25 14 19 3 28 15 9 6
24 4 2 19 22 0 18 13 9 9 28 14 1 10 14 6 26 10 27 15
14 22 20 22 23 11 0 17 10 27 8 4 27 16 20 6 4 14 1 8
8 23 4 9 16 8 7 0 5 1 12 9 22 17 18 3 4 21 25 22
2 20 18 20 24 23 23 3 0 21 19 14 10 26 24 16 21 1 20 26
7 14 21 18 17 17 10 24 9 0 20 27 7 20 9 7 8 22 18 13
26 21 19 18 19 6 2 23 27 1 0 18 11 17 27 15 13 14 5 11
4 27 13 21 25 14 6 23 27 9 19 0 13 5 28 13 10 24 12 16
16 17 13 13 16 9 1 7 25 7 20 23 0 3 8 13 18 15 1 7
28 17 14 8 18 14 4 27 18 27 14 21 4 0 9 6 12 16 1 15
12 14 17 15 5 18 9 23 23 3 24 4 27 8 0 12 19 1 25 11
2 14 3 18 21 18 27 28 8 9 23 27 24 11 26 0 23 21 28 4
26 23 2 22 28 10 13 17 27 9 18 18 18 5 10 2 0 25 3 26
25 5 6 28 7 12 18 1 13 19 15 25 22 18 27 9 10 0 5 15
23 12 12 23 20 20 3 12 19 6 5 13 2 27 16 2 9 24 0 16
12 12 1 11 20 22 3 17 15 18 17 11 21 1 12 11 15 9 8 0

0 14 5 27 20 23 12 17 21 25 23 15 2 11 15 12 1 2 28 15
18 0 3 19 7 2 1 18 10 15 22 13 27 3 24 23 15 25 17 27
12 24 0 3 9 18 2 27 25 19 14 23 16 25 20 23 21 15 27 15
26 5 2 0 9 14 13 6 25 4 14 9 3 24 14 24 7 9 5 8
11 15 18 11 0 28 13 12 2 4 22 11 28 1 10 3 18 14 3 24
24 10 3 21 8 0 16 5 10 15 4 5 6 11 17 4 3 10 5 2
20 9 14 27 18 8 0 26 21 27 25 12 7 22 10 22 1 2 21 16
7 28 3 1 7 8 6 0 18 11 11 18 3 2 9 11 25 1 24 5
17 17 12 25 11 10 20 27 0 7 3 1 22 28 21 14 16 8 7 26
14 19 26 16 19 4 5 18 19 0 16 28 21 26 26 9 1 6 24 20
4 18 18 3 13 25 5 27 22 12 0 4 18 5 18 2 17 28 26 14
21 21 15 7 18 24 9 21 18 26 11 0 1 27 9 16 12 24 19 23
8 3 28 22 23 6 7 23 17 12 26 2 0 1 13 16 8 11 10 27
9 17 11 23 24 13 27 11 19 26 4 20 9 0 9 1 1 2 5 20
14 24 24 16 16 19 15 22 13 15 14 23 2 27 0 8 5 1 2 18
27 14 18 14 5 13 27 25 28 9 6 4 17 12 27 0 7 27 13 21
2 19 23 28 6 4 17 7 4 22 18 19 25 18 6 1 0 9 2 9
20 24 17 27 8 20 20 2 20 21 2 27 20 6 11 22 18 0 17 18
1 26 1 3 21 2 28 25 2 27 2 22 12 8 7 28 4 10 0 24
21 19 25 16 5 26 18 27 21 15 8 19 23 28 1 11 1 2 14 0

0 5 21 28 12 23 28 24 27 23 12 6 20 17 17 2 18 20 28 23
28 0 4 27 4 21 8 28 24 24 18 18 24 9 10 12 16 9 23 28
14 3 0 26 1 16 25 9 9 9 21 21 23 27 14 7 12 17 12 16
10 2 1 0 8 14 17 10 27 11 25 27 5 6 26 14 3 18 12 15
10 11 6 3 0 4 13 4 2 17 17 21 24 21 13 10 5 10 5 18
27 27 26 23 19 0 1 17 2 14 17 5 28 11 13 10 28 7 22 16
23 13 17 10 8 12 0 11 25 1 25 19 21 11 2 13 20 12 18 2
6 11 25 17 14 17 8 0 8 21 26 26 23 25 14 17 16 3 3 12
10 25 28 4 23 3 22 9 0 6 17 23 12 20 3 8 26 8 20 9
6 15 14 16 1 26 9 1 3 0 11 13 3 15 17 8 13 19 26 6
16 22 17 8 16 27 17 25 27 10 0 12 3 2 7 21 11 15 3 23
23 8 28 1 9 8 22 27 22 13 23 0 20 18 12 20 21 19 11 21
25 12 10 13 24 4 20 25 11 17 3 7 0 15 11 22 25 4 14 21
23 19 11 9 2 10 15 26 15 9 18 1 15 0 14 23 5 9 14 1
25 25 11 17 5 20 9 1 2 5 15 13 4 21 0 10 8 21 16 19
3 16 11 20 3 7 8 3 4 19 5 23 22 16 6 0 4 21 4 10
25 23 4 9 15 15 26 20 3 26 7 4 28 23 10 26 0 10 14 18
21 20 1 19 14 8 9 6 22 11 11 11 4 1 16 12 24 0 16 11
13 5 24 5 20 27 25 3 11 21 19 4 21 20 11 26 6 24 0 7
27 27 5 6 16 25 23 14 6 11 8 3 15 11 9 12 21 28 25 0

0 8 6 5 22 15 3 21 24 2 21 1 20 25 7 27 16 26 25 11
20 0 10 22 23 20 21 8 10 20 16 13 23 18 19 9 11 8 20 25
18 20 0 5 7 6 2 4 6 9 12 14 23 15 19 22 18 6 18 16
8 28 24 0 12 28 13 5 20 14 18 15 12 4 15 5 26 25 27 7
6 19 26 17 0 8 6 4 16 26 8 16 22 3 18 18 19 16 7 1
13 11 13 22 6 0 9 20 13 18 4 19 17 27 14 7 7 20 2 3
20 18 23 17 19 2 0 18 9 11 4 10 7 25 13 25 16 9 20 13
24 18 7 27 27 18 18 0 27 15 19 3 6 19 28 26 11 17 8 6
27 21 6 1 25 21 9 12 0 8 7 10 20 17 18 13 24 13 1 26
4 1 4 13 27 15 20 27 14 0 13 17 6 5 13 14 20 14 21 27
9 28 4 26 19 19 13 27 23 1 0 25 26 7 9 25 9 23 22 6
13 22 21 3 15 6 12 9 6 12 8 0 16 8 24 1 2 12 26 28
3 25 23 7 28 21 8 19 22 18 20 9 0 26 12 17 15 12 16 8
9 4 22 28 10 14 15 22 7 14 15 28 4 0 25 22 23 3 15 1
10 19 20 28 18 9 8 15 28 25 22 10 8 16 0 4 10 6 3 4
24 1 27 19 17 16 4 4 9 5 22 9 15 17 13 0 28 5 3 8
14 24 21 3 15 22 14 19 2 13 5 5 15 24 12 25 0 10 28 22
21 28 10 13 21 6 18 18 24 20 10 27 21 18 6 18 9 0 23 16
28 14 14 15 20 24 17 2 25 5 28 26 28 19 4 17 10 11 0 28
22 5 20 6 10 10 14 11 5 18 22 22 17 26 18 23 6 16 20 0

0 13 11 2 24 1 22 19 17 4 19 13 28 9 23 16 9 13 28 10
28 0 18 4 24 23 19 5 23 11 12 13 7 28 19 13 9 2 21 28
28 25 0 12 27 19 19 22 12 2 23 6 16 27 11 4 21 25 25 9
17 10 1 0 12 4 13 4 23 22 13 12 24 9 11 26 22 24 2 15
10 28 22 3 0 13 18 7 17 20 16 16 1 6 10 12 7 11 19 3
8 14 7 27 2 0 4 22 14 28 9 2 16 14 4 3 6 21 12 22
13 1 3 20 26 13 0 14 2 18 1 28 20 19 20 9 8 26 6 11
27 15 24 13 11 11 18 0 18 28 9 26 20 23 5 12 1 13 14 25
8 5 4 7 28 25 5 22 0 4 24 12 10 18 15 19 15 10 21 27
7 20 11 16 12 14 16 26 19 0 26 11 23 8 26 7 4 14 5 19
19 13 21 19 5 23 7 20 19 9 0 18 2 5 26 15 10 28 9 24
7 25 12 15 28 18 11 9 26 7 13 0 20 8 4 1 16 24 28 21
9 14 25 15 26 5 10 4 8 5 18 22 0 10 21 14 8 4 4 28
17 19 12 19 15 3 3 23 5 17 13 10 10 0 27 1 1 21 17 22
28 20 25 26 2 15 17 1 21 7 4 6 22 13 0 23 1 11 2 4
8 4 6 14 13 17 25 4 16 15 9 12 5 28 22 0 11 22 10 7
21 17 6 10 12 5 19 10 9 22 23 14 20 12 27 21 0 19 2 25
7 21 26 26 2 13 9 1 11 3 15 27 23 2 4 22 12 0 21 28
6 3 4 3 7 4 27 17 21 13 12 16 9 6 17 3 14 21 0 14
3 7 7 2 2 11 27 11 18 13 6 25 23 24 8 13 14 11 24 0

0 16 28 16 16 10 27 14 2 5 3 4 21 13 20 9 7 13 22 14
8 0 26 2 13 17 27 15 17 9 4 23 13 6 9 27 16 1 23 7
1 10 0 28 7 1 7 13 14 22 8 5 19 25 5 22 23 5 15 15
18 12 23 0 12 11 16 7 18 14 21 23 6 28 26 13 4 3 18 11
18 3 17 28 0 15 9 8 20 6 28 11 22 6 27 21 18 26 20 13
19 23 15 25 17 0 5 3 19 7 14 10 15 6 10 19 23 20 3 28
8 26 24 2 12 1 0 17 5 9 20 24 9 21 15 15 22 23 27 2
13 9 16 10 14 5 25 0 27 13 15 22 13 14 18 11 12 28 20 23
23 11 7 27 10 17 17 20 0 4 8 2 22 27 1 23 27 18 27 17
10 6 2 19 1 2 10 21 12 0 2 26 16 26 28 24 20 26 16 27
3 13 18 24 3 22 13 23 13 2 0 1 3 15 20 17 7 28 20 16
16 6 14 17 18 22 14 26 12 8 22 0 27 20 15 27 1 1 24 10
1 9 12 26 5 18 25 14 13 5 17 20 0 17 13 24 21 24 11 11
26 28 21 24 12 24 26 19 19 14 11 15 17 0 17 8 24 15 23 12
16 11 17 21 27 2 1 2 23 27 2 23 19 25 0 5 15 3 13 2
9 3 23 22 14 6 24 24 2 23 25 19 6 24 16 0 1 21 17 7
27 8 15 4 26 14 26 5 14 6 4 6 12 20 13 9 0 28 13 6
15 20 25 5 11 21 18 16 15 1 19 8 4 14 2 26 14 0 22 6
10 1 28 6 12 22 9 20 16 8 21 2 13 14 5 28 10 10 0 5
25 5 5 1 27 19 7 4 15 15 21 22 23 23 6 27 11 16 25 0

0 6 21 20 10 11 10 7 2 2 4 8 5 5 22 26 2 8 11 24
11 0 17 12 24 21 16 2 23 14 27 23 1 4 8 23 12 10 1 6
14 15 0 24 1 8 19 18 11 11 6 17 4 14 14 5 10 18 21 17
14 24 21 0 23 15 8 17 4 6 26 12 7 13 24 2 5 28 2 10
23 21 10 12 0 24 10 24 2 2 4 6 1 11 4 25 8 9 15 8
28 28 22 27 20 0 7 4 6 10 16 11 28 11 21 1 3 15 4 25
27 3 21 9 15 20 0 21 17 20 5 13 21 20 12 9 12 4 2 12
26 21 10 1 22 11 22 0 20 8 21 6 20 14 1 22 19 1 26 7
11 3 12 8 24 4 2 13 0 1 25 10 10 3 22 6 21 28 10 7
22 26 2 3 7 18 7 5 14 0 3 16 20 17 2 1 16 27 13 11
9 17 7 9 23 3 14 9 13 11 0 5 2 25 17 14 3 7 17 27
21 5 9 7 26 20 22 13 26 9 3 0 22 12 27 24 28 21 19 13
15 17 12 14 6 21 4 8 18 10 9 22 0 18 11 16 4 17 7 5
10 15 7 18 19 4 27 23 5 27 24 1 23 0 26 17 14 5 5 17
11 5 14 15 9 20 7 2 9 20 24 2 4 28 0 20 18 18 11 26
21 1 9 9 8 28 4 20 15 1 22 11 9 14 26 0 11 12 17 2
8 13 25 1 23 4 8 12 16 8 19 14 11 27 22 20 0 5 26 5
14 14 23 17 7 5 6 22 2 25 11 28 16 8 25 4 5 0 4 10
24 1 4 4 12 7 9 13 14 16 3 23 18 9 2 19 10 19 0 22
28 11 24 17 23 18 13 5 19 9 10 11 7 12 5 19 1 18 27 0
