15 8 4
15    1  3 24    1  7 63    1  0 29    1  3 83    1  6 23    2  0 66  2 66    1  7 29    3  3 11  4 11  5 11    1  7 62    1  5 94    1  0 41    1  4 90    3  1 63  4 63  5 63    1  3 45    1  0 91
20    1  5 73    1  5 31    1  2 97    3  2 11  6 11  7 11    1  2 20    1  0 90    1  6 21    1  7 78    1  4 37    1  6 68    1  3 48    3  2 55  5 55  6 55    1  2 38    1  1 49    1  0 69    1  5 73    1  6 80    1  5 83    1  6 39    1  2 98
23    1  0 71    2  0 24  3 24    3  3 89  4 89  5 89    1  4 73    1  4 44    2  2 61  4 61    1  5 53    4  0 35  3 35  4 35  7 35    1  5 95    1  7 33    1  4 59    1  1 68    1  2 61    1  3 56    1  4 28    1  1 18    2  1 35  5 35    1  6 73    3  1 78  3 78  6 78    2  1 70  3 70    1  0 65    1  6 44    1  2 56
18    1  6 60    1  5 69    1  6 94    1  4 28    1  3 63    1  1 17    1  1 61    1  5 34    1  5 96    2  3 31  6 31    1  4 82    1  0 40    1  0 63    2  0 95  3 95    1  4 68    1  5 91    1  1 43    1  6 32
21    1  4 54    2  4 92  7 92    3  1 40  4 40  6 40    1  4 84    1  4 38    1  7 94    1  4 63    1  5 99    2  0 45  1 45    1  6 28    1  7 59    1  4 97    1  4 69    1  5 61    3  3 98  4 98  7 98    1  6 42    1  5 100    1  3 68    2  1 83  2 83    1  6 69    1  4 17
15    1  3 26    1  3 29    2  4 20  6 20    1  0 100    2  1 87  7 87    2  3 67  7 67    2  4 16  5 16    1  3 86    1  1 36    1  7 73    1  2 41    1  2 100    1  5 23    1  6 33    1  5 92
17    1  4 74    1  2 90    1  1 49    1  5 34    1  5 47    1  3 62    1  3 59    1  4 98    1  2 73    1  0 79    1  5 10    1  4 32    2  6 55  7 55    1  3 53    1  4 19    1  3 55    2  4 88  5 88
25    1  4 46    1  6 73    1  7 30    1  3 48    1  0 50    1  4 37    1  3 75    1  3 36    1  7 71    1  7 66    1  3 39    1  7 17    1  4 30    1  2 42    1  7 94    1  0 59    1  4 36    1  0 68    1  1 21    1  6 25    1  6 65    1  2 58    3  0 65  2 65  6 65    3  5 36  6 36  7 36    3  0 45  1 45  4 45
23    1  3 82    1  0 42    1  4 82    1  1 51    1  7 75    1  5 35    1  7 78    1  6 43    2  4 77  6 77    1  7 42    1  3 18    2  0 63  7 63    1  6 99    1  0 16    2  5 34  7 34    1  2 99    1  6 87    1  5 46    1  3 81    1  5 41    2  0 58  5 58    1  6 57    1  0 30
19    1  3 60    1  2 52    3  3 92  5 92  6 92    2  4 32  5 32    1  4 80    3  2 42  5 42  6 42    1  6 33    1  3 40    1  0 80    1  0 72    2  2 64  5 64    1  4 77    1  1 23    1  2 50    1  5 13    1  1 38    2  3 21  6 21    1  5 77    1  2 95
19    1  7 60    1  5 94    1  3 53    1  3 82    2  1 60  7 60    1  5 60    2  1 93  5 93    1  3 49    1  3 82    1  7 68    1  6 42    1  0 96    1  5 90    1  4 36    1  6 70    1  2 12    1  3 56    1  5 14    1  2 60
21    1  3 18    1  7 88    1  2 19    1  0 87    1  0 50    1  3 50    1  3 63    2  6 16  7 16    1  5 65    2  2 71  5 71    3  3 44  4 44  6 44    1  5 46    1  1 35    2  0 11  5 11    1  1 83    1  0 12    1  3 98    1  7 25    1  7 84    1  5 36    4  0 41  4 41  6 41  7 41
16    1  0 44    1  1 51    1  0 58    1  1 56    1  0 27    1  5 97    2  1 93  3 93    3  0 41  2 41  4 41    1  3 59    1  2 83    1  3 99    1  0 90    1  2 90    1  0 58    1  6 15    1  2 95
16    1  3 65    3  0 73  4 73  5 73    1  6 96    1  7 42    1  3 53    1  1 61    1  7 24    1  5 90    1  0 11    2  0 12  5 12    1  5 68    1  4 61    1  2 40    1  1 70    1  3 76    1  4 48
25    1  3 19    1  6 49    1  4 76    1  1 24    1  5 35    1  2 10    1  1 46    1  6 18    1  4 72    2  1 32  5 32    2  0 92  2 92    1  7 14    1  1 53    1  1 49    2  5 83  7 83    1  1 81    1  2 76    1  6 88    1  4 34    1  0 54    1  5 22    1  2 47    1  1 31    1  2 43    1  6 29

0 11 12 12 19 1 7 3 8 5 12 8 15 24 15
26 0 12 6 16 3 22 6 3 28 6 12 8 25 11
7 5 0 6 17 27 3 1 9 23 27 16 20 27 26
3 28 24 0 9 13 10 12 9 18 26 4 13 27 23
25 14 5 5 0 28 1 22 6 16 23 2 1 27 25
15 21 22 1 8 0 16 16 26 26 19 6 10 13 5
8 4 2 2 21 20 0 15 7 18 9 4 12 18 28
16 26 7 21 5 23 14 0 13 13 6 12 4 23 11
20 4 11 13 9 1 22 20 0 1 4 1 21 5 18
14 19 7 4 6 1 10 21 19 0 8 26 1 17 13
23 11 2 24 1 7 23 1 4 17 0 11 9 7 23
7 23 5 11 21 13 16 16 1 19 13 0 20 6 25
9 7 4 3 21 18 9 26 3 19 16 20 0 7 17
17 5 11 25 13 5 17 13 2 27 21 15 26 0 23
17 3 14 24 25 25 13 20 15 1 28 1 27 28 0

0 8 25 16 27 16 28 1 24 26 18 17 24 13 5
16 0 20 8 24 5 2 28 20 16 8 22 25 25 26
26 15 0 12 16 16 27 28 25 2 10 17 18 10 28
14 11 23 0 2 24 11 2 24 8 10 8 21 28 23
21 11 25 25 0 14 6 17 7 8 4 24 27 19 11
3 6 25 19 11 0 9 14 9 20 7 2 11 4 18
17 26 24 7 19 6 0 5 19 17 8 15 6 14 6
18 21 24 8 28 7 28 0 16 16 7 21 4 18 12
21 17 26 1 10 5 27 28 0 16 21 2 7 16 3
26 12 8 20 1 1 9 5 22 0 2 21 11 8 18
25 27 1 20 2 10 13 21 16 19 0 13 20 23 11
7 28 25 1 3 8 24 28 7 21 19 0 23 2 11
22 16 23 10 24 24 26 18 12 5 25 7 0 16 10
5 23 21 7 6 16 5 16 17 19 8 24 20 0 2
22 18 22 8 18 15 27 7 10 22 9 6 17 16 0

0 17 21 23 4 16 15 12 20 2 24 19 18 20 3
10 0 6 24 5 10 5 20 17 5 17 28 1 4 16
6 13 0 26 17 3 10 11 28 17 7 15 9 13 25
17 13 14 0 21 22 3 26 1 17 15 14 4 17 4
20 28 3 23 0 9 15 25 11 21 13 26 12 22 27
10 11 8 12 20 0 26 21 20 21 18 6 3 11 13
6 16 2 14 6 27 0 23 18 12 6 7 9 3 4
21 7 2 6 4 27 4 0 6 9 4 6 1 27 17
5 1 12 22 3 20 27 25 0 15 19 5 12 3 16
4 11 9 24 28 5 18 5 11 0 21 9 4 10 14
12 19 16 25 26 1 12 10 16 23 0 6 23 22 21
17 14 26 18 4 23 20 5 1 27 11 0 27 16 9
24 4 2 24 23 28 19 5 27 22 13 22 0 25 6
8 19 1 21 18 9 6 18 21 20 17 18 21 0 20
28 10 22 6 16 14 10 27 2 18 11 23 15 20 0

0 26 15 5 28 14 5 4 15 17 1 9 19 27 24
19 0 20 17 28 22 25 26 12 24 16 24 7 16 4
20 18 0 22 20 4 21 7 18 3 21 19 23 28 16
3 10 9 0 10 1 22 20 28 11 1 5 15 7 9
6 8 21 26 0 12 9 27 26 5 14 1 22 14 4
23 18 6 9 18 0 6 5 3 18 15 1 24 9 18
21 5 7 5 27 24 0 17 9 7 7 4 10 22 10
2 18 2 5 20 25 13 0 9 16 11 23 1 16 12
12 13 7 27 26 27 26 15 0 4 20 9 3 5 6
8 4 7 20 17 11 3 11 2 0 11 21 7 22 16
10 4 19 22 24 20 26 14 6 3 0 15 20 16 23
5 28 24 8 1 5 27 26 25 17 14 0 11 28 5
3 2 19 21 2 15 17 16 22 9 12 3 0 25 19
23 13 3 9 10 5 25 15 5 5 15 16 20 0 22
16 19 7 13 26 23 17 27 16 18 13 2 21 14 0

0 12 9 8 21 20 18 4 17 1 19 6 7 21 8
25 0 24 17 2 21 14 14 15 10 8 17 10 3 7
22 28 0 16 7 13 5 6 11 28 3 23 18 4 22
5 13 26 0 3 9 11 7 3 2 12 21 17 9 19
16 1 9 19 0 5 7 5 26 16 5 1 7 27 24
11 9 21 4 22 0 10 4 10 18 7 16 10 20 27
13 21 3 4 7 25 0 14 6 9 26 26 15 4 6
6 21 12 27 2 1 11 0 8 1 7 27 6 18 8
9 18 13 3 20 8 17 13 0 18 8 4 25 19 19
25 26 1 23 11 23 23 23 16 0 5 3 4 27 16
10 1 13 8 25 24 16 15 19 1 0 2 2 20 28
15 23 24 19 10 12 21 16 24 25 19 0 25 1 10
14 24 28 9 16 5 21 9 15 2 2 18 0 18 20
4 27 19 28 1 26 16 4 28 24 6 6 25 0 1
14 10 7 8 2 9 20 11 5 24 28 1 15 24 0

0 24 23 5 19 18 14 11 23 27 17 3 9 2 14
15 0 18 6 14 8 5 2 22 10 18 25 27 2 26
8 2 0 20 14 18 22 2 1 19 3 14 28 3 10
5 24 22 0 7 24 4 27 3 7 2 27 15 10 8
3 15 6 1 0 27 9 19 19 18 11 3 17 20 8
18 22 10 19 6 0 10 28 21 1 28 28 3 25 21
14 21 21 15 9 27 0 21 5 19 10 4 3 12 20
25 9 9 21 17 12 10 0 13 3 20 6 22 20 2
7 20 8 19 1 5 14 16 0 9 8 13 14 12 26
6 26 10 10 9 28 26 11 7 0 12 7 24 13 7
26 18 12 15 12 12 21 26 27 15 0 24 18 27 8
7 20 28 5 13 2 20 19 15 12 7 0 17 5 27
10 17 26 5 23 26 25 12 9 6 20 20 0 26 13
15 23 24 9 28 7 1 11 8 11 4 15 4 0 18
27 9 6 12 17 2 25 1 28 26 15 18 25 28 0

0 11 2 28 22 3 15 5 5 27 18 19 25 22 15
10 0 28 15 19 18 2 17 1 24 13 26 2 23 1
27 18 0 25 13 5 8 27 9 1 9 28 24 15 1
18 6 1 0 17 16 11 28 1 6 10 21 27 15 18
22 5 13 11 0 19 23 6 25 19 15 9 19 4 3
9 28 25 15 15 0 1 19 7 22 8 28 18 8 6
23 21 19 24 25 25 0 3 22 10 1 21 4 23 26
6 27 20 9 22 26 24 0 19 17 9 22 14 19 5
14 2 5 28 16 16 16 5 0 4 27 14 8 3 14
15 10 2 11 27 9 18 19 24 0 6 24 6 7 2
27 28 28 23 19 6 26 23 11 12 0 17 2 15 20
15 27 20 3 21 12 15 4 7 23 3 0 1 4 1
1 3 13 16 13 6 11 28 21 24 3 2 0 23 13
24 9 3 25 20 16 14 4 23 11 3 16 11 0 27
10 24 26 23 3 25 6 9 3 10 6 28 15 4 0

0 8 4 25 7 15 19 27 11 28 8 27 4 23 13
16 0 16 27 17 14 19 11 27 5 13 11 12 16 13
15 19 0 1 26 25 26 26 21 4 19 7 20 21 21
9 2 8 0 3 5 4 22 21 4 16 7 7 27 4
8 11 25 22 0 5 1 9 18 15 3 27 23 15 28
9 6 7 22 28 0 17 27 17 2 16 10 3 23 8
16 11 10 25 10 13 0 1 22 13 16 8 23 19 11
4 4 4 24 8 22 18 0 17 22 25 3 4 18 11
7 10 16 16 7 23 13 19 0 27 6 20 18 17 10
10 4 11 28 18 8 24 16 12 0 13 5 19 25 14
19 14 5 9 3 27 11 5 4 20 0 16 14 12 7
8 6 26 4 11 26 1 13 13 14 2 0 24 28 2
10 3 5 7 7 24 27 14 22 22 25 6 0 14 6
25 6 11 11 10 15 27 16 12 16 15 24 24 0 26
8 5 5 7 19 7 12 16 28 15 15 2 24 7 0
