10 10 8
10    4  3 9  5 9  6 9  9 9    4  1 81  6 81  7 81  8 81    8  0 55  2 55  3 55  4 55  5 55  7 55  8 55  9 55    5  0 40  1 40  2 40  4 40  8 40    6  0 32  2 32  3 32  5 32  7 32  8 32    5  2 37  3 37  4 37  5 37  8 37    5  0 6  1 6  5 6  8 6  9 6    4  1 19  3 19  5 19  6 19    5  0 81  5 81  7 81  8 81  9 81    8  0 40  2 40  4 40  5 40  6 40  7 40  8 40  9 40
10    5  0 21  1 21  5 21  7 21  9 21    4  2 70  4 70  5 70  7 70    5  0 65  5 65  7 65  8 65  9 65    5  4 64  5 64  7 64  8 64  9 64    2  1 46  9 46    4  2 65  4 65  5 65  7 65    4  1 25  3 25  5 25  8 25    5  0 77  4 77  6 77  7 77  9 77    4  3 55  4 55  5 55  9 55    6  1 15  3 15  4 15  5 15  6 15  8 15
10    3  2 85  5 85  9 85    4  1 37  2 37  5 37  8 37    6  0 40  4 40  5 40  6 40  7 40  8 40    4  3 24  4 24  6 24  8 24    6  1 44  2 44  4 44  5 44  7 44  8 44    5  2 83  5 83  6 83  7 83  8 83    7  1 89  3 89  4 89  5 89  6 89  8 89  9 89    5  0 31  2 31  4 31  7 31  8 31    4  5 84  7 84  8 84  9 84    3  1 29  3 29  9 29
10    6  0 80  1 80  4 80  6 80  8 80  9 80    6  0 77  4 77  5 77  6 77  7 77  9 77    4  2 56  3 56  4 56  7 56    6  0 8  1 8  2 8  3 8  5 8  6 8    5  1 30  2 30  3 30  7 30  8 30    6  2 59  4 59  5 59  6 59  8 59  9 59    5  3 38  4 38  6 38  7 38  9 38    4  1 80  3 80  6 80  7 80    2  2 41  9 41    4  6 97  7 97  8 97  9 97
10    5  0 91  2 91  3 91  4 91  8 91    5  3 40  5 40  6 40  7 40  9 40    6  0 88  1 88  4 88  5 88  6 88  9 88    5  1 17  2 17  4 17  6 17  7 17    4  1 71  2 71  4 71  5 71    4  3 50  4 50  6 50  8 50    4  5 59  7 59  8 59  9 59    5  2 80  3 80  5 80  8 80  9 80    4  2 56  3 56  5 56  8 56    7  0 7  1 7  2 7  3 7  4 7  6 7  7 7
10    6  2 8  3 8  5 8  6 8  8 8  9 8    4  3 9  4 9  6 9  7 9    2  3 58  4 58    7  0 77  1 77  2 77  4 77  5 77  6 77  9 77    7  0 29  1 29  2 29  4 29  5 29  7 29  9 29    6  1 96  2 96  4 96  5 96  6 96  8 96    6  0 45  1 45  2 45  5 45  7 45  8 45    4  0 10  1 10  8 10  9 10    3  1 54  3 54  4 54    7  1 36  4 36  5 36  6 36  7 36  8 36  9 36
10    5  3 70  4 70  7 70  8 70  9 70    6  1 92  2 92  3 92  6 92  7 92  9 92    6  1 98  3 98  4 98  6 98  8 98  9 98    4  1 87  5 87  7 87  9 87    3  1 99  5 99  6 99    3  2 27  7 27  8 27    6  1 86  2 86  4 86  6 86  7 86  8 86    6  0 96  2 96  3 96  6 96  8 96  9 96    7  0 28  1 28  2 28  3 28  4 28  8 28  9 28    4  1 73  2 73  4 73  8 73
10    4  1 95  2 95  5 95  6 95    4  2 92  5 92  6 92  7 92    3  3 85  5 85  6 85    4  0 52  2 52  4 52  9 52    6  0 81  1 81  3 81  5 81  6 81  7 81    3  4 32  6 32  9 32    5  0 39  5 39  7 39  8 39  9 39    7  0 59  2 59  4 59  5 59  6 59  8 59  9 59    7  0 41  1 41  2 41  3 41  4 41  5 41  9 41    7  1 56  2 56  3 56  5 56  6 56  8 56  9 56
10    8  1 60  2 60  3 60  4 60  5 60  6 60  7 60  8 60    3  3 45  5 45  8 45    4  0 88  1 88  3 88  7 88    6  0 12  1 12  2 12  3 12  4 12  5 12    6  0 7  1 7  3 7  7 7  8 7  9 7    3  5 22  8 22  9 22    2  0 93  4 93    3  4 49  6 49  9 49    4  0 69  2 69  5 69  7 69    3  1 27  5 27  6 27
10    6  0 21  2 21  3 21  4 21  5 21  8 21    8  0 61  1 61  2 61  3 61  4 61  6 61  7 61  9 61    6  1 68  2 68  3 68  5 68  7 68  8 68    5  0 26  2 26  3 26  5 26  8 26    5  5 82  6 82  7 82  8 82  9 82    3  2 71  3 71  9 71    6  0 44  1 44  2 44  5 44  7 44  8 44    5  1 99  4 99  5 99  6 99  7 99    3  5 33  7 33  8 33    4  1 84  2 84  3 84  4 84

0 15 17 3 19 26 24 26 24 3
1 0 15 22 2 5 17 4 16 20
20 21 0 2 19 10 20 10 2 27
13 8 7 0 21 27 22 14 23 10
4 7 16 19 0 7 26 13 12 20
15 3 5 5 17 0 3 8 12 24
24 2 13 25 15 3 0 26 21 2
12 7 7 5 8 3 21 0 24 27
7 11 9 9 23 15 13 22 0 23
9 7 23 17 27 18 13 14 19 0

0 21 19 21 5 21 3 12 15 25
22 0 19 22 20 24 5 1 10 25
5 10 0 12 27 3 3 2 15 9
6 18 14 0 21 18 2 8 4 26
5 4 14 11 0 15 24 8 8 8
9 15 26 10 6 0 21 20 17 6
17 12 3 6 26 14 0 24 16 23
16 10 26 16 20 21 7 0 8 25
13 8 6 4 27 2 16 19 0 7
5 18 21 26 18 12 21 1 18 0

0 3 17 21 18 22 14 5 6 24
27 0 27 16 27 8 21 14 24 23
23 15 0 13 9 4 11 16 27 3
20 16 18 0 4 23 7 2 5 11
8 26 16 6 0 9 15 19 18 2
14 12 19 1 7 0 22 19 11 20
24 11 5 2 19 3 0 2 24 14
4 16 13 5 19 20 25 0 13 18
26 5 13 12 23 27 19 20 0 11
11 8 1 14 24 22 4 2 23 0

0 17 18 8 9 10 18 26 17 8
21 0 17 15 19 3 20 8 8 26
20 21 0 24 1 20 6 26 12 14
12 3 2 0 21 25 26 8 16 18
23 23 19 8 0 3 19 13 9 13
12 9 9 4 17 0 11 13 6 18
22 3 27 1 14 23 0 24 13 18
8 3 2 13 4 13 9 0 20 24
9 22 2 9 24 1 25 6 0 25
15 7 24 27 4 1 5 14 13 0

0 2 6 16 22 17 26 27 21 10
4 0 11 12 17 25 17 27 14 19
21 4 0 26 1 23 16 21 21 1
22 24 24 0 16 12 19 5 1 26
17 27 27 24 0 1 27 21 20 12
11 2 6 1 22 0 3 12 20 24
23 11 8 11 14 18 0 5 5 4
25 4 15 21 23 23 27 0 17 7
3 8 7 16 14 3 4 23 0 5
1 11 2 19 2 20 1 21 24 0

0 20 6 4 9 4 2 20 3 19
17 0 25 1 13 15 3 27 20 23
10 23 0 7 23 12 19 3 22 6
1 17 12 0 3 23 25 27 24 8
23 14 10 24 0 19 10 7 1 1
2 16 14 1 8 0 24 10 26 24
21 15 2 18 18 10 0 26 2 22
4 11 18 16 10 11 16 0 19 6
26 14 9 26 18 19 11 19 0 14
12 27 6 1 14 17 9 2 21 0

0 24 25 15 23 1 16 26 17 13
14 0 4 19 17 13 19 6 3 17
7 2 0 4 17 3 5 25 12 15
9 21 25 0 15 5 5 23 2 25
3 24 3 23 0 26 21 19 27 20
16 18 14 4 16 0 26 11 7 22
11 4 22 11 22 17 0 4 13 8
6 4 12 22 11 17 8 0 22 10
2 10 3 23 12 9 4 12 0 21
14 10 27 26 21 14 15 26 21 0

0 1 20 4 13 2 17 8 23 6
24 0 2 19 11 11 18 26 1 27
27 23 0 23 6 16 8 22 15 24
5 17 3 0 8 23 14 6 14 20
10 1 14 12 0 14 14 19 11 17
24 17 7 13 20 0 21 24 9 11
12 3 2 3 22 15 0 23 16 3
19 1 16 4 7 6 9 0 17 4
20 4 7 21 15 17 23 10 0 20
15 18 15 14 4 27 14 6 22 0

0 14 18 25 14 27 23 23 17 7
25 0 26 27 17 15 18 3 16 11
16 8 0 5 3 25 10 4 5 3
6 15 17 0 6 23 18 15 22 20
15 5 8 14 0 1 14 26 6 2
10 11 20 20 9 0 17 9 3 22
14 6 27 6 4 13 0 17 15 11
4 16 18 1 2 13 19 0 27 4
18 5 17 1 11 23 18 3 0 21
24 21 19 12 10 19 15 12 4 0

0 26 1 8 12 3 25 27 11 5
2 0 8 7 23 6 7 2 23 26
15 6 0 27 4 7 18 15 27 17
7 8 11 0 26 12 18 20 22 2
11 7 10 10 0 11 16 19 18 8
7 24 11 3 13 0 27 6 25 22
16 16 26 8 3 1 0 16 22 15
15 20 6 15 8 6 18 0 26 12
10 10 21 16 17 27 23 17 0 16
6 8 8 26 13 3 2 2 5 0
