20 5 3
5    1  0 29    1  1 9    2  2 49  1 49    1  3 62    1  4 44
5    2  0 43  2 43    2  1 75  2 75    3  3 69  4 69  1 69    3  2 46  3 46  4 46    2  4 72  0 72
5    3  1 91  2 91  4 91    2  0 39  4 39    2  2 90  1 90    2  4 12  0 12    3  3 45  0 45  2 45
5    2  1 81  4 81    3  0 71  3 71  4 71    3  4 9  3 9  2 9    3  2 85  3 85  4 85    1  3 22
5    2  2 14  0 14    1  1 22    1  0 26    3  3 21  2 21  1 21    1  4 72
5    2  2 84  4 84    3  1 52  4 52  3 52    3  4 48  1 48  0 48    3  0 47  1 47  2 47    2  3 6  2 6
5    1  1 46    3  0 61  1 61  3 61    3  2 32  4 32  1 32    1  3 32    2  4 30  0 30
5    2  2 31  0 31    2  1 46  4 46    2  0 32  3 32    3  3 19  2 19  0 19    1  4 36
5    1  0 76    2  3 76  1 76    2  2 85  4 85    3  1 40  2 40  0 40    2  4 26  1 26
5    3  1 85  3 85  0 85    3  2 61  4 61  1 61    1  0 64    1  3 47    1  4 90
5    2  1 78  4 78    1  3 36    2  0 11  4 11    2  4 56  2 56    3  2 21  0 21  1 21
5    2  2 90  1 90    1  0 11    2  1 28  3 28    3  3 46  1 46  2 46    1  4 30
5    1  0 85    1  2 74    3  1 10  2 10  4 10    2  3 89  0 89    1  4 33
5    2  2 95  1 95    3  0 99  2 99  4 99    2  1 52  4 52    1  3 98    1  4 43
5    1  0 6    3  1 61  4 61  0 61    1  4 69    1  2 49    3  3 53  1 53  0 53
5    1  1 2    2  0 95  4 95    2  3 72  0 72    3  4 65  0 65  3 65    2  2 25  3 25
5    3  0 37  2 37  1 37    1  2 13    1  1 21    3  3 89  0 89  2 89    3  4 55  0 55  1 55
5    1  0 86    3  1 74  2 74  0 74    1  4 88    1  2 48    1  3 79
5    3  1 69  3 69  4 69    1  2 51    3  0 11  2 11  1 11    1  3 89    2  4 74  1 74
5    1  0 13    1  1 7    2  2 76  4 76    2  3 52  4 52    3  4 45  1 45  3 45

0 10 18 3 15 18 18 8 7 17 2 23 21 12 3 2 23 6 22 22
16 0 16 26 11 6 2 24 3 13 1 26 12 21 13 26 6 2 16 15
23 24 0 17 3 6 17 24 19 1 6 10 11 14 11 3 11 1 15 13
10 1 2 0 23 20 9 12 21 16 10 7 19 20 3 10 4 6 10 12
20 9 9 21 0 3 13 1 4 26 22 19 11 21 8 9 23 19 9 10
7 21 26 21 12 0 4 12 11 13 5 9 23 16 20 19 9 25 20 26
8 3 24 3 3 10 0 10 18 10 7 4 15 10 7 4 20 14 5 18
12 2 12 21 5 14 9 0 15 5 5 21 3 15 20 17 16 19 23 22
9 15 19 7 16 12 2 5 0 12 5 20 17 11 26 10 12 11 8 26
4 11 10 12 20 1 8 12 5 0 23 26 12 24 18 26 13 25 12 24
10 9 7 11 14 7 9 1 6 12 0 22 18 25 4 7 20 19 26 23
10 21 5 11 5 3 20 2 11 17 12 0 8 3 10 21 3 11 13 19
11 1 5 4 16 18 15 8 22 9 8 7 0 8 14 17 13 11 8 20
15 17 26 7 18 4 9 4 14 12 13 18 26 0 23 14 1 4 20 23
7 8 22 24 24 6 26 12 21 23 8 6 21 16 0 1 17 17 4 17
20 11 4 22 4 9 26 4 2 18 17 10 22 13 18 0 15 18 7 5
11 18 4 21 21 7 13 3 20 12 24 16 23 19 2 9 0 6 11 18
15 6 17 5 19 7 10 11 9 17 21 9 15 5 12 4 23 0 6 6
8 13 5 4 14 24 20 12 26 1 12 10 20 21 3 17 14 24 0 26
24 4 21 18 5 21 16 10 13 16 7 12 22 4 25 10 6 13 16 0

0 16 18 2 16 18 16 24 26 7 1 18 7 14 18 15 6 21 21 22
14 0 17 7 14 22 1 12 17 4 26 18 9 10 1 22 19 25 16 5
6 10 0 6 18 14 22 4 20 13 15 16 22 23 7 23 10 10 1 21
19 7 13 0 26 26 5 24 21 22 21 10 14 17 9 8 10 2 4 22
3 17 21 7 0 8 19 4 10 5 4 20 5 1 5 12 2 1 25 21
8 24 13 11 10 0 15 21 23 25 5 16 1 16 19 10 13 26 7 17
15 24 3 4 24 17 0 14 20 18 9 21 18 13 15 23 14 25 13 9
14 20 22 20 23 24 1 0 3 1 18 12 9 13 20 23 4 14 22 14
13 11 2 22 8 1 24 18 0 22 2 17 13 24 23 14 12 11 21 24
21 26 13 6 19 14 1 9 20 0 7 9 23 10 8 20 10 8 17 7
14 21 12 23 9 2 13 4 25 8 0 9 3 3 21 6 1 16 15 1
1 12 24 15 23 16 2 11 1 7 3 0 13 7 6 6 5 14 15 26
8 9 17 2 6 23 23 13 10 14 26 6 0 16 5 13 25 17 13 24
1 16 25 19 25 2 1 11 18 8 3 5 12 0 8 9 1 17 20 26
3 24 26 24 2 9 18 10 1 9 1 8 8 24 0 4 9 14 3 14
20 13 15 12 1 2 10 25 24 13 20 2 3 26 5 0 12 22 17 20
3 21 15 20 11 21 13 19 23 25 15 6 7 22 18 1 0 24 6 21
22 24 12 10 4 10 1 16 2 21 13 12 6 9 4 15 11 0 9 17
20 20 3 14 6 11 1 12 6 24 11 8 23 7 4 8 21 7 0 25
12 26 25 1 5 8 11 10 8 18 18 8 20 15 11 5 8 3 23 0

0 19 15 9 24 20 23 15 4 22 18 6 18 13 2 15 6 15 19 14
15 0 18 3 10 2 12 14 4 7 22 26 22 26 17 1 13 22 24 17
26 19 0 11 7 11 16 11 15 18 19 23 6 21 17 21 4 6 13 21
19 3 7 0 6 18 25 15 4 9 6 11 2 7 3 21 26 2 11 12
15 9 5 6 0 5 7 14 15 12 9 25 4 14 10 26 21 10 6 16
1 7 1 1 24 0 16 20 26 10 14 18 1 13 12 9 1 10 5 13
9 18 17 17 9 12 0 1 14 16 25 7 18 14 2 18 13 10 12 12
24 23 21 6 4 18 21 0 22 25 14 23 6 5 19 10 20 19 12 3
18 4 25 8 20 16 16 7 0 20 8 26 24 2 1 26 24 13 18 12
22 20 5 4 13 12 23 3 14 0 25 19 6 24 1 12 6 13 9 19
8 24 21 23 25 2 11 12 22 24 0 8 1 6 19 18 13 12 9 18
3 11 19 19 24 4 8 21 25 23 4 0 8 7 10 22 23 21 9 23
22 20 5 20 13 7 5 11 14 17 1 14 0 9 7 16 8 9 4 13
8 17 4 19 9 24 7 11 13 13 12 8 23 0 16 20 22 16 24 11
10 24 14 7 5 14 24 23 15 26 9 2 20 10 0 17 20 16 20 17
16 13 17 11 12 15 16 18 11 14 8 13 13 23 24 0 13 4 17 14
7 9 26 26 14 21 17 19 9 18 20 15 4 17 7 26 0 6 10 7
21 17 15 12 18 4 10 15 23 11 22 1 21 15 12 12 11 0 26 7
9 10 15 9 15 7 16 13 22 8 14 5 18 26 3 11 24 2 0 2
5 10 26 5 1 19 8 4 18 9 23 6 16 13 20 16 21 6 19 0

0 7 23 14 2 8 14 15 7 17 6 5 2 2 10 3 17 1 4 16
21 0 10 16 1 3 24 5 11 11 7 23 14 23 17 18 16 1 7 22
25 21 0 19 16 15 4 22 4 22 14 17 19 1 4 11 21 23 5 5
16 21 14 0 16 25 12 9 13 13 6 6 10 16 9 12 3 3 1 5
21 19 19 26 0 25 25 8 7 18 14 20 20 26 2 20 12 13 12 3
18 9 7 25 19 0 7 8 17 2 14 17 19 5 10 15 19 9 22 11
9 8 12 11 11 12 0 23 17 18 15 7 7 6 4 14 18 1 2 20
13 3 24 16 14 1 12 0 9 5 18 12 20 8 5 4 12 8 24 13
16 5 13 2 1 11 6 12 0 24 5 18 10 2 14 7 12 26 2 17
19 10 21 1 20 11 8 8 22 0 1 4 21 4 2 21 10 6 17 6
8 20 13 19 21 1 18 22 5 9 0 7 19 11 6 20 5 16 2 4
26 10 3 19 24 26 18 5 24 23 3 0 23 17 19 8 15 13 6 11
5 1 16 26 15 12 8 2 7 10 25 22 0 19 5 21 24 26 25 15
10 6 11 19 5 26 6 21 9 19 14 21 21 0 6 9 16 11 2 23
22 8 24 15 2 11 17 25 4 4 23 18 12 17 0 14 3 22 5 10
1 7 26 13 14 10 24 24 1 24 5 14 6 14 8 0 6 3 10 7
11 5 21 22 6 10 9 14 7 22 13 1 18 16 5 9 0 19 23 20
18 8 17 16 22 24 8 20 19 17 5 15 25 25 22 1 22 0 21 2
21 18 4 11 4 11 24 1 7 22 10 18 23 9 26 11 25 1 0 9
9 16 18 1 15 24 21 2 25 1 6 2 1 6 17 12 16 13 10 0

0 22 16 13 7 24 25 14 8 20 19 6 1 22 14 25 17 2 2 12
24 0 24 16 22 25 8 8 11 1 8 21 2 4 16 18 4 17 11 26
7 17 0 26 23 7 9 24 3 15 21 15 24 15 11 25 7 5 19 7
15 16 1 0 15 4 25 6 23 23 19 20 19 26 24 22 4 14 11 8
13 5 19 13 0 22 17 10 13 16 2 18 20 19 19 8 10 12 23 2
5 10 20 5 5 0 26 5 6 12 20 19 20 18 23 1 21 7 2 9
19 16 22 19 24 8 0 9 18 15 7 9 25 20 18 4 11 23 23 9
23 11 15 22 7 10 9 0 25 4 14 21 16 10 2 7 5 17 4 19
6 17 24 20 1 26 9 14 0 10 23 4 18 24 22 6 6 22 19 10
18 25 13 14 23 15 20 17 22 0 9 16 17 9 22 4 4 20 18 19
24 3 14 7 23 10 24 1 14 19 0 17 16 3 23 26 2 3 13 25
3 9 7 9 6 21 21 15 13 23 26 0 20 3 18 23 4 16 6 23
10 9 25 18 18 24 4 1 13 25 3 16 0 8 12 3 6 8 1 10
25 12 7 8 23 6 12 12 7 6 25 22 5 0 22 20 22 9 20 21
9 21 21 18 15 24 1 21 7 15 25 20 4 8 0 9 8 13 15 23
4 9 5 8 16 24 20 6 13 23 6 9 1 20 23 0 13 9 23 13
16 17 4 12 6 15 3 7 8 9 23 16 9 18 4 18 0 24 23 17
7 20 12 5 12 12 15 5 6 24 23 17 4 23 18 22 17 0 4 8
8 4 18 21 24 8 26 13 21 19 13 2 23 4 8 9 4 14 0 10
22 5 20 1 13 19 23 8 11 12 18 22 17 20 1 9 18 8 22 0
