15 15 3
15    1  1 26    1  12 67    2  0 72  2 72    2  6 74  0 74    1  14 13    2  8 43  7 43    2  4 30  12 30    3  3 19  14 19  6 19    3  10 23  13 23  4 23    2  11 85  5 85    3  5 98  2 98  4 98    2  13 43  4 43    2  2 38  1 38    2  7 8  5 8    3  9 75  13 75  5 75
15    1  14 42    2  0 39  13 39    1  4 55    1  12 46    3  1 19  13 19  10 19    2  8 93  14 93    1  9 80    3  5 26  12 26  2 26    2  10 7  9 7    1  6 50    2  11 57  5 57    1  3 73    1  2 9    3  7 61  2 61  1 61    1  13 72
15    2  3 96  14 96    3  4 99  6 99  3 99    3  12 34  9 34  1 34    1  6 60    3  7 43  6 43  2 43    2  14 7  7 7    1  13 12    3  8 11  6 11  13 11    3  11 70  4 70  7 70    1  10 43    1  0 91    2  1 68  5 68    2  9 11  10 11    2  5 68  14 68    2  2 72  0 72
15    2  14 63  8 63    2  11 45  10 45    1  4 49    1  1 74    2  8 27  11 27    2  0 30  4 30    3  9 72  7 72  0 72    2  7 9  1 9    3  12 99  8 99  0 99    3  13 60  4 60  7 60    2  5 69  11 69    1  6 69    1  2 84    1  3 40    2  10 59  4 59
15    1  2 91    2  0 75  5 75    3  9 98  1 98  4 98    1  3 17    2  10 72  2 72    3  13 31  7 31  0 31    2  11 9  1 9    2  14 98  1 98    1  7 50    2  5 37  8 37    3  4 8  1 8  8 8    2  8 65  0 65    1  1 90    1  12 91    3  6 71  12 71  9 71
15    2  11 35  5 35    1  6 80    2  4 39  6 39    3  3 62  5 62  2 62    2  14 74  10 74    2  5 72  4 72    1  10 35    1  9 25    1  1 49    3  8 52  6 52  4 52    3  7 63  9 63  12 63    3  2 90  1 90  13 90    1  13 21    3  12 47  3 47  4 47    1  0 38
15    2  14 19  5 19    3  7 57  5 57  3 57    2  10 24  3 24    3  13 91  7 91  6 91    1  3 50    1  0 5    3  11 49  5 49  7 49    3  12 18  0 18  4 18    1  9 58    3  5 24  10 24  9 24    1  8 52    2  1 88  3 88    3  2 68  7 68  0 68    1  6 20    1  4 53
15    1  7 77    3  14 72  8 72  1 72    3  5 35  3 35  11 35    3  11 90  0 90  1 90    1  4 68    1  6 18    1  3 9    2  0 33  2 33    2  8 60  9 60    2  10 18  4 18    3  12 10  11 10  13 10    1  13 60    3  1 38  5 38  14 38    3  2 99  8 99  1 99    3  9 15  2 15  7 15
15    1  13 6    3  8 86  10 86  13 86    2  2 40  10 40    1  9 79    3  12 92  10 92  13 92    2  11 23  5 23    1  5 89    3  10 95  7 95  8 95    2  6 91  3 91    2  7 72  8 72    1  0 80    1  1 60    2  3 56  2 56    1  4 51    1  14 23
15    1  1 46    3  6 28  7 28  12 28    2  5 34  10 34    3  11 77  10 77  3 77    2  4 47  1 47    1  0 10    2  14 49  6 49    2  8 77  1 77    2  10 48  6 48    3  7 24  3 24  9 24    3  12 8  9 8  2 8    3  2 72  12 72  7 72    1  13 55    1  9 29    3  3 40  4 40  13 40
15    3  10 22  8 22  4 22    3  4 89  12 89  7 89    2  12 79  5 79    3  0 7  11 7  4 7    2  9 15  12 15    3  1 6  8 6  5 6    2  11 30  9 30    1  6 38    2  5 11  3 11    3  8 52  10 52  9 52    2  3 20  8 20    3  7 5  5 5  13 5    3  14 9  5 9  8 9    1  2 20    3  13 28  12 28  11 28
15    2  5 73  2 73    3  14 56  7 56  6 56    2  2 37  11 37    2  3 22  1 22    1  13 25    1  6 58    3  1 8  3 8  11 8    3  7 93  3 93  4 93    3  4 88  13 88  12 88    2  8 17  12 17    1  12 9    1  11 69    3  10 71  6 71  0 71    1  9 85    3  0 55  12 55  5 55
15    2  9 85  14 85    3  14 58  12 58  13 58    1  3 46    1  8 64    1  2 49    3  6 37  9 37  3 37    3  1 33  4 33  14 33    2  4 30  8 30    2  5 26  10 26    2  0 20  12 20    2  13 74  9 74    1  10 77    2  12 99  1 99    1  11 56    2  7 21  10 21
15    1  10 17    1  3 24    1  4 89    2  5 15  3 15    2  11 60  6 60    2  1 42  5 42    1  8 98    1  2 64    3  13 92  4 92  0 92    2  0 63  10 63    3  7 52  4 52  12 52    2  12 54  2 54    1  6 75    3  14 23  4 23  11 23    1  9 38
15    2  3 8  12 8    3  5 17  10 17  3 17    2  11 56  5 56    2  7 93  4 93    2  14 26  12 26    3  9 62  11 62  4 62    2  6 7  12 7    1  10 88    1  0 97    1  1 7    2  2 43  1 43    2  8 29  13 29    3  13 35  12 35  2 35    2  12 87  4 87    2  4 57  11 57

0 21 20 15 21 22 8 1 21 8 13 4 24 24 8
16 0 15 13 16 23 24 12 20 13 25 3 9 20 19
6 16 0 22 6 11 5 1 16 16 15 24 6 20 4
9 20 3 0 15 20 1 6 22 17 10 11 16 11 17
21 15 19 2 0 20 22 21 13 23 12 18 9 7 5
18 13 5 2 16 0 4 17 24 15 12 16 11 5 21
20 22 1 20 10 15 0 21 5 17 6 5 5 1 22
3 15 1 3 19 25 14 0 24 18 22 9 3 19 12
24 2 12 7 18 8 12 16 0 16 23 2 8 25 5
4 6 15 18 14 24 3 11 9 0 16 21 12 3 15
25 6 19 17 8 16 23 5 21 9 0 6 6 6 5
18 14 20 13 11 19 16 4 18 10 13 0 10 3 23
3 21 11 22 11 5 2 23 17 8 14 7 0 8 24
5 10 9 10 9 7 2 5 21 17 7 10 15 0 7
12 20 25 12 4 4 5 20 15 5 18 16 9 20 0

0 14 12 18 7 16 1 25 9 2 16 6 8 4 17
10 0 5 4 18 11 7 14 16 7 4 13 1 16 2
13 5 0 7 7 9 1 20 20 3 8 7 1 9 7
20 19 6 0 9 1 20 3 25 7 8 21 8 19 20
16 13 17 18 0 10 4 3 5 5 20 5 2 5 19
22 1 22 12 2 0 14 22 24 23 3 21 10 23 20
4 12 7 18 17 19 0 7 11 20 12 2 24 25 7
3 7 6 25 2 4 13 0 23 23 10 16 17 9 20
23 15 20 21 12 20 25 9 0 11 3 12 13 3 10
11 1 4 5 17 19 21 9 23 0 13 20 14 5 16
20 24 12 22 9 1 21 18 5 19 0 13 8 2 5
4 9 22 24 21 9 18 25 22 13 16 0 24 25 13
7 16 11 16 15 25 23 20 23 15 19 12 0 10 25
11 17 21 12 10 6 2 22 24 13 8 23 19 0 10
25 13 9 11 13 5 22 25 23 2 13 8 21 23 0

0 11 21 13 11 3 6 23 8 14 24 4 15 4 19
6 0 16 13 18 24 6 10 21 21 5 19 8 8 23
1 5 0 16 18 10 13 20 23 20 13 3 6 17 6
21 5 19 0 13 11 5 21 20 19 1 23 3 16 15
18 19 11 10 0 18 9 7 15 25 25 5 23 18 4
17 7 24 23 1 0 15 2 3 5 4 19 11 1 8
3 13 5 15 17 6 0 16 20 2 14 25 19 15 7
7 22 11 18 16 8 25 0 25 1 15 3 25 10 7
9 5 7 7 9 11 11 20 0 6 5 25 18 21 4
12 13 5 5 10 7 10 22 3 0 7 24 1 20 14
6 15 1 16 4 8 24 11 18 6 0 18 16 25 17
7 17 4 3 10 4 15 10 25 25 3 0 14 8 10
3 22 15 11 9 15 1 11 1 11 25 19 0 14 24
10 24 3 3 6 19 14 4 8 2 17 2 11 0 20
17 10 22 7 2 24 20 25 3 22 15 15 6 25 0

0 7 5 7 19 4 11 18 25 13 3 16 20 12 25
12 0 2 11 2 6 19 3 2 4 21 14 11 8 9
20 3 0 10 19 1 4 8 2 2 1 19 1 12 25
2 2 17 0 10 12 25 23 18 21 10 6 22 6 25
13 16 17 18 0 7 18 24 24 7 20 13 11 6 20
2 23 13 5 16 0 16 3 3 2 13 7 19 15 17
4 19 2 12 2 17 0 8 23 8 14 24 24 12 3
17 25 21 10 13 6 21 0 15 11 15 21 14 4 7
11 17 11 13 6 16 21 8 0 3 18 6 19 16 24
2 12 15 9 22 12 13 15 9 0 13 5 21 11 24
15 11 15 23 4 23 8 1 4 1 0 16 3 24 19
1 2 16 25 25 22 13 15 6 8 19 0 22 5 7
2 11 7 21 5 23 17 5 8 2 6 8 0 3 9
7 16 10 20 23 13 8 12 18 18 24 1 23 0 16
1 21 24 9 9 18 10 20 16 20 22 2 19 14 0

0 5 13 15 21 12 14 1 23 17 6 16 3 22 10
17 0 6 10 6 12 19 16 24 3 16 2 9 18 18
23 3 0 19 22 25 25 4 11 1 1 4 9 1 2
17 20 15 0 25 6 1 1 6 13 8 7 6 6 16
23 10 6 19 0 13 19 22 22 22 6 11 3 14 2
18 15 16 10 7 0 18 18 13 13 1 25 3 14 13
2 5 10 23 7 12 0 14 4 10 2 14 3 8 4
23 7 1 10 17 4 18 0 16 23 16 4 14 16 1
3 17 22 15 23 7 1 13 0 12 22 11 6 19 9
21 23 19 16 18 14 10 16 10 0 1 7 19 19 8
10 5 9 5 7 25 10 24 9 25 0 2 20 15 14
12 6 21 24 6 13 13 20 9 6 14 0 9 10 5
22 25 3 19 11 24 3 19 21 14 21 1 0 1 8
5 21 17 19 18 13 16 5 13 2 24 12 12 0 14
20 1 7 24 3 20 13 11 24 19 8 6 2 19 0

0 10 25 15 5 12 23 1 2 13 2 10 20 5 24
11 0 21 4 3 20 19 17 1 24 12 4 5 3 9
24 13 0 5 14 12 16 1 13 10 15 4 19 1 24
24 8 24 0 9 8 18 20 14 14 10 4 5 6 13
14 18 18 20 0 4 17 20 20 13 4 16 21 3 3
11 19 15 6 24 0 3 7 11 19 17 19 15 21 11
5 2 13 20 25 20 0 22 9 2 11 19 20 17 18
24 5 22 20 15 21 22 0 15 14 1 19 4 14 15
10 12 10 13 8 13 11 21 0 6 8 20 2 17 20
18 1 13 13 24 13 6 15 12 0 19 17 8 2 9
13 11 5 20 18 5 7 15 4 18 0 4 4 3 22
19 24 7 12 21 18 8 20 8 9 12 0 22 5 23
5 11 7 5 25 23 7 18 3 8 14 15 0 12 18
10 17 18 19 21 3 5 9 15 14 4 10 12 0 20
17 12 20 24 8 14 2 14 10 20 5 8 18 7 0

0 13 18 13 9 14 10 21 25 3 5 2 5 2 17
13 0 11 4 15 22 5 5 21 25 13 25 25 22 20
20 18 0 16 11 22 5 14 14 3 15 9 18 9 3
7 3 19 0 13 1 22 12 17 16 9 15 25 1 25
10 1 12 17 0 3 5 1 12 11 14 21 17 2 19
15 9 12 22 24 0 20 15 21 22 5 7 17 5 13
11 11 6 1 3 5 0 11 12 17 6 6 24 25 21
10 10 14 3 17 16 6 0 6 6 9 3 16 3 2
20 11 16 8 25 3 13 11 0 3 8 20 25 12 20
18 18 9 10 20 5 7 2 17 0 19 3 13 13 15
5 4 24 17 9 25 20 16 11 22 0 4 11 12 16
4 17 14 7 18 13 6 6 9 6 24 0 11 4 21
13 7 3 12 15 25 21 4 20 18 13 8 0 12 3
10 15 23 21 6 9 8 9 10 6 1 11 25 0 12
11 6 12 1 20 1 7 3 7 9 9 19 15 6 0

0 25 9 16 22 7 16 24 20 3 3 25 20 12 17
15 0 11 5 23 11 13 1 25 8 12 23 11 18 20
7 1 0 9 6 5 5 25 12 1 19 5 24 15 2
17 2 23 0 3 15 2 14 8 7 9 13 2 1 24
11 19 18 14 0 8 23 5 8 25 24 25 18 22 9
23 25 20 2 13 0 18 3 3 19 15 8 16 14 9
21 14 20 4 12 16 0 3 16 21 10 25 2 24 7
1 22 4 25 15 12 25 0 8 12 23 9 10 5 17
8 11 15 2 4 25 15 12 0 17 25 18 1 3 25
6 21 22 1 16 2 8 13 2 0 15 11 22 11 21
5 23 9 12 6 25 12 24 2 12 0 19 9 5 12
21 6 9 10 4 15 13 24 2 12 7 0 13 9 22
5 1 13 14 24 1 3 7 25 18 22 22 0 3 8
23 24 15 15 5 12 4 4 21 21 18 18 6 0 2
4 22 8 12 17 23 24 19 1 18 13 15 25 2 0

0 2 16 1 14 23 2 9 4 18 5 16 21 15 4
22 0 6 14 9 6 14 6 22 6 8 17 4 3 2
13 11 0 19 22 4 11 7 15 21 18 6 1 2 6
23 19 8 0 13 4 15 13 10 16 7 22 14 8 22
22 2 3 1 0 15 14 18 10 4 9 2 8 25 8
14 2 18 2 21 0 18 2 24 15 15 15 7 6 19
25 1 1 8 5 4 0 3 16 20 14 24 4 9 3
24 18 15 6 13 14 23 0 6 1 20 20 1 8 12
8 5 16 10 5 18 1 4 0 23 8 3 19 2 25
10 11 17 15 17 18 5 12 23 0 23 18 23 8 6
25 17 2 11 23 7 16 18 6 13 0 19 13 25 11
20 23 1 7 2 8 16 23 24 12 5 0 11 21 2
9 19 15 22 9 18 5 18 11 25 14 11 0 16 10
18 25 7 19 7 6 5 6 5 11 23 18 24 0 18
23 1 20 20 14 5 8 13 15 14 13 11 23 24 0

0 25 17 2 18 15 12 20 25 24 11 5 2 15 18
7 0 18 8 1 12 1 2 13 10 19 21 7 15 23
16 5 0 25 3 4 10 20 18 2 5 17 19 1 3
7 15 19 0 17 9 5 12 15 9 7 13 1 16 11
6 19 11 8 0 9 17 13 21 16 9 24 13 13 8
15 25 17 10 4 0 3 22 1 19 5 13 6 19 14
4 15 3 7 12 20 0 8 19 19 14 21 2 14 12
13 15 25 9 11 16 6 0 19 1 14 6 25 18 5
21 14 19 7 21 4 11 3 0 24 16 12 1 2 6
25 16 18 5 22 4 22 8 24 0 18 22 5 10 20
6 16 8 3 15 2 13 12 24 11 0 23 1 21 7
16 1 22 3 19 2 17 5 11 9 13 0 10 11 16
4 7 18 21 20 10 3 23 2 8 9 23 0 22 9
20 18 10 9 8 5 24 17 14 18 16 25 10 0 15
10 18 15 16 4 25 14 20 20 20 18 3 14 2 0

0 8 18 19 1 5 14 17 2 3 13 9 14 25 25
2 0 21 14 5 9 1 17 5 18 22 10 5 21 9
7 4 0 24 15 15 19 3 23 15 8 3 1 22 14
8 8 16 0 14 2 5 14 16 15 19 1 23 4 6
5 25 10 4 0 7 15 16 3 8 8 17 12 20 19
10 7 14 21 13 0 25 16 12 15 5 14 19 4 5
15 12 7 1 15 25 0 2 2 18 24 24 5 5 24
16 19 10 20 3 18 23 0 25 24 8 4 4 14 8
21 16 20 21 16 25 20 21 0 16 3 9 2 6 22
11 19 21 13 9 24 24 16 7 0 19 2 11 1 21
14 17 1 6 12 13 2 21 4 7 0 20 14 25 15
6 21 5 14 2 20 9 24 25 9 4 0 11 3 3
1 17 14 16 24 22 2 15 13 8 1 8 0 14 5
14 21 18 24 16 9 20 10 8 9 13 6 10 0 17
19 6 9 1 3 10 22 12 23 1 25 5 25 2 0

0 14 5 5 24 8 22 19 19 17 22 8 3 3 21
24 0 1 24 16 14 9 13 4 20 22 25 14 6 9
12 9 0 9 7 25 3 11 20 12 10 24 21 11 19
11 21 5 0 14 14 17 25 19 16 18 5 20 19 21
20 11 18 22 0 8 10 1 4 25 21 21 9 21 11
6 20 4 6 10 0 4 16 20 5 4 17 8 20 16
15 7 22 3 19 20 0 12 10 13 22 3 18 8 5
13 4 25 23 4 24 18 0 10 7 23 21 16 3 21
15 2 3 1 12 8 22 9 0 13 3 4 13 10 3
10 3 25 4 22 4 15 11 19 0 7 23 12 10 11
7 8 13 15 8 12 11 2 24 15 0 7 21 3 13
1 6 5 1 15 18 19 10 9 22 4 0 12 22 24
21 12 9 15 11 13 18 11 20 1 24 15 0 23 24
16 21 11 25 13 21 17 5 19 6 16 5 24 0 13
2 24 24 2 15 7 17 13 2 12 10 9 18 22 0

0 8 14 8 18 2 17 2 18 12 8 7 21 17 9
18 0 17 24 17 16 7 22 18 9 12 23 10 1 19
2 23 0 12 10 21 24 7 14 24 2 19 7 1 3
14 22 20 0 4 24 7 1 4 3 22 21 19 15 23
20 13 22 16 0 25 7 25 14 21 1 13 8 17 16
7 17 3 9 4 0 22 21 18 3 20 2 3 10 11
22 12 20 16 2 12 0 3 8 6 9 9 2 17 24
23 1 12 3 14 16 7 0 5 20 2 7 5 11 4
24 17 25 23 23 8 22 16 0 4 24 15 11 21 23
7 16 7 9 24 20 22 6 1 0 6 25 22 17 13
21 3 13 16 23 17 2 16 10 3 0 17 3 11 9
15 1 11 20 19 5 15 13 9 18 25 0 14 2 16
23 20 9 2 14 10 12 12 25 14 4 18 0 11 24
2 10 11 5 21 15 18 9 9 9 21 7 22 0 3
12 14 18 5 13 2 25 16 2 25 3 10 21 11 0

0 13 13 15 13 8 19 20 8 23 18 22 24 19 18
8 0 25 2 15 13 21 19 8 7 25 23 17 14 4
12 5 0 6 17 21 4 20 10 9 24 18 3 1 2
4 11 12 0 14 5 14 13 5 3 10 5 21 6 20
18 5 17 15 0 18 12 16 11 5 24 17 2 10 20
7 12 13 17 7 0 13 8 4 15 15 23 9 25 13
10 23 22 22 19 21 0 18 7 21 22 5 17 21 22
14 7 15 22 14 8 3 0 4 12 23 22 21 18 9
20 14 3 24 11 3 18 12 0 25 10 15 10 19 3
4 5 4 12 7 16 10 9 7 0 4 8 2 7 2
16 7 2 23 7 17 15 21 24 22 0 5 18 13 4
3 15 6 4 20 12 6 10 4 21 9 0 9 20 12
2 17 23 10 10 10 3 3 9 19 19 9 0 10 22
14 20 11 8 17 12 17 2 6 12 16 1 7 0 17
5 9 23 21 8 8 12 12 6 20 9 16 21 16 0

0 4 14 4 17 22 6 5 25 20 11 11 22 9 21
19 0 2 12 16 8 7 17 24 9 14 21 9 17 25
4 11 0 14 6 25 19 4 19 9 2 21 18 8 25
16 14 9 0 1 4 17 7 7 16 25 9 13 10 3
3 10 3 10 0 15 15 7 14 15 14 19 23 24 1
7 6 11 8 18 0 21 23 19 22 18 23 8 24 11
23 2 5 18 3 3 0 16 18 8 13 8 1 10 2
25 21 10 13 4 4 21 0 13 7 3 18 19 16 8
1 25 8 22 4 18 13 24 0 6 7 16 14 9 21
9 3 15 20 14 4 9 10 1 0 19 12 3 11 6
13 23 6 20 12 17 21 4 1 16 0 18 21 10 25
1 6 7 21 3 15 25 12 14 7 12 0 1 13 23
3 4 7 10 25 21 1 20 22 19 6 23 0 8 2
17 13 24 7 4 9 8 4 13 9 8 15 17 0 6
10 8 7 20 14 15 19 8 10 3 14 21 25 4 0
