15 5 5
5    1  1 66    2  2 85  3 85    1  2 84    2  0 62  2 62    2  3 19  4 19
5    2  3 59  4 59    2  1 64  4 64    4  0 46  1 46  2 46  4 46    3  2 13  3 13  4 13    1  0 25
5    2  1 88  4 88    4  0 80  2 80  3 80  4 80    1  1 73    2  2 53  4 53    4  0 41  1 41  2 41  4 41
5    3  0 14  2 14  3 14    3  0 67  1 67  2 67    3  1 57  2 57  3 57    2  3 74  4 74    2  2 47  4 47
5    2  0 84  1 84    3  0 64  2 64  4 64    1  2 41    2  0 84  3 84    3  0 78  1 78  3 78
5    3  0 63  3 63  4 63    5  0 28  1 28  2 28  3 28  4 28    4  0 46  1 46  3 46  4 46    1  2 26    4  0 52  1 52  2 52  4 52
5    3  0 10  3 10  4 10    4  0 17  1 17  2 17  3 17    1  4 73    1  1 11    4  0 64  1 64  3 64  4 64
5    4  0 67  1 67  2 67  4 67    2  0 97  1 97    3  0 95  1 95  3 95    2  3 38  4 38    3  0 85  1 85  2 85
5    3  1 95  2 95  3 95    3  0 46  2 46  4 46    3  0 59  1 59  3 59    3  1 65  2 65  3 65    2  3 93  4 93
5    2  2 43  3 43    1  4 85    4  1 32  2 32  3 32  4 32    3  1 85  2 85  3 85    2  0 60  4 60
5    4  0 49  2 49  3 49  4 49    1  3 41    2  0 61  2 61    4  0 66  1 66  2 66  4 66    2  0 90  1 90
5    3  0 17  1 17  4 17    2  0 23  1 23    2  2 70  3 70    3  0 99  2 99  4 99    3  1 49  2 49  3 49
5    2  3 40  4 40    4  0 73  2 73  3 73  4 73    1  0 73    2  1 98  4 98    2  1 68  2 68
5    2  3 57  4 57    1  1 9    3  0 7  2 7  3 7    3  0 13  2 13  4 13    3  0 98  2 98  4 98
5    3  0 37  1 37  2 37    3  0 85  1 85  3 85    4  0 17  1 17  2 17  3 17    2  0 79  4 79    2  1 41  3 41

0 21 4 4 6 23 24 1 4 7 7 26 28 3 28
9 0 8 26 5 2 2 24 27 19 25 1 16 9 21
9 5 0 18 22 3 22 24 16 16 15 22 26 19 20
1 6 16 0 24 9 2 19 1 28 16 17 19 27 5
8 15 3 21 0 25 20 1 1 12 19 16 24 8 12
9 8 2 7 21 0 9 25 20 26 21 16 13 9 9
1 3 7 20 20 11 0 4 12 17 9 15 24 4 25
17 10 3 14 6 10 1 0 11 17 23 13 11 13 5
15 13 23 1 3 12 6 25 0 24 14 15 12 18 5
8 19 4 22 19 3 19 2 5 0 26 2 16 16 18
17 27 14 19 19 23 28 9 23 14 0 24 20 2 21
5 17 27 16 24 4 8 6 14 3 18 0 19 20 20
16 12 9 25 5 20 5 16 5 13 1 3 0 5 10
2 9 12 19 6 3 28 17 17 28 17 10 9 0 28
16 28 25 3 18 24 26 11 8 13 15 10 8 10 0

0 16 24 8 16 11 5 10 6 23 12 4 8 25 2
16 0 17 21 13 27 28 26 25 12 8 23 16 9 13
26 5 0 16 5 28 24 22 10 4 26 15 16 10 5
5 27 21 0 6 18 15 17 19 17 23 20 2 28 5
19 25 9 17 0 26 11 11 26 17 5 13 8 23 11
6 12 3 3 26 0 8 2 19 11 26 12 10 16 26
28 23 9 27 4 9 0 4 13 27 28 24 11 2 24
13 21 13 25 27 9 16 0 2 17 24 14 18 17 8
25 12 26 5 25 22 4 6 0 16 28 15 25 11 14
10 18 8 15 6 3 21 10 23 0 2 26 16 3 9
25 23 17 4 8 18 5 5 13 24 0 9 3 25 27
24 7 19 11 25 12 10 28 7 28 5 0 23 24 20
9 16 9 26 10 13 12 19 16 5 16 28 0 25 10
11 28 14 18 4 6 10 4 26 28 6 6 14 0 5
6 17 26 13 9 6 26 2 6 18 24 12 10 7 0

0 14 14 6 21 12 12 8 27 8 19 10 19 21 22
21 0 14 5 4 19 14 18 10 23 17 10 11 25 4
17 5 0 14 1 23 3 1 3 24 11 12 18 5 21
5 6 23 0 20 21 3 1 14 26 26 16 21 28 4
15 25 11 5 0 9 19 14 12 19 23 14 21 23 16
7 19 9 18 28 0 6 3 5 4 8 8 4 12 6
1 26 10 16 12 6 0 11 12 8 16 4 22 25 1
18 7 8 17 15 18 14 0 16 7 22 12 24 9 18
24 3 1 8 4 27 10 20 0 21 15 4 6 26 16
12 26 3 19 8 20 24 10 5 0 15 17 14 19 16
25 7 10 17 13 21 26 19 10 25 0 17 2 13 8
23 4 23 5 28 23 13 17 25 2 1 0 13 15 21
21 27 23 27 2 12 24 28 12 10 17 16 0 18 4
13 10 13 5 21 11 28 19 19 14 20 16 15 0 22
4 4 12 24 15 10 8 1 25 18 5 17 5 3 0

0 13 24 4 28 15 7 28 16 24 24 12 7 13 22
18 0 23 20 26 14 13 25 8 24 23 28 8 16 11
2 5 0 21 26 8 12 24 24 4 14 5 3 23 28
20 16 28 0 18 6 17 6 24 7 14 8 28 18 25
10 15 10 11 0 24 15 27 10 21 8 20 27 21 24
7 24 12 11 24 0 8 20 6 23 4 3 5 13 16
17 18 24 9 13 20 0 12 8 14 8 28 7 13 3
19 14 3 8 17 8 27 0 9 13 3 5 18 24 3
7 13 11 12 5 9 19 21 0 5 16 26 14 24 23
26 6 26 12 5 22 2 4 17 0 4 27 22 6 3
22 20 15 12 26 8 17 20 15 9 0 25 18 10 6
17 13 5 8 22 18 21 25 3 4 4 0 19 2 24
17 8 6 17 14 26 11 21 21 18 8 17 0 12 23
3 4 25 24 19 23 21 6 6 17 16 22 11 0 17
18 18 6 27 14 27 20 7 12 12 16 22 12 26 0

0 28 27 14 23 10 8 17 6 11 14 19 19 6 23
12 0 2 26 7 22 11 27 13 8 23 26 9 9 6
6 17 0 8 10 7 2 1 3 22 7 21 16 10 11
21 1 6 0 11 19 25 19 18 15 1 27 7 25 24
12 18 6 5 0 25 18 17 20 26 18 1 8 2 11
23 23 24 25 23 0 25 20 22 3 2 2 26 28 21
28 21 1 20 6 18 0 23 25 23 23 16 26 18 24
6 15 26 18 2 17 16 0 22 26 1 13 16 10 4
18 13 4 16 26 8 27 5 0 12 6 7 5 11 21
27 18 8 1 11 26 18 24 21 0 10 3 20 26 24
21 13 10 22 23 12 17 2 2 27 0 27 3 21 14
11 22 22 12 3 8 13 1 11 12 22 0 1 13 3
28 25 3 3 10 9 22 9 3 26 8 23 0 9 28
10 3 17 25 14 17 1 27 23 6 23 15 21 0 7
6 5 18 2 17 7 26 20 26 13 3 27 5 7 0
