15 10 3
10    1  9 66    1  5 91    2  4 87  2 87    2  2 94  5 94    1  7 21    2  3 92  7 92    2  1 7  7 7    3  0 12  9 12  6 12    3  8 11  3 11  9 11    2  6 19  0 19
10    3  3 13  2 13  9 13    2  2 20  4 20    2  4 7  1 7    2  1 14  5 14    3  9 66  3 66  0 66    1  0 75    2  6 77  8 77    1  5 16    1  7 95    3  8 7  0 7  4 7
10    3  8 77  9 77  3 77    3  7 20  2 20  3 20    1  2 34    1  0 15    2  9 88  5 88    1  5 89    1  6 53    3  3 6  2 6  1 6    1  1 45    2  4 76  9 76
10    3  3 27  1 27  9 27    1  2 74    3  6 88  9 88  1 88    1  4 62    3  7 52  1 52  2 52    2  8 69  2 69    1  5 9    3  9 98  1 98  3 98    3  0 52  4 52  2 52    1  1 88
10    1  4 88    2  6 15  0 15    2  1 52  0 52    2  2 61  9 61    2  7 54  0 54    2  0 62  3 62    2  8 59  0 59    1  5 9    1  3 90    2  9 5  1 5
10    2  6 71  4 71    3  0 41  7 41  5 41    2  4 38  1 38    3  3 53  8 53  5 53    3  7 91  4 91  2 91    3  8 68  7 68  2 68    1  1 50    2  5 78  4 78    1  2 23    2  9 72  5 72
10    3  3 95  6 95  9 95    1  9 36    2  6 66  2 66    3  5 52  7 52  1 52    2  0 45  2 45    2  8 30  6 30    3  4 23  6 23  1 23    3  2 25  0 25  8 25    3  7 17  2 17  9 17    2  1 6  0 6
10    1  4 65    2  1 8  6 8    3  8 85  0 85  2 85    2  0 71  5 71    2  7 65  4 65    1  6 28    1  5 88    1  3 76    3  9 27  1 27  4 27    3  2 95  9 95  7 95
10    3  9 37  1 37  8 37    1  1 37    3  4 28  8 28  9 28    1  3 51    2  8 86  0 86    3  2 9  0 9  8 9    2  6 55  8 55    3  0 73  2 73  1 73    1  7 51    1  5 90
10    3  3 39  0 39  7 39    3  2 15  0 15  4 15    1  6 83    3  9 44  0 44  4 44    2  7 53  3 53    3  0 16  2 16  5 16    1  4 46    1  5 24    1  1 25    3  8 82  3 82  6 82
10    3  1 72  3 72  6 72    3  4 48  0 48  1 48    1  0 87    2  2 66  1 66    1  9 5    1  6 54    2  7 39  4 39    2  8 35  4 35    3  5 95  1 95  8 95    1  3 60
10    3  1 46  5 46  9 46    3  3 20  8 20  1 20    3  0 97  4 97  7 97    2  2 21  7 21    3  9 46  0 46  8 46    2  7 37  5 37    1  8 19    3  4 59  5 59  3 59    2  6 34  5 34    1  5 55
10    3  5 23  7 23  8 23    2  3 25  8 25    2  6 78  3 78    1  1 24    1  0 28    2  7 83  2 83    1  8 28    1  9 5    1  2 73    3  4 45  2 45  0 45
10    2  1 37  4 37    2  0 53  8 53    2  7 87  6 87    1  4 38    2  3 71  1 71    2  5 29  6 29    2  9 12  1 12    3  8 33  3 33  4 33    3  6 55  4 55  7 55    3  2 12  7 12  9 12
10    1  4 90    3  8 17  4 17  9 17    2  2 49  7 49    3  3 83  0 83  9 83    3  1 40  2 40  7 40    2  6 23  0 23    3  7 65  1 65  4 65    2  9 27  7 27    3  5 7  8 7  0 7    2  0 48  4 48

0 22 15 7 13 22 4 11 10 5 11 4 13 20 10
22 0 6 21 20 21 6 2 4 12 20 12 5 21 19
8 24 0 20 5 16 7 9 22 8 12 21 4 20 13
16 17 19 0 4 5 23 24 17 15 22 18 20 19 15
13 13 8 16 0 4 4 16 24 15 22 4 22 8 20
19 21 17 6 22 0 17 8 15 9 21 11 3 9 7
10 7 21 13 24 23 0 18 21 8 6 16 23 20 13
10 21 9 14 18 24 9 0 3 23 23 14 19 8 12
9 17 6 5 19 3 17 20 0 7 5 2 8 1 12
1 11 17 8 17 17 19 23 20 0 20 1 9 5 1
21 12 12 13 24 12 15 19 24 22 0 23 12 6 23
14 13 20 18 16 18 15 11 14 13 11 0 11 8 5
19 18 1 17 17 13 23 7 6 14 9 23 0 13 17
10 18 15 1 6 2 6 11 4 18 4 21 15 0 9
23 16 18 8 21 18 9 1 10 23 7 12 9 6 0

0 2 9 12 2 24 4 24 20 18 3 13 3 13 19
5 0 3 18 24 12 9 9 10 15 23 1 22 20 21
9 6 0 15 16 16 5 8 19 18 7 16 13 8 3
15 16 17 0 17 4 16 9 4 11 20 18 19 6 14
3 12 15 22 0 14 16 22 19 19 11 19 7 7 1
10 12 24 24 21 0 4 9 17 22 15 21 16 20 24
12 18 13 15 20 14 0 7 5 22 18 1 17 8 10
2 15 4 18 9 20 4 0 16 24 24 23 23 24 16
3 13 23 6 1 12 19 18 0 2 13 24 5 16 21
3 2 14 16 13 14 5 16 15 0 10 6 4 11 4
24 19 3 24 14 12 8 1 8 7 0 12 20 2 16
15 14 7 3 11 20 12 21 3 15 19 0 7 12 16
18 17 12 2 2 1 24 16 5 14 10 19 0 20 20
10 4 12 14 9 13 24 19 24 8 9 19 8 0 12
9 14 12 7 4 7 14 4 17 14 14 16 20 21 0

0 23 17 8 23 5 5 22 15 20 20 18 13 4 9
22 0 5 20 11 13 17 8 13 8 23 12 1 12 6
6 14 0 13 10 6 24 17 20 19 24 13 20 4 17
21 8 6 0 6 21 16 17 11 7 2 5 7 2 20
8 10 14 23 0 13 1 23 5 7 12 6 17 11 13
20 24 11 4 20 0 3 19 20 7 12 3 19 22 9
8 13 3 19 13 14 0 8 24 5 7 14 16 16 10
8 7 2 22 11 10 6 0 7 5 1 18 1 9 18
8 10 20 4 1 2 10 2 0 22 23 10 5 2 19
10 10 11 11 10 13 5 7 8 0 11 7 6 5 3
16 14 4 12 18 2 9 4 5 13 0 15 11 9 12
19 23 21 6 17 22 13 16 13 3 15 0 13 4 7
11 14 11 15 24 24 15 22 7 24 6 21 0 9 16
14 19 3 5 14 15 1 17 20 11 4 12 19 0 14
8 1 15 9 17 2 14 14 5 18 11 14 9 18 0

0 16 19 14 18 4 8 9 24 5 11 18 6 18 15
19 0 21 13 15 9 14 22 23 21 9 24 9 17 22
12 17 0 2 11 23 8 21 3 15 6 7 1 11 21
5 4 3 0 5 23 20 15 7 2 11 4 19 20 1
13 23 5 13 0 23 16 13 13 16 23 9 2 1 22
19 1 7 18 23 0 19 23 20 23 12 12 1 21 13
5 21 7 22 6 24 0 9 10 8 16 5 16 8 22
7 15 13 7 15 12 15 0 8 16 5 14 16 6 19
13 9 1 22 18 13 11 21 0 13 5 3 8 22 1
2 18 19 19 22 21 13 24 16 0 6 23 8 14 10
22 10 11 10 17 10 2 7 5 20 0 6 24 20 15
16 5 4 12 24 12 10 13 23 19 9 0 18 24 7
21 13 21 11 15 11 22 2 24 9 20 8 0 1 15
12 1 23 13 22 23 10 10 24 23 24 16 9 0 24
24 21 2 2 2 7 15 8 9 2 21 15 14 5 0

0 24 21 15 23 6 16 6 10 9 16 17 21 14 20
20 0 11 11 12 19 13 23 9 19 3 12 24 1 16
19 24 0 10 12 3 22 22 9 1 3 16 6 11 2
9 18 23 0 5 1 24 2 7 1 13 19 22 17 5
18 24 7 8 0 3 23 11 16 9 5 10 4 1 9
8 16 21 12 22 0 11 4 22 16 2 21 20 7 7
8 3 24 13 23 17 0 8 6 23 12 19 4 8 22
13 24 7 2 8 17 4 0 19 22 20 21 7 7 20
3 23 15 21 23 4 7 18 0 3 17 21 5 13 1
3 18 20 24 15 8 14 12 14 0 22 13 12 23 14
24 21 8 19 1 8 5 19 6 12 0 24 10 19 7
20 2 8 9 6 21 16 8 21 2 5 0 11 7 15
3 19 13 22 17 2 16 4 1 19 13 23 0 23 15
9 7 9 4 5 6 18 16 10 12 5 9 17 0 11
17 10 15 10 2 24 20 2 12 15 12 20 16 2 0

0 14 2 4 7 3 10 6 5 20 1 18 3 19 8
22 0 18 12 9 21 14 10 11 10 21 5 2 5 9
18 4 0 14 9 14 15 10 13 2 2 13 4 8 17
6 1 11 0 23 6 23 1 2 14 3 17 22 4 9
23 3 16 16 0 22 17 5 6 15 4 23 4 23 15
20 10 1 7 21 0 13 19 23 8 14 13 4 22 10
3 24 10 21 15 13 0 10 2 9 14 4 20 12 21
19 10 1 19 21 19 10 0 22 21 2 8 17 17 2
7 14 9 11 9 23 19 12 0 13 22 16 21 18 2
16 15 6 18 6 8 13 12 12 0 3 19 12 8 4
10 8 11 4 7 4 22 15 11 24 0 7 17 3 13
7 23 21 2 24 22 22 2 14 24 11 0 13 1 20
7 16 8 13 12 13 11 16 10 19 17 1 0 2 24
16 21 8 18 12 13 6 22 11 5 21 2 7 0 24
12 24 6 22 6 20 8 16 7 24 6 3 3 10 0

0 23 4 13 15 1 13 12 10 23 24 14 7 23 8
6 0 9 8 4 4 5 18 23 16 17 16 4 19 7
13 19 0 18 9 19 16 2 2 12 19 4 6 22 8
6 9 1 0 18 24 4 23 14 23 20 17 2 16 11
4 17 20 4 0 20 6 18 12 15 16 7 11 14 4
17 5 17 10 16 0 16 12 3 3 15 3 17 5 19
12 18 7 13 6 4 0 20 1 11 4 20 12 1 21
2 6 3 10 17 1 9 0 7 6 23 10 22 17 13
23 1 3 11 16 5 4 21 0 10 14 1 1 22 21
6 24 7 23 21 15 7 4 20 0 22 3 9 20 2
11 10 9 2 12 14 10 10 5 19 0 5 5 22 23
11 20 2 24 16 1 13 1 21 21 13 0 5 5 16
7 14 14 1 3 10 1 13 22 1 22 17 0 5 23
14 5 7 2 4 1 2 10 3 22 21 10 3 0 7
6 15 23 23 14 21 8 1 18 23 5 13 2 21 0

0 24 7 19 11 6 16 6 15 10 19 9 2 4 11
14 0 23 17 8 18 17 24 22 1 20 7 14 10 23
18 9 0 1 19 14 19 17 20 12 21 18 8 17 8
18 2 24 0 3 15 1 12 14 15 16 10 3 16 13
9 21 24 20 0 4 4 17 18 18 2 15 17 3 2
21 16 12 23 2 0 1 7 18 6 19 22 22 19 9
5 23 24 4 1 2 0 2 17 20 1 10 7 8 21
21 5 10 4 14 21 20 0 18 15 17 14 13 7 13
21 4 4 14 6 9 2 11 0 15 7 3 16 9 9
24 11 5 15 9 10 15 17 21 0 4 10 12 5 19
24 18 13 13 21 23 20 4 5 14 0 5 7 15 4
8 18 24 9 23 7 1 3 15 19 21 0 17 17 14
21 9 14 19 1 9 13 14 24 16 18 9 0 11 19
10 12 17 4 20 23 7 11 18 3 6 17 10 0 10
16 6 2 17 9 7 9 17 15 10 8 2 12 3 0

0 13 3 16 17 10 10 4 16 18 22 21 4 23 20
4 0 17 8 5 10 13 16 10 8 9 7 15 3 7
20 13 0 1 11 22 4 6 15 20 19 12 21 12 1
3 9 20 0 1 17 16 14 2 10 19 10 11 9 18
7 7 21 21 0 15 19 8 9 23 14 3 10 6 23
9 9 15 5 3 0 18 10 8 20 2 17 9 9 6
6 12 11 18 20 20 0 6 21 10 1 12 2 1 21
18 6 22 14 6 8 8 0 3 6 18 8 2 10 13
16 16 24 20 1 14 17 24 0 15 13 6 16 7 6
15 15 7 3 6 3 22 1 4 0 19 11 4 8 16
4 12 12 8 5 7 7 11 22 23 0 1 13 2 11
2 19 5 24 23 20 20 23 10 10 8 0 3 24 14
21 19 6 5 12 3 9 11 14 9 14 2 0 9 5
12 16 15 15 13 21 18 2 10 24 7 12 22 0 7
12 13 3 23 1 2 13 17 21 17 15 19 1 13 0

0 12 12 24 7 11 1 23 8 2 10 3 11 10 21
16 0 7 11 2 2 6 2 17 20 5 16 11 13 17
8 13 0 11 3 6 18 8 1 23 19 6 20 22 11
20 5 22 0 1 10 19 6 18 10 19 2 21 17 1
11 11 13 13 0 22 18 19 11 9 9 20 17 4 14
2 6 14 21 19 0 6 17 23 18 5 16 14 20 1
6 17 10 12 7 1 0 6 4 8 10 21 6 21 4
11 5 22 4 12 12 20 0 3 16 11 8 12 9 11
3 23 4 7 20 21 10 1 0 12 2 6 21 23 13
23 3 8 21 7 9 4 18 18 0 4 1 3 17 23
5 19 13 15 15 10 13 6 2 19 0 10 21 13 19
20 3 17 17 6 5 11 5 24 1 7 0 18 5 15
18 5 2 12 19 4 3 1 21 5 8 24 0 20 8
18 19 12 20 16 10 7 7 18 16 3 22 21 0 2
21 7 22 22 21 20 24 24 20 15 15 8 13 23 0
