20 5 5
5    2  1 23  4 23    1  0 82    2  2 84  4 84    2  1 45  2 45    4  0 38  1 38  2 38  3 38
5    5  0 50  1 50  2 50  3 50  4 50    1  4 41    4  0 29  1 29  2 29  4 29    1  0 18    2  1 21  2 21
5    3  1 16  2 16  4 16    2  0 54  3 54    3  1 52  2 52  4 52    4  1 38  2 38  3 38  4 38    4  0 52  1 52  2 52  4 52
5    2  1 62  4 62    3  0 57  3 57  4 57    4  1 37  2 37  3 37  4 37    2  1 74  2 74    2  0 54  1 54
5    3  0 68  3 68  4 68    3  0 61  1 61  4 61    2  2 30  3 30    2  0 81  4 81    3  0 57  2 57  4 57
5    2  0 89  1 89    4  0 89  1 89  2 89  3 89    2  1 11  3 11    2  0 79  3 79    1  4 81
5    3  0 66  1 66  3 66    4  0 91  1 91  2 91  4 91    3  2 33  3 33  4 33    1  4 20    2  1 20  2 20
5    2  3 8  4 8    1  4 24    3  0 55  2 55  4 55    2  0 32  2 32    2  1 84  3 84
5    1  0 7    5  0 64  1 64  2 64  3 64  4 64    5  0 39  1 39  2 39  3 39  4 39    3  0 56  1 56  4 56    2  0 54  3 54
5    3  0 19  1 19  4 19    3  0 40  2 40  4 40    2  3 7  4 7    3  1 8  2 8  4 8    2  1 83  3 83
5    3  0 63  1 63  3 63    2  2 64  3 64    4  0 91  1 91  2 91  3 91    3  1 40  2 40  4 40    3  1 6  2 6  4 6
5    3  0 42  1 42  4 42    2  0 61  3 61    2  3 15  4 15    2  2 98  3 98    1  0 74
5    2  1 80  4 80    5  0 26  1 26  2 26  3 26  4 26    2  1 75  3 75    1  4 6    2  2 87  3 87
5    2  1 39  2 39    3  2 22  3 22  4 22    1  0 75    4  0 24  1 24  2 24  3 24    1  1 44
5    2  1 15  2 15    1  3 79    2  2 8  4 8    2  0 12  4 12    4  1 20  2 20  3 20  4 20
5    2  0 26  3 26    1  2 43    3  0 80  2 80  3 80    2  3 22  4 22    2  1 61  4 61
5    3  1 62  2 62  3 62    2  1 36  4 36    1  0 63    1  3 96    3  2 40  3 40  4 40
5    3  0 33  1 33  2 33    3  0 18  1 18  3 18    2  0 22  2 22    2  2 5  4 5    4  1 10  2 10  3 10  4 10
5    2  2 64  4 64    2  3 64  4 64    4  0 89  1 89  3 89  4 89    3  1 96  3 96  4 96    3  0 95  2 95  3 95
5    1  2 18    3  1 23  2 23  4 23    1  3 15    4  0 38  1 38  2 38  4 38    3  0 8  3 8  4 8

0 19 2 19 19 6 17 23 11 4 21 7 5 7 23 20 6 3 22 15
22 0 5 14 8 17 23 7 22 11 21 17 3 3 3 4 7 3 17 13
6 21 0 4 11 7 12 21 12 1 2 8 5 17 20 15 21 14 19 4
18 14 7 0 3 16 14 23 21 6 1 15 22 19 9 4 5 13 8 15
12 23 22 23 0 23 10 21 6 22 1 13 11 19 15 1 22 3 21 12
3 9 20 3 4 0 21 22 2 21 20 2 18 23 15 14 3 19 19 21
9 3 14 5 23 20 0 6 6 20 2 2 20 11 5 13 22 6 3 13
2 18 17 12 9 23 5 0 23 4 19 16 4 17 11 13 17 10 10 14
4 18 19 5 2 2 8 17 0 3 6 19 21 22 5 14 20 10 13 18
7 19 17 7 17 19 20 10 11 0 7 20 3 16 10 3 23 2 17 13
10 13 16 12 9 14 13 10 10 16 0 20 21 5 18 12 16 9 23 12
21 4 7 22 22 11 20 15 10 1 10 0 6 1 22 23 3 17 15 8
15 6 10 20 21 13 8 14 21 22 10 2 0 15 1 18 12 19 9 15
21 12 19 12 9 22 11 9 7 21 7 4 19 0 12 11 11 1 5 15
5 4 4 11 19 16 15 20 22 7 10 5 12 11 0 3 7 15 12 7
15 9 16 10 1 14 11 6 22 2 13 23 12 20 11 0 11 12 16 3
15 16 10 19 19 4 21 5 15 23 2 21 23 3 7 4 0 9 14 20
6 18 3 23 17 13 23 9 4 20 19 22 10 8 18 5 14 0 15 16
15 18 21 3 17 5 23 18 18 22 13 15 4 4 22 7 11 13 0 23
23 4 22 5 13 13 2 10 15 4 1 18 20 8 4 11 17 3 22 0

0 1 17 5 19 3 4 21 18 13 4 12 20 20 8 23 19 23 22 3
20 0 15 18 15 11 8 10 14 5 3 21 6 15 18 15 8 2 22 6
2 2 0 20 16 9 4 11 9 17 16 23 15 10 8 19 22 23 20 3
4 7 1 0 14 20 17 12 15 19 1 19 23 2 9 21 1 6 9 23
15 23 22 8 0 10 13 7 20 20 8 17 9 1 14 10 5 6 14 3
22 12 6 8 18 0 11 6 23 14 19 1 9 15 21 1 4 1 5 1
4 8 5 8 5 22 0 21 22 16 17 10 9 4 3 17 8 22 13 12
13 5 7 6 7 15 17 0 2 4 3 2 20 9 13 23 9 14 2 22
13 18 11 21 14 19 7 7 0 10 18 18 14 6 5 4 9 15 12 4
13 4 9 11 2 1 5 7 14 0 21 19 18 9 16 18 22 9 7 4
18 12 3 14 9 20 7 3 15 8 0 9 21 1 21 12 16 6 13 3
23 10 15 15 11 7 13 21 14 22 15 0 7 14 8 18 19 19 11 13
7 20 8 2 8 13 12 9 19 12 2 15 0 14 2 15 7 19 22 23
19 10 22 2 1 1 16 15 13 2 16 7 4 0 2 23 19 5 6 12
18 3 18 2 10 11 16 14 23 13 23 9 18 13 0 8 5 14 7 5
3 20 10 5 19 7 22 1 10 11 10 12 15 20 19 0 14 14 3 20
15 22 21 9 13 20 12 16 22 18 21 22 13 5 1 9 0 1 18 1
16 23 2 18 18 19 11 17 9 4 17 2 10 13 4 9 5 0 10 15
22 11 15 4 21 4 15 2 4 11 1 11 11 22 11 1 8 19 0 16
15 7 3 3 20 4 9 1 11 13 17 1 13 18 7 16 4 17 15 0

0 8 12 7 21 20 22 20 9 23 14 11 12 8 20 4 12 9 8 20
12 0 2 17 16 13 7 21 13 6 4 6 11 7 18 16 13 15 4 18
8 9 0 10 1 12 2 19 21 17 13 11 17 18 19 11 10 10 16 15
19 21 12 0 23 9 14 16 5 1 10 9 13 1 3 14 8 5 8 9
1 11 13 4 0 13 14 21 8 2 8 23 17 19 2 6 14 11 6 23
17 2 7 14 10 0 17 11 19 4 13 16 17 22 2 23 13 1 19 4
22 21 19 1 7 19 0 9 9 9 23 21 13 12 1 7 7 8 8 4
5 9 18 2 13 10 6 0 10 20 3 17 7 19 8 22 9 15 3 12
21 19 13 13 1 10 7 11 0 14 13 23 3 4 10 3 5 21 16 17
18 18 20 21 9 17 11 23 9 0 10 20 20 18 20 16 16 4 22 3
1 1 17 11 18 4 7 3 20 6 0 3 9 10 22 3 6 7 7 19
9 1 9 13 2 21 3 7 4 16 19 0 6 7 6 10 3 9 9 5
8 8 19 7 5 3 7 23 14 4 22 19 0 12 10 20 1 14 8 16
23 17 7 21 20 5 13 6 10 23 20 7 2 0 13 10 1 21 7 2
19 5 16 18 21 21 10 23 17 4 17 23 2 20 0 9 1 4 4 14
6 10 3 9 17 15 19 16 12 1 15 1 17 20 8 0 12 9 15 18
9 17 6 16 18 14 9 2 3 4 6 4 12 15 19 11 0 6 17 11
19 5 12 18 17 10 17 12 11 17 19 6 9 18 22 7 22 0 5 15
4 1 6 22 8 5 3 11 8 14 2 19 13 21 15 18 9 11 0 14
4 8 18 10 15 13 11 23 12 8 14 9 7 22 5 12 3 15 17 0

0 1 10 15 4 17 21 23 9 19 16 16 14 2 14 11 19 5 5 11
4 0 4 19 9 7 21 18 13 13 14 13 4 22 23 10 12 11 21 3
19 11 0 2 7 18 23 11 12 16 21 23 22 21 13 13 14 10 18 5
13 22 18 0 8 19 15 12 8 12 2 6 6 16 16 16 20 6 13 12
11 13 11 13 0 16 16 13 20 13 15 19 4 4 15 19 6 21 17 11
15 4 4 15 1 0 2 12 23 5 19 12 19 4 1 8 5 18 23 20
20 6 20 6 4 5 0 5 14 18 22 8 15 21 13 15 2 13 8 12
2 5 2 15 10 15 11 0 7 22 8 5 2 13 8 2 5 6 14 8
11 7 20 16 12 1 11 18 0 2 22 8 1 23 20 14 22 14 19 6
16 5 1 18 18 2 10 18 11 0 17 4 7 13 1 13 10 6 6 17
23 19 1 11 23 9 3 5 17 19 0 12 14 6 19 19 14 8 15 11
13 16 18 13 12 4 20 5 5 4 14 0 5 9 15 14 8 17 7 17
16 16 2 20 16 7 7 20 13 16 3 8 0 19 13 15 1 12 10 13
23 15 18 16 6 13 19 15 22 20 21 21 14 0 8 13 9 21 1 1
18 19 9 18 1 16 4 10 21 14 9 18 7 19 0 14 8 12 8 11
10 22 10 11 1 10 15 6 17 2 3 21 11 15 21 0 20 13 18 10
3 4 7 5 15 22 2 18 8 9 14 20 12 11 20 20 0 16 23 21
18 23 15 18 4 13 11 9 4 14 22 3 2 19 6 17 3 0 16 10
12 16 6 21 23 21 20 19 21 10 11 19 17 8 3 8 21 4 0 2
16 18 10 6 15 1 7 12 14 8 20 11 9 14 16 14 22 13 6 0

0 1 3 13 4 16 2 22 19 12 2 4 13 22 3 12 17 10 5 15
19 0 17 3 15 15 11 2 8 9 9 18 3 4 10 14 1 20 5 10
12 18 0 16 16 11 4 9 13 23 3 17 19 7 18 20 14 12 18 14
22 22 22 0 11 5 8 7 19 6 6 22 6 11 21 21 7 16 21 4
8 4 7 15 0 6 1 9 11 9 23 3 23 13 5 16 21 6 12 23
15 11 14 10 5 0 13 23 13 17 4 23 16 21 4 8 3 22 7 13
3 19 8 4 6 4 0 12 21 15 11 9 22 11 1 16 4 12 7 18
10 15 13 16 11 14 13 0 21 18 8 16 19 10 9 10 22 16 5 21
5 1 2 12 6 18 23 11 0 23 17 5 21 20 10 3 8 2 6 19
14 14 5 10 11 21 11 7 5 0 8 10 9 14 7 20 17 12 15 5
10 5 4 11 18 23 1 11 16 5 0 23 2 1 20 5 3 17 10 22
9 19 12 21 12 12 15 23 8 13 19 0 2 14 3 16 21 23 3 16
9 22 17 4 18 13 14 10 20 2 2 19 0 8 22 23 13 23 11 14
21 18 8 17 10 7 10 14 19 13 17 14 1 0 10 9 9 20 20 11
3 20 10 6 17 4 13 9 4 8 14 15 10 23 0 16 12 10 4 5
9 12 1 23 16 17 16 23 8 4 19 6 4 17 14 0 15 1 7 16
15 1 21 17 21 5 20 20 16 10 6 9 20 5 8 20 0 17 23 1
4 23 22 12 12 23 12 2 5 17 3 5 21 16 21 18 10 0 8 8
17 4 11 14 5 12 11 12 9 4 12 7 4 4 2 20 15 15 0 1
21 12 5 3 4 19 21 23 7 7 9 21 15 10 13 7 21 7 5 0
