15 15 3
15    1  10 51    1  14 43    1  7 80    1  4 18    2  6 38  12 38    1  3 24    1  2 67    1  12 15    1  11 24    1  13 72    1  8 45    1  5 80    2  9 64  5 64    1  1 44    1  0 88
15    1  6 40    2  9 88  5 88    1  10 77    1  5 59    1  11 20    1  3 52    2  8 70  9 70    1  0 40    1  4 32    1  13 76    1  12 43    1  7 31    1  2 21    2  14 5  3 5    1  1 47
15    1  0 32    2  3 49  2 49    1  10 5    1  5 64    1  7 58    1  8 80    1  6 94    1  11 11    1  1 26    1  13 26    1  14 59    1  9 85    2  4 47  10 47    1  12 96    1  2 14
15    2  5 23  2 23    1  6 9    1  0 75    2  12 37  0 37    2  11 43  7 43    2  2 79  12 79    1  4 75    1  3 34    1  7 20    1  13 10    1  14 83    1  10 68    1  9 52    1  8 66    1  1 9
15    1  12 69    1  9 59    1  3 28    1  14 62    1  13 36    1  1 26    1  6 84    1  11 16    1  8 54    1  5 42    1  2 54    2  0 6  2 6    1  10 40    1  7 88    1  4 79
15    1  13 78    1  12 53    1  11 17    1  5 29    1  4 82    1  2 23    2  9 12  7 12    1  8 64    1  1 86    1  7 59    1  6 5    1  3 68    1  14 59    1  10 13    1  0 56
15    1  10 83    2  13 46  9 46    1  9 7    1  12 65    1  11 69    1  6 62    1  0 16    1  2 58    1  8 66    1  5 83    1  7 90    1  14 42    1  4 81    2  3 69  2 69    1  1 85
15    1  7 73    1  10 71    1  8 64    1  6 10    1  9 20    2  11 99  1 99    1  4 24    1  14 65    1  5 82    1  3 72    1  12 43    1  1 82    1  13 27    1  2 24    1  0 33
15    1  4 82    2  1 34  13 34    1  3 92    1  2 8    2  0 38  6 38    1  8 45    1  6 21    2  5 35  10 35    1  12 52    1  9 35    1  11 15    2  14 23  7 23    1  10 6    1  13 83    1  7 30
15    1  2 84    1  5 7    2  9 66  0 66    1  10 6    1  4 28    1  13 27    2  6 79  14 79    1  7 70    1  0 85    1  1 94    1  3 60    1  14 80    1  12 39    1  8 66    2  11 29  3 29
15    1  3 44    1  6 58    1  13 14    1  8 65    1  1 72    1  5 14    1  12 52    1  4 21    1  9 25    1  0 5    2  11 51  13 51    1  7 61    1  14 55    1  10 42    1  2 36
15    1  14 43    1  10 72    1  5 78    1  11 12    1  12 17    1  0 46    1  9 27    1  6 51    1  2 63    1  1 79    1  8 79    1  7 91    3  4 49  2 49  14 49    1  13 26    1  3 93
15    2  7 49  12 49    1  0 49    1  4 71    1  5 78    1  9 44    1  10 41    1  12 91    1  13 84    1  8 91    1  6 21    1  11 47    1  14 28    1  3 61    1  2 70    1  1 93
15    1  3 25    1  4 85    1  0 66    1  2 45    1  10 95    1  12 21    1  8 84    1  5 24    1  9 53    1  7 67    1  6 91    1  11 11    1  13 32    1  1 30    1  14 89
15    1  3 92    2  7 93  2 93    1  0 99    1  1 40    2  10 37  14 37    2  12 69  2 69    2  5 66  1 66    1  6 57    2  14 22  4 22    1  9 44    1  8 73    1  13 97    1  11 18    1  2 69    1  4 41

0 19 15 12 11 11 6 12 22 10 16 25 19 25 1
9 0 1 23 1 5 12 21 18 6 23 25 25 21 12
8 8 0 11 11 19 22 25 6 12 6 7 26 22 24
5 18 4 0 23 15 14 3 9 14 8 11 24 16 5
25 7 3 13 0 19 2 24 14 3 18 25 2 13 3
14 7 19 9 14 0 23 5 17 19 1 15 22 26 1
18 11 7 3 20 18 0 4 3 10 2 26 25 2 7
6 4 25 14 24 1 5 0 4 18 11 25 17 6 1
17 4 19 14 24 22 15 17 0 5 1 5 6 18 24
17 23 8 10 15 15 5 13 26 0 12 8 19 17 20
15 1 2 12 16 26 1 26 8 23 0 9 22 5 18
5 2 23 14 20 4 2 6 8 12 10 0 2 18 22
7 20 15 7 21 19 25 18 13 4 4 10 0 3 21
1 14 13 17 17 16 2 25 3 14 14 14 16 0 3
4 23 26 25 21 16 24 8 20 12 5 10 7 12 0

0 21 1 13 7 20 1 9 25 20 20 2 10 17 2
22 0 10 14 23 7 2 6 26 8 17 26 15 23 22
21 22 0 17 14 22 26 24 10 17 18 15 18 3 7
12 4 16 0 16 11 8 13 20 12 15 19 24 8 1
21 24 21 10 0 10 18 18 7 24 14 19 7 19 23
25 14 25 10 11 0 10 5 23 9 16 21 2 3 13
4 26 15 20 13 16 0 3 12 19 17 23 4 21 18
6 18 15 15 3 13 1 0 5 15 20 16 10 8 15
25 25 14 23 18 1 7 17 0 7 24 2 23 26 19
23 18 12 14 6 5 20 8 2 0 12 10 23 13 17
20 19 9 24 10 15 11 4 20 26 0 7 20 26 13
12 24 8 16 14 19 6 8 17 7 8 0 11 3 19
9 15 24 6 18 9 11 26 6 21 23 2 0 20 25
13 14 18 14 9 18 8 12 25 20 18 15 1 0 3
26 9 24 8 26 15 5 17 2 4 25 6 16 5 0

0 15 25 4 11 25 14 12 13 5 20 8 13 2 21
2 0 3 25 6 15 24 7 4 3 4 10 13 25 5
5 13 0 6 5 3 6 5 11 5 22 26 1 8 7
9 21 17 0 3 25 18 24 5 15 4 6 15 14 9
22 8 25 7 0 6 9 21 16 11 21 20 2 1 21
26 13 11 14 5 0 10 2 20 5 5 3 15 7 18
21 25 14 1 19 16 0 4 3 17 22 10 7 4 10
7 4 3 9 14 10 2 0 6 17 1 7 8 3 17
17 9 23 9 15 3 7 10 0 11 15 11 4 11 25
23 25 20 12 20 11 13 17 14 0 6 26 12 13 17
20 24 4 15 3 22 17 11 26 22 0 6 5 4 22
7 2 16 20 21 13 21 16 14 8 25 0 15 1 24
9 12 26 19 16 21 22 25 25 10 7 5 0 24 7
6 16 1 19 11 11 21 7 13 13 25 23 11 0 14
25 2 9 15 8 19 18 25 5 20 25 3 13 11 0

0 5 5 5 6 8 2 5 26 2 1 20 20 19 19
18 0 7 18 7 13 8 18 11 20 1 26 23 12 2
11 2 0 17 21 5 16 19 25 18 7 24 18 2 12
5 25 24 0 19 13 10 7 19 9 17 3 6 11 4
21 21 1 19 0 7 12 16 6 11 15 20 4 19 19
11 21 24 6 14 0 22 7 13 9 9 25 21 25 16
18 24 15 15 21 15 0 6 7 10 16 11 2 10 26
16 7 17 12 9 7 26 0 10 6 25 17 19 21 13
1 20 23 11 21 10 18 25 0 5 16 11 1 17 4
16 13 26 19 6 24 11 2 20 0 25 11 9 7 7
22 12 23 2 9 12 22 4 7 17 0 14 4 25 25
16 25 20 23 19 5 22 18 15 10 11 0 11 19 21
3 8 14 4 22 26 1 18 10 10 13 17 0 18 7
26 4 5 18 9 7 22 9 1 15 22 13 18 0 11
15 3 8 24 23 22 1 13 4 5 4 15 17 15 0

0 17 12 15 17 16 11 1 7 19 7 24 22 1 8
7 0 10 20 10 17 21 14 11 3 10 12 19 16 18
9 8 0 18 15 24 26 16 1 25 3 12 22 3 11
16 19 7 0 8 24 10 9 23 9 21 9 20 25 26
24 1 1 15 0 1 16 4 7 19 3 4 4 19 8
8 10 15 25 10 0 21 13 4 24 14 20 13 16 25
2 21 4 24 9 10 0 6 24 12 11 21 5 21 21
23 24 26 5 19 13 11 0 1 19 14 18 22 5 25
14 6 11 15 19 15 8 5 0 9 12 12 15 11 6
14 1 26 19 23 23 12 22 10 0 9 23 16 10 8
7 14 15 17 25 22 2 2 15 17 0 26 25 5 3
22 20 17 4 13 14 17 5 6 5 23 0 16 3 16
20 2 9 11 22 1 9 18 16 1 19 3 0 20 7
1 9 12 1 17 2 8 14 17 2 19 9 11 0 5
24 18 17 12 25 12 17 6 9 13 13 9 5 12 0

0 11 4 19 3 18 23 18 21 23 9 11 22 1 15
22 0 23 6 3 24 8 21 20 7 5 26 23 17 7
22 16 0 13 18 6 5 3 14 6 8 7 7 20 1
13 17 26 0 14 4 19 17 18 12 8 9 2 14 22
16 20 4 6 0 20 22 3 18 22 14 10 2 3 10
8 9 21 23 11 0 8 22 22 13 15 25 10 5 6
5 17 6 19 8 7 0 17 17 25 18 17 4 4 20
13 17 20 13 18 20 16 0 16 13 25 11 1 26 15
22 7 3 24 16 16 15 25 0 9 19 15 5 7 12
14 23 11 4 9 7 8 7 3 0 15 6 25 26 8
8 25 22 18 14 18 15 8 26 3 0 24 14 10 26
8 5 12 23 20 16 20 20 6 17 22 0 8 12 21
16 22 5 17 5 6 13 12 2 26 5 20 0 1 4
23 26 24 20 8 1 14 20 5 19 14 5 8 0 17
22 24 14 4 18 4 7 21 23 21 9 17 19 22 0

0 11 23 8 9 2 14 23 21 3 18 8 23 16 3
11 0 18 25 6 3 13 3 5 3 8 18 3 1 15
16 21 0 24 15 6 26 5 23 15 19 20 12 10 22
16 7 22 0 19 22 6 1 15 12 19 11 10 24 12
12 13 23 1 0 15 2 21 8 1 9 26 21 25 21
9 5 12 2 15 0 14 26 2 17 2 24 7 7 6
15 4 2 25 10 9 0 6 4 1 17 10 8 4 10
8 14 3 11 3 6 14 0 6 15 1 6 22 5 17
3 24 21 10 1 18 25 4 0 3 26 23 4 21 9
8 5 22 3 3 8 18 8 19 0 18 21 18 22 13
15 10 6 8 17 10 14 5 10 10 0 24 22 11 7
26 15 26 5 3 26 8 22 25 12 17 0 12 16 12
19 18 1 24 18 25 12 22 21 9 2 1 0 2 16
11 21 25 15 21 10 20 22 8 14 14 19 15 0 12
21 15 7 15 9 17 21 5 25 11 3 19 25 7 0

0 6 13 10 11 23 3 13 20 1 12 15 9 4 9
8 0 9 22 24 11 19 23 4 9 21 15 12 11 3
24 12 0 18 8 14 5 17 5 5 23 25 17 26 3
13 12 22 0 21 19 5 11 10 10 15 18 19 15 8
12 22 15 8 0 5 14 20 2 7 23 15 14 22 13
21 4 7 7 5 0 11 13 25 8 17 2 11 12 15
8 2 16 4 15 13 0 4 14 26 10 16 1 13 16
5 24 6 4 9 23 13 0 21 16 8 18 1 21 18
21 22 15 19 11 6 25 11 0 8 12 17 20 22 5
23 18 17 12 12 3 6 11 1 0 21 18 4 15 24
21 18 6 14 26 23 11 20 10 16 0 22 7 26 9
9 17 4 20 6 13 5 5 23 3 20 0 15 15 23
9 6 17 24 8 5 8 18 26 21 12 7 0 12 8
14 13 8 11 7 22 9 12 24 4 12 12 10 0 9
9 13 12 14 19 13 25 24 16 25 24 9 26 15 0

0 13 17 2 4 25 16 19 1 20 12 26 13 17 6
25 0 11 18 26 13 18 12 14 11 12 15 8 15 22
20 23 0 11 17 21 8 1 8 17 6 10 21 18 22
14 14 19 0 22 16 8 12 15 11 9 10 22 18 11
20 24 12 6 0 20 19 9 17 25 26 2 17 7 7
12 14 5 11 9 0 13 19 14 21 4 20 22 1 7
16 17 22 22 4 11 0 21 5 3 9 3 15 7 26
5 22 3 1 7 15 26 0 13 16 23 7 12 5 5
7 25 2 1 11 19 15 25 0 19 15 23 15 26 15
7 14 6 20 1 11 2 11 13 0 18 22 20 7 6
7 12 4 3 20 20 12 23 20 8 0 8 5 6 5
13 18 19 15 22 2 5 5 6 10 11 0 9 7 3
4 25 19 21 10 24 26 23 23 11 20 22 0 17 10
13 7 5 3 10 4 6 18 20 13 9 7 1 0 8
1 18 9 14 5 8 16 15 4 12 4 23 25 13 0

0 22 24 16 21 10 4 17 17 19 19 17 21 20 2
4 0 7 23 3 20 15 21 3 11 5 2 20 4 5
17 21 0 23 11 24 26 8 12 17 16 18 24 13 2
8 26 16 0 2 12 23 4 7 12 24 23 7 14 3
23 8 3 25 0 20 12 17 15 7 4 24 2 23 14
9 10 4 6 18 0 23 5 25 13 23 3 17 3 16
11 12 4 2 24 19 0 11 21 5 14 22 24 5 22
11 26 15 24 15 20 24 0 12 19 26 12 22 24 14
26 24 13 5 10 8 22 15 0 13 7 21 3 23 18
10 4 9 8 14 8 3 20 5 0 2 9 20 10 9
8 23 19 6 14 3 13 24 17 5 0 6 24 23 25
13 14 6 22 25 19 15 7 5 20 14 0 12 8 21
14 25 15 6 24 1 24 2 16 10 7 16 0 17 17
17 3 19 16 26 9 3 19 9 21 20 26 6 0 19
19 1 20 7 1 23 12 8 11 12 22 24 6 20 0

0 17 1 18 13 7 25 25 21 12 16 2 6 25 15
14 0 22 25 3 20 3 1 3 10 26 10 7 18 3
12 10 0 3 17 22 18 22 1 8 6 8 6 17 11
24 12 23 0 17 12 9 6 26 5 20 20 2 9 14
7 12 22 22 0 19 24 14 12 8 22 2 10 14 16
13 18 26 5 4 0 24 3 18 1 17 12 1 26 26
6 25 1 16 19 7 0 20 26 6 13 15 10 15 17
4 17 22 18 7 5 18 0 19 10 9 13 10 9 14
19 2 1 13 23 14 7 9 0 18 11 9 12 26 3
9 15 5 13 9 26 21 14 26 0 15 3 10 18 20
20 11 9 10 23 16 3 3 8 26 0 10 14 7 14
1 8 8 16 14 19 9 2 22 25 6 0 12 4 23
21 5 26 8 8 26 8 1 7 12 14 26 0 14 20
18 2 8 19 9 14 5 13 12 16 21 11 23 0 18
16 5 9 18 10 12 6 8 21 18 9 13 6 23 0

0 16 9 16 16 20 13 26 6 17 26 14 21 17 1
18 0 23 5 11 25 21 26 6 25 5 9 12 25 17
19 22 0 5 20 7 24 6 14 23 20 4 22 17 1
15 26 25 0 12 22 4 9 16 17 21 13 22 21 26
2 12 17 21 0 5 25 19 2 19 4 7 5 16 17
26 3 14 19 1 0 13 6 1 22 5 22 22 15 26
1 16 1 3 18 6 0 14 14 10 3 10 23 19 4
16 18 1 24 9 12 7 0 4 17 5 8 1 20 22
9 12 25 20 8 23 11 17 0 3 24 14 22 19 14
19 11 1 19 25 23 21 23 4 0 20 22 10 14 22
13 3 17 20 4 6 10 20 12 22 0 7 12 24 6
17 8 18 9 17 22 5 11 6 1 14 0 15 20 23
9 26 20 22 10 21 13 18 12 25 1 19 0 24 8
23 16 15 7 19 23 4 22 13 10 11 12 19 0 26
5 14 22 13 7 10 19 8 23 7 17 21 15 25 0

0 5 20 7 22 3 7 21 21 18 5 7 22 5 10
13 0 23 24 12 23 5 16 22 5 17 3 18 16 4
16 13 0 25 18 15 18 21 4 21 12 10 25 9 20
15 15 25 0 15 12 18 5 12 1 22 4 12 6 17
15 15 6 13 0 8 11 15 20 24 10 16 2 26 10
26 22 22 3 3 0 9 13 22 11 17 26 14 21 15
1 25 12 17 1 20 0 21 9 8 20 20 3 9 15
6 6 2 14 14 1 9 0 20 12 15 24 17 11 7
13 15 16 7 8 19 8 9 0 6 10 8 3 8 21
5 8 22 14 17 14 13 5 13 0 21 10 10 5 11
2 11 11 8 23 24 4 15 18 13 0 3 18 22 13
23 14 15 5 22 12 17 24 16 6 19 0 18 13 8
15 7 25 7 22 6 17 16 11 24 12 25 0 15 12
10 26 13 20 13 16 22 17 19 24 10 23 22 0 19
18 17 1 20 19 23 4 24 13 11 26 12 26 17 0

0 5 8 14 7 23 9 18 25 14 6 17 2 26 10
20 0 4 26 16 4 12 10 8 11 22 13 23 1 13
7 24 0 11 23 12 26 13 14 6 24 12 24 11 13
11 16 3 0 10 18 26 24 24 5 22 22 20 5 14
16 16 14 24 0 21 7 20 10 11 17 10 17 9 17
2 17 1 20 11 0 21 10 4 4 5 25 1 12 25
1 11 18 15 1 15 0 26 21 22 13 21 1 12 4
22 14 7 11 1 23 17 0 14 18 10 7 5 22 1
8 21 6 16 18 10 4 23 0 1 13 4 20 19 22
13 25 22 21 12 25 24 16 9 0 3 1 6 12 26
7 21 26 23 26 5 21 20 4 13 0 25 19 24 24
1 12 24 26 19 6 9 25 12 17 14 0 4 21 11
23 7 6 5 2 12 6 12 3 18 15 1 0 26 10
9 18 17 26 3 18 25 15 24 8 6 26 7 0 17
8 13 23 26 2 9 1 24 13 7 9 20 25 12 0

0 12 5 4 5 19 12 22 20 13 10 2 4 18 16
18 0 12 22 15 12 8 2 18 22 3 1 22 3 6
9 9 0 15 21 21 11 26 10 9 22 21 1 2 8
15 20 10 0 20 5 13 17 3 23 6 11 20 12 20
12 4 5 4 0 11 23 2 7 7 20 26 2 22 15
6 8 21 22 24 0 18 4 13 26 25 18 12 24 2
5 21 1 2 10 23 0 25 8 22 19 26 10 5 19
19 22 16 18 25 19 17 0 21 24 25 10 8 24 18
5 22 26 15 22 2 22 19 0 19 26 18 24 10 7
9 11 14 24 16 26 11 10 9 0 8 13 11 3 25
12 16 14 23 18 8 20 4 25 9 0 15 26 14 7
14 11 2 8 26 10 5 23 9 5 12 0 7 10 17
5 2 14 7 8 18 21 12 3 21 25 21 0 22 5
8 4 12 7 15 9 10 18 20 15 23 3 10 0 8
21 17 6 17 19 19 25 8 10 2 13 12 14 6 0
