30 10 2
10    1  0 66    1  2 84    1  3 26    1  7 29    2  9 94  7 94    1  6 98    1  8 7    1  5 98    1  1 45    1  4 43
10    1  3 32    1  0 97    2  6 55  5 55    1  2 88    1  8 93    1  9 88    2  1 20  5 20    1  4 50    1  7 17    1  5 5
10    1  4 43    2  3 68  9 68    1  8 47    1  9 68    1  1 57    1  6 20    1  5 81    1  2 60    2  7 94  3 94    1  0 62
10    1  1 57    2  5 40  2 40    1  0 78    1  6 9    1  2 49    1  9 17    1  3 32    1  4 30    1  8 87    1  7 77
10    1  0 52    1  4 30    2  3 48  0 48    1  5 48    1  1 26    2  9 17  2 17    1  6 93    1  8 97    2  7 49  5 49    2  2 89  7 89
10    2  7 95  2 95    1  0 33    1  1 5    1  6 17    1  5 70    1  3 57    1  4 34    1  2 61    1  8 62    1  9 39
10    1  7 97    1  5 92    1  1 31    1  8 5    1  2 79    1  4 5    1  3 67    1  0 5    1  9 78    1  6 60
10    2  2 79  0 79    1  4 6    1  7 20    1  8 45    1  6 34    1  3 24    1  9 26    1  5 68    1  1 16    1  0 46
10    2  7 58  9 58    1  9 50    1  2 19    1  8 93    1  6 49    1  3 25    1  5 85    1  4 50    1  0 93    1  1 26
10    1  9 81    2  6 71  9 71    1  5 7    1  1 39    1  2 16    1  8 42    1  0 71    1  4 84    1  3 56    1  7 99
10    1  8 9    1  0 86    1  9 6    2  3 71  7 71    1  6 97    1  5 85    1  4 16    1  2 42    1  7 81    1  1 81
10    2  4 72  1 72    1  3 24    1  0 30    1  8 56    1  2 43    1  1 61    1  7 82    1  6 40    1  5 59    1  9 43
10    1  9 43    2  1 13  8 13    1  6 70    1  7 93    2  0 95  6 95    1  8 12    1  4 15    2  2 78  0 78    1  5 97    1  3 14
10    1  0 14    2  6 26  7 26    1  1 71    1  3 46    1  8 80    1  5 31    1  4 37    2  9 27  0 27    1  7 92    1  2 67
10    1  2 12    2  0 43  9 43    1  5 96    1  6 7    1  3 45    1  7 20    1  1 13    1  9 29    1  4 60    2  8 33  3 33
10    1  1 78    1  5 50    1  6 84    1  0 42    1  8 84    1  4 30    1  9 76    1  2 57    1  7 87    1  3 59
10    2  4 49  1 49    1  7 50    1  1 15    1  8 13    1  0 93    1  6 50    1  9 32    1  5 59    1  3 10    1  2 35
10    1  1 25    1  0 47    1  7 60    1  8 33    1  4 53    1  5 37    1  9 73    2  2 22  3 22    1  3 87    1  6 79
10    1  0 84    1  6 83    2  1 71  5 71    1  5 68    1  9 89    1  8 11    1  3 60    1  4 50    1  2 33    1  7 97
10    1  1 14    1  0 38    1  6 88    1  5 5    1  4 77    1  7 92    1  8 24    1  2 73    1  9 52    1  3 71
10    1  7 62    1  9 19    1  6 38    1  3 15    1  8 64    1  2 64    1  4 8    1  1 61    1  0 19    1  5 33
10    1  2 33    1  5 46    2  4 74  7 74    1  0 56    1  6 84    2  9 83  7 83    2  8 19  7 19    1  7 8    2  3 32  8 32    2  1 97  6 97
10    1  4 50    1  3 71    1  6 50    1  2 97    1  9 8    1  0 17    1  7 19    1  8 92    2  5 54  1 54    1  1 52
10    1  8 32    1  1 79    1  3 97    1  5 38    1  9 49    1  4 76    1  6 76    1  0 56    2  2 78  1 78    1  7 54
10    1  5 13    1  3 5    1  2 25    1  0 86    1  1 95    1  9 28    1  6 78    1  8 24    1  7 10    1  4 39
10    1  7 48    1  2 59    2  0 20  9 20    2  9 7  6 7    1  5 31    1  6 97    1  1 89    1  4 32    1  3 25    1  8 41
10    1  5 87    2  0 18  3 18    1  9 48    1  2 43    1  1 30    1  6 97    1  7 47    1  8 65    1  3 69    1  4 27
10    1  6 71    1  5 20    1  8 20    1  1 78    1  3 39    1  0 17    1  7 50    2  2 44  1 44    1  9 42    1  4 38
10    2  0 50  7 50    1  9 42    1  3 72    1  5 7    1  1 77    1  7 58    1  4 78    1  2 89    1  6 70    1  8 36
10    1  3 32    1  9 95    1  2 13    1  0 73    1  6 97    1  8 24    2  4 49  6 49    1  5 57    1  1 68    1  7 94

0 13 25 23 25 5 12 25 18 19 4 25 1 24 21 14 14 19 13 14 1 26 14 7 3 3 1 24 7 22
4 0 22 19 11 4 20 8 2 17 25 13 8 3 25 15 5 17 26 2 26 1 11 17 11 1 24 23 18 14
21 18 0 19 5 8 25 6 10 2 18 23 2 10 1 17 4 17 15 1 15 21 20 14 9 23 21 23 17 26
12 9 22 0 13 19 5 16 2 2 14 12 14 14 26 7 1 24 16 20 10 3 9 17 21 10 10 22 9 21
26 15 20 12 0 21 12 13 19 21 21 8 15 11 3 14 8 19 1 3 16 23 17 11 10 3 13 4 8 2
19 22 6 20 23 0 18 23 18 24 12 16 25 2 16 6 4 19 15 23 24 16 25 6 14 17 14 23 10 10
3 8 19 19 13 2 0 1 5 17 18 6 20 2 6 14 19 7 5 18 7 13 11 16 24 6 12 7 22 6
3 21 17 21 1 10 3 0 2 16 13 14 17 4 13 14 26 3 24 4 19 13 9 21 12 21 8 18 11 25
10 9 2 8 26 9 20 21 0 9 2 26 9 10 2 24 4 11 8 20 6 25 17 2 12 20 22 3 6 5
17 24 5 17 6 26 8 10 19 0 7 7 6 13 25 24 14 14 19 11 7 2 2 22 21 6 9 9 23 3
9 11 20 7 10 2 12 26 1 15 0 7 12 3 11 5 1 11 20 23 26 12 11 16 22 20 16 20 11 25
21 19 2 12 11 4 13 23 12 14 18 0 21 8 22 9 8 23 1 26 11 9 2 15 19 5 4 25 6 25
17 21 13 19 22 5 9 9 26 25 12 3 0 23 5 10 5 23 18 19 16 2 24 7 10 13 17 23 5 26
21 19 21 8 11 12 2 25 2 20 8 20 9 0 2 1 24 10 26 14 2 9 13 24 26 24 1 18 12 13
5 8 13 15 24 19 2 21 19 26 14 19 7 16 0 6 20 15 10 23 9 21 1 22 2 15 18 13 22 18
13 9 24 16 4 9 13 10 3 20 11 24 17 19 16 0 18 5 2 23 17 13 19 15 8 13 16 22 13 20
20 20 26 20 14 6 18 2 6 20 13 9 18 8 23 18 0 5 8 20 4 18 19 9 10 21 20 23 21 21
17 3 20 1 9 5 8 25 16 8 7 25 6 16 20 17 12 0 17 7 18 26 5 3 15 22 11 10 14 25
21 1 1 26 17 13 1 2 19 9 10 6 16 11 18 25 3 26 0 2 24 3 5 20 4 15 25 13 4 19
10 23 26 15 18 13 22 4 21 24 19 3 15 9 8 1 5 2 23 0 23 2 1 4 24 10 13 18 6 1
18 20 8 13 4 11 18 3 19 8 24 19 25 20 3 5 21 25 14 14 0 24 3 11 6 7 10 17 15 26
1 9 1 1 20 22 13 10 4 9 2 24 13 2 15 14 15 23 23 23 21 0 5 19 26 16 25 17 2 10
6 6 21 13 8 1 18 8 10 19 16 6 26 25 15 26 2 8 14 9 9 15 0 6 10 2 21 22 2 2
4 17 10 15 14 1 16 14 15 10 10 18 11 17 22 23 6 11 7 15 6 24 14 0 5 9 9 4 14 8
22 18 18 5 18 22 8 26 10 7 9 6 5 8 17 21 9 24 20 8 13 21 4 21 0 8 13 23 18 15
14 26 26 1 20 19 10 25 22 6 25 20 6 21 17 24 6 21 13 22 6 22 26 11 12 0 25 18 15 23
15 23 4 11 3 16 20 26 17 18 21 3 23 10 25 11 5 21 24 1 5 9 23 5 10 24 0 14 22 14
24 5 19 18 5 24 18 2 12 20 25 8 25 13 19 15 21 25 20 1 18 21 13 24 7 16 7 0 7 25
3 10 21 23 16 12 5 7 14 12 16 19 6 5 16 12 21 26 18 4 18 19 2 10 6 24 22 20 0 14
8 20 10 11 20 1 20 21 4 15 12 10 12 18 18 24 13 22 11 11 16 11 21 21 17 4 10 2 20 0

0 10 2 23 11 7 10 14 20 6 20 12 22 15 16 16 3 16 4 3 8 9 1 20 3 15 11 13 22 26
14 0 8 15 6 1 20 15 25 11 8 6 16 13 1 1 22 16 16 25 2 26 18 6 15 12 26 17 10 14
13 19 0 5 16 3 21 22 24 26 12 26 10 11 13 13 22 25 23 5 20 12 20 6 24 7 6 16 20 26
1 7 23 0 25 12 16 18 9 16 1 4 14 4 2 26 23 8 21 9 5 3 3 13 26 2 18 10 24 9
6 23 26 23 0 8 7 12 17 24 23 24 25 12 8 22 19 16 6 9 18 16 14 15 15 3 10 23 18 25
20 25 13 25 9 0 14 7 7 16 19 24 8 16 15 12 19 25 17 5 24 12 9 18 10 5 1 17 23 2
1 26 18 17 16 14 0 15 17 10 15 5 11 5 7 26 23 18 6 3 19 15 20 14 20 20 15 13 4 10
20 3 1 4 23 23 4 0 25 7 24 9 11 14 22 22 18 22 9 5 17 5 8 16 9 18 8 18 3 16
19 23 15 2 1 14 24 1 0 2 14 11 13 9 23 26 22 8 5 23 22 8 6 11 21 3 4 19 22 2
21 18 23 6 4 17 11 1 15 0 19 15 16 17 14 9 8 20 25 26 19 8 21 9 10 3 13 7 15 16
15 23 11 23 8 19 17 10 19 1 0 16 10 23 7 23 6 4 21 1 2 1 17 5 20 20 23 18 5 23
18 1 22 4 20 13 4 24 24 17 24 0 13 20 23 8 26 5 7 26 25 1 22 16 16 10 22 18 18 7
4 15 9 24 22 24 9 25 9 2 26 10 0 15 3 9 19 18 1 8 20 25 1 21 20 24 10 6 17 18
3 1 19 23 4 15 9 21 4 3 4 11 25 0 25 8 24 23 16 8 16 16 12 23 19 18 8 24 13 22
11 22 5 8 7 10 25 14 11 9 9 25 16 8 0 26 18 5 15 9 4 17 11 10 8 24 7 8 10 8
11 9 7 12 24 7 18 7 14 16 21 10 1 14 1 0 17 14 25 18 16 13 15 26 5 17 12 26 2 10
15 18 9 4 4 16 9 1 22 13 20 1 26 15 9 11 0 14 12 21 22 6 25 17 12 23 14 22 24 17
21 2 1 2 7 6 13 9 18 6 17 13 20 4 6 14 9 0 15 22 26 21 1 7 9 12 20 5 25 2
3 7 8 8 17 18 1 25 15 23 7 19 4 1 11 15 1 2 0 24 12 2 5 17 21 17 25 18 4 8
7 4 14 11 16 20 22 2 17 8 20 24 23 13 19 24 15 18 3 0 4 26 22 18 1 26 15 22 18 18
5 3 8 10 22 25 18 6 25 20 25 20 8 16 14 24 9 15 4 24 0 19 24 12 4 18 1 24 14 14
17 11 25 6 21 18 22 14 21 20 25 5 9 16 10 20 1 24 5 5 6 0 4 7 23 2 19 5 26 14
12 23 4 22 18 2 5 3 16 17 9 8 2 5 18 3 1 7 16 9 10 20 0 18 26 22 15 2 19 12
8 16 6 2 13 8 7 2 24 19 21 25 5 22 16 20 22 4 25 25 1 8 22 0 12 26 3 20 7 14
1 18 21 14 6 8 6 23 13 7 19 12 11 13 22 13 22 16 23 25 16 24 10 25 0 21 10 19 18 26
13 1 9 21 7 13 3 10 10 1 10 2 2 7 13 18 16 24 21 18 21 12 3 11 1 0 13 25 1 19
19 3 20 13 10 13 10 14 26 18 20 4 22 16 20 11 20 26 21 17 21 7 7 18 11 20 0 2 14 1
7 8 5 21 21 15 7 12 18 20 4 21 13 24 17 23 5 15 7 6 2 24 23 25 10 22 7 0 13 6
11 24 15 24 24 18 17 24 2 22 9 24 11 15 13 11 15 5 8 24 24 2 16 15 21 1 25 26 0 25
12 7 8 1 16 8 25 21 5 20 19 5 17 19 6 2 14 6 15 14 16 1 7 18 26 9 25 2 20 0

0 17 20 19 8 9 25 6 2 13 4 3 5 21 19 10 26 2 12 22 6 14 4 11 8 2 14 20 2 17
3 0 5 26 12 17 5 15 16 9 1 4 25 5 4 6 7 18 4 18 9 2 10 9 19 13 20 6 7 26
6 14 0 22 5 2 6 5 20 18 9 18 18 24 25 5 13 21 7 24 11 16 22 14 12 7 6 23 19 17
12 2 3 0 11 5 3 1 15 19 10 24 8 23 9 22 26 20 24 4 10 14 13 8 1 2 16 3 18 19
6 3 24 4 0 3 4 17 16 24 7 16 24 26 9 22 9 6 25 2 9 23 22 3 1 23 23 3 25 1
13 20 18 2 21 0 22 17 6 5 13 13 3 5 15 7 9 20 11 20 4 13 4 17 21 8 15 4 16 14
20 21 6 9 2 24 0 10 5 24 11 20 14 21 25 16 14 25 13 24 6 19 4 2 21 25 16 1 11 10
11 18 24 1 3 7 17 0 7 7 16 1 20 12 18 15 24 8 15 16 8 5 8 23 19 11 8 5 7 23
19 16 11 19 4 6 24 20 0 21 22 12 23 19 3 19 25 4 17 7 14 18 17 12 3 24 5 15 6 19
6 11 7 13 10 4 19 18 2 0 5 6 21 8 2 24 20 8 7 22 2 22 25 2 2 13 3 14 10 18
25 6 10 8 4 23 19 6 9 21 0 6 16 25 8 15 21 11 23 19 20 26 10 3 16 19 19 7 1 6
6 17 3 10 2 19 10 19 16 13 19 0 10 10 12 25 20 18 3 17 5 2 6 10 18 17 21 20 5 12
11 19 7 24 17 26 3 21 7 23 25 22 0 25 25 23 20 12 20 13 24 15 1 10 13 4 7 3 25 15
22 3 26 3 1 26 13 19 24 8 1 17 1 0 19 10 11 18 4 9 15 16 19 2 15 19 11 14 7 17
23 17 24 6 5 20 7 16 19 4 20 20 16 22 0 12 2 1 2 4 18 9 11 21 20 8 2 16 26 8
23 10 8 5 26 10 15 3 3 25 19 26 7 16 14 0 21 10 10 5 22 8 24 3 19 7 9 2 25 25
21 3 1 23 4 1 11 6 16 6 4 3 16 1 5 21 0 19 13 10 25 10 12 16 22 16 8 9 12 21
9 17 22 7 19 13 7 6 1 2 20 5 26 17 5 23 13 0 6 25 19 13 2 23 7 19 16 5 17 6
25 15 25 16 6 26 1 16 4 22 13 21 7 19 1 1 12 22 0 12 4 14 22 2 9 5 21 3 1 21
5 10 16 14 19 22 1 22 16 15 4 5 7 22 21 24 13 10 16 0 18 1 1 22 18 6 12 15 14 14
18 24 15 6 15 5 21 20 18 15 5 24 19 17 2 19 5 12 15 15 0 7 9 6 10 13 19 1 3 26
9 15 11 5 19 2 7 5 26 6 3 2 7 7 14 7 4 4 9 3 15 0 26 10 25 17 1 2 22 5
3 8 16 2 12 20 5 1 11 11 26 24 9 4 17 17 6 13 14 10 14 8 0 2 15 11 8 8 14 8
20 21 22 22 5 6 25 7 25 21 5 24 16 18 17 14 1 17 4 16 14 22 9 0 23 16 16 8 7 19
25 16 12 7 20 26 22 9 4 23 16 6 3 23 5 10 3 22 5 6 21 13 24 15 0 6 12 16 5 3
13 2 24 16 12 1 21 8 21 7 6 12 1 7 24 21 19 18 21 11 20 12 11 24 18 0 3 11 17 1
16 1 11 13 19 13 21 23 15 19 14 9 1 2 3 20 1 16 22 10 10 5 11 17 9 4 0 18 6 6
16 19 2 5 10 3 25 21 11 10 13 20 8 15 20 25 17 4 5 9 25 9 26 8 2 19 26 0 17 8
3 26 5 12 26 26 6 22 1 16 8 17 18 2 18 5 4 8 15 10 3 16 21 11 24 19 26 2 0 14
2 25 25 12 13 14 25 26 18 5 1 4 10 11 26 14 14 19 5 22 16 1 2 3 12 19 11 24 24 0

0 21 6 25 20 6 2 18 22 5 11 16 25 13 9 16 6 10 9 10 17 16 13 9 19 22 24 12 18 25
17 0 16 12 3 3 6 20 13 13 8 13 25 6 13 4 23 12 13 20 26 13 15 10 14 26 22 5 12 19
4 1 0 16 14 22 11 16 19 13 16 16 17 23 25 26 4 6 19 5 22 18 6 17 7 18 20 22 17 6
25 26 23 0 14 24 15 17 20 17 16 26 18 18 26 25 5 6 7 5 26 16 23 2 4 1 6 4 13 5
13 18 20 16 0 11 17 7 12 23 20 3 22 1 17 10 14 21 24 22 20 8 9 11 21 13 23 11 5 8
20 8 20 2 19 0 16 11 10 10 14 23 21 25 3 11 5 21 6 16 3 11 11 24 5 26 6 6 13 25
18 15 20 12 21 24 0 11 14 7 7 9 24 21 15 26 1 26 15 24 15 11 6 1 17 11 17 19 24 11
4 21 8 25 5 13 10 0 15 10 13 14 24 15 12 16 11 16 2 9 26 24 8 8 17 19 25 13 16 4
1 23 22 22 9 2 14 13 0 8 26 10 25 8 8 5 15 24 17 18 24 11 24 1 11 11 26 10 18 22
12 17 26 24 24 23 2 3 22 0 6 3 16 23 17 23 2 24 24 1 12 3 21 16 14 20 24 15 24 5
12 25 5 21 9 9 2 24 16 8 0 3 24 1 23 22 5 3 26 8 9 26 14 20 3 12 2 24 24 18
15 22 9 14 19 17 4 21 16 17 15 0 20 9 2 19 20 19 24 4 2 12 10 5 24 14 20 20 24 12
6 11 3 24 22 2 13 26 24 9 25 13 0 11 18 6 19 21 11 18 24 17 11 16 11 12 24 26 23 12
9 6 9 5 11 13 23 6 20 25 18 14 19 0 9 8 1 22 15 16 1 21 13 20 21 10 24 11 16 16
17 4 9 17 11 11 15 15 13 4 17 26 10 4 0 26 4 7 24 1 3 18 22 5 20 18 3 7 12 8
7 11 15 5 19 15 16 13 10 11 2 5 4 6 8 0 7 1 14 19 23 6 21 3 17 2 14 14 5 13
14 8 18 3 20 14 12 15 17 16 18 5 5 23 2 1 0 18 3 5 3 14 7 15 7 5 1 23 17 16
7 17 14 13 22 10 3 7 9 26 5 15 25 5 7 16 21 0 12 6 7 17 19 4 23 12 15 7 13 4
21 13 9 19 7 7 5 7 14 17 13 23 4 1 24 20 13 20 0 8 13 13 3 17 26 19 2 12 10 25
14 5 17 2 2 1 25 10 12 22 17 8 7 8 25 20 14 5 22 0 2 26 8 14 22 26 1 5 7 20
5 4 3 1 21 9 19 2 21 4 15 25 2 22 3 10 22 4 15 23 0 18 11 6 3 26 10 1 23 24
7 8 15 10 1 20 17 7 5 21 24 12 14 4 18 20 7 12 22 18 19 0 9 17 3 20 20 18 18 2
3 19 20 3 17 12 15 19 8 19 7 3 24 10 3 4 4 14 17 12 9 12 0 3 11 20 4 11 14 21
14 26 19 13 21 21 25 8 3 1 3 17 9 22 16 9 10 17 25 19 20 1 19 0 2 14 14 9 17 23
23 24 21 24 16 16 21 10 6 14 19 1 13 15 8 9 5 16 12 4 4 17 21 21 0 16 9 9 3 6
20 23 17 13 19 22 16 7 13 26 24 13 13 17 17 12 15 11 10 15 18 9 4 18 25 0 9 8 19 26
18 21 14 8 23 7 18 14 13 2 2 12 17 16 6 19 26 25 19 13 20 11 23 21 2 4 0 25 11 13
13 2 13 13 6 12 25 17 11 3 22 8 10 26 11 20 20 10 24 14 17 6 3 14 1 26 13 0 11 20
18 22 9 7 23 14 18 14 26 21 26 5 6 24 19 21 19 22 20 9 22 25 11 15 17 12 17 20 0 11
5 2 24 19 16 19 1 9 16 18 11 17 21 5 26 7 6 19 10 18 16 17 21 10 11 26 4 16 5 0

0 13 6 24 26 23 8 21 1 15 13 16 10 4 15 17 3 21 3 20 2 1 19 17 4 24 1 18 18 19
25 0 10 17 22 22 8 12 18 20 2 9 14 1 1 12 20 6 13 17 24 10 2 19 20 3 8 12 16 8
18 14 0 17 17 23 16 19 17 17 16 10 21 1 5 12 19 9 19 8 3 4 15 4 23 13 7 19 19 4
23 8 25 0 11 20 17 7 7 22 6 20 15 24 3 24 6 2 8 22 20 12 9 11 5 2 2 21 16 8
10 11 10 19 0 21 25 10 2 10 9 9 12 4 6 22 19 15 4 11 13 19 15 13 2 11 4 17 6 21
12 18 13 17 6 0 16 11 2 17 9 14 19 12 11 14 9 21 18 7 24 2 1 17 1 16 19 12 5 19
10 24 26 18 7 21 0 17 20 9 16 20 11 22 2 7 26 11 18 1 1 23 25 15 8 11 4 8 4 11
4 8 4 11 14 13 21 0 18 10 21 26 24 22 22 15 3 10 4 15 22 6 17 3 12 21 7 26 11 23
11 22 18 21 1 11 22 12 0 24 6 15 24 20 10 15 7 23 26 21 19 15 25 26 13 4 2 21 24 7
20 8 5 13 20 24 13 2 15 0 9 11 9 10 16 19 6 9 13 3 20 4 15 17 22 15 18 15 4 14
21 5 4 11 21 17 9 9 25 15 0 12 7 16 19 2 12 5 13 20 8 15 19 21 21 12 18 6 21 10
14 12 24 20 2 26 9 10 8 20 15 0 21 10 3 5 25 17 5 6 23 11 12 6 16 15 25 19 10 2
10 21 15 9 12 3 26 26 5 4 26 2 0 15 12 13 20 24 2 13 13 26 1 7 17 3 26 10 12 21
13 17 11 6 20 22 25 25 9 14 8 22 10 0 8 9 3 3 10 21 15 19 23 14 17 25 25 6 13 22
13 12 4 18 16 18 3 1 7 26 9 1 13 14 0 13 24 14 16 21 14 16 1 5 15 19 4 18 13 11
1 2 16 14 18 24 10 8 8 14 23 25 1 1 25 0 1 17 21 6 16 13 13 9 17 9 14 16 21 1
23 25 6 9 17 3 6 26 6 19 3 22 6 26 21 2 0 5 6 16 8 10 21 9 18 19 9 6 15 9
11 26 24 8 20 8 2 13 3 10 9 25 3 18 7 12 16 0 20 9 5 20 6 25 4 5 14 9 20 22
13 2 7 20 24 15 10 7 8 11 20 22 16 12 12 14 14 15 0 19 12 13 3 19 11 6 14 15 5 9
4 13 21 21 4 5 7 20 21 12 17 7 16 20 18 22 26 9 18 0 5 4 20 7 12 20 14 13 3 12
1 16 20 21 25 14 11 17 6 17 1 12 2 20 25 8 23 25 25 14 0 2 15 2 23 2 4 19 24 23
12 8 21 10 13 20 15 9 16 1 25 26 15 18 26 6 26 10 3 24 25 0 22 8 1 6 1 20 2 24
10 2 10 11 9 2 18 11 14 21 11 21 6 21 21 4 26 5 4 1 16 9 0 12 21 17 23 7 24 8
17 3 7 21 16 5 4 5 11 9 18 23 14 1 26 1 4 14 13 10 19 6 9 0 11 20 6 13 15 19
6 21 6 18 14 3 2 22 24 26 2 7 11 10 5 11 8 21 22 7 13 1 21 7 0 4 3 10 10 14
19 10 1 6 11 11 7 2 14 20 24 17 3 11 10 25 22 7 13 9 19 18 16 3 5 0 10 19 12 7
17 25 25 25 23 20 25 10 1 4 10 9 10 2 25 8 14 9 15 24 1 7 10 23 11 20 0 1 15 24
2 4 16 13 19 4 18 23 26 24 21 23 22 9 4 11 15 17 21 22 20 4 4 18 3 13 3 0 8 25
21 26 25 9 7 20 10 22 24 4 22 24 20 17 18 18 13 12 16 14 14 24 4 22 8 16 12 3 0 7
3 8 9 8 17 18 26 3 26 10 16 5 24 13 20 3 6 19 5 5 22 10 19 5 5 9 1 2 9 0

0 19 21 22 26 22 17 12 4 12 11 9 19 5 11 25 21 7 15 21 19 9 20 22 17 5 26 3 14 26
24 0 15 22 10 7 23 7 4 25 25 18 8 22 3 16 14 11 10 25 5 15 12 26 3 1 22 20 2 26
15 15 0 3 19 1 6 26 11 14 14 12 11 24 3 20 15 13 10 11 5 23 26 8 16 13 20 10 21 22
26 10 3 0 16 25 10 2 6 20 11 23 18 4 8 12 2 15 26 19 2 6 13 10 9 23 9 7 17 2
13 11 12 26 0 20 13 10 20 26 26 5 3 9 22 5 2 26 3 9 18 6 20 19 4 16 9 15 24 17
16 1 9 3 17 0 21 17 16 19 2 24 2 22 5 13 17 9 25 21 17 2 14 14 9 23 7 26 3 25
23 23 6 7 20 11 0 4 4 1 4 2 13 25 17 19 1 3 6 8 8 10 8 7 19 14 6 4 23 9
1 15 6 20 24 18 6 0 11 26 8 11 20 4 6 16 22 17 15 10 24 15 26 19 15 9 24 11 2 8
9 19 15 16 18 8 2 9 0 13 2 16 15 8 15 19 26 26 18 14 22 8 22 13 17 15 1 6 13 11
12 7 9 2 10 7 11 1 19 0 25 1 3 8 16 15 3 25 10 8 17 26 11 11 23 14 14 4 8 15
6 3 4 12 17 7 23 9 9 12 0 17 25 7 7 6 16 10 15 8 17 23 22 24 13 2 16 17 21 5
26 18 24 11 14 9 24 20 26 23 4 0 17 1 23 24 8 14 25 13 13 8 3 24 17 9 25 17 20 16
3 3 2 15 19 13 3 14 7 3 10 19 0 9 17 21 19 14 7 4 19 17 18 22 21 23 11 16 13 20
6 26 15 23 16 24 11 24 6 2 7 26 4 0 23 22 6 24 20 4 18 8 16 12 19 21 3 5 24 9
2 20 4 22 22 7 13 8 11 3 9 4 22 22 0 14 21 25 1 23 9 13 20 17 18 7 15 16 9 12
26 17 3 4 26 16 11 21 21 4 4 2 10 12 13 0 13 10 6 9 19 22 11 8 10 9 3 16 9 25
17 8 16 25 15 10 12 13 20 16 8 22 24 22 7 17 0 9 8 4 14 24 21 20 21 10 20 7 10 10
2 24 7 20 25 11 9 18 19 11 9 6 2 11 7 24 4 0 5 5 16 14 13 3 23 22 2 21 10 18
1 23 8 10 9 14 15 22 22 25 10 25 9 19 24 16 21 24 0 21 1 17 1 19 16 11 8 14 3 11
18 2 15 3 21 23 12 12 7 3 22 9 19 18 5 25 8 2 7 0 17 9 23 11 19 8 16 16 15 12
14 12 21 14 20 14 19 14 11 23 7 10 11 8 7 7 14 21 14 2 0 17 4 3 11 14 24 25 21 1
17 6 12 19 7 14 17 23 12 9 4 3 17 14 23 11 16 10 5 24 5 0 17 10 17 4 13 2 9 22
19 4 7 17 14 6 17 24 2 15 26 15 4 19 4 21 12 17 2 16 10 26 0 13 13 4 15 14 3 4
5 3 17 23 7 10 8 4 18 6 11 9 23 18 3 23 7 11 9 2 20 14 23 0 25 18 20 7 8 9
26 15 24 13 1 20 5 24 10 21 18 13 15 5 25 9 6 1 4 4 3 18 6 15 0 16 19 6 12 18
7 26 24 1 2 5 2 9 5 3 26 22 22 19 22 8 14 18 16 14 10 25 10 4 4 0 2 4 6 11
17 7 8 19 16 11 5 11 6 9 10 13 20 12 10 19 1 3 11 22 10 15 26 14 12 26 0 11 7 20
11 23 19 10 26 5 22 2 1 10 8 15 10 21 7 10 4 17 11 7 22 1 24 11 6 24 20 0 18 21
19 20 25 10 8 8 7 16 24 3 1 17 14 13 7 17 19 6 12 20 15 7 4 3 17 23 1 21 0 21
4 26 13 25 6 17 24 6 8 18 13 21 6 20 12 24 15 18 25 11 6 21 12 26 21 9 14 10 9 0

0 18 24 18 4 16 26 5 6 6 8 20 1 4 26 7 6 15 14 15 2 3 1 26 16 3 8 3 8 4
20 0 24 4 25 13 10 17 5 3 6 21 4 3 24 16 11 4 26 1 25 12 5 18 20 15 2 11 8 7
17 20 0 9 8 1 5 26 25 20 25 8 18 15 13 15 10 10 23 8 25 2 21 20 25 25 7 7 9 18
9 12 25 0 1 13 1 2 5 4 25 2 26 6 26 1 14 26 16 12 23 16 2 8 3 17 12 11 9 3
12 19 26 8 0 25 2 6 9 17 5 9 17 20 2 4 6 25 25 21 18 3 21 9 10 15 18 18 3 14
9 12 20 16 2 0 20 12 19 23 24 24 3 10 9 14 8 20 24 1 9 12 8 8 6 6 10 8 22 14
17 22 23 23 13 22 0 24 4 19 3 8 14 12 17 19 23 24 18 19 21 8 7 18 14 5 13 18 3 15
13 18 21 18 2 10 5 0 10 21 4 21 11 16 9 3 1 3 2 10 5 12 14 23 8 5 26 5 2 8
15 9 14 15 16 17 8 2 0 3 7 13 11 7 20 11 16 11 13 25 7 21 10 2 14 3 8 2 11 1
14 7 8 1 8 3 26 22 7 0 1 22 21 25 14 21 15 15 25 4 20 4 8 17 11 10 5 16 14 19
25 19 23 8 7 14 26 19 19 15 0 5 17 15 8 17 24 1 22 14 13 16 3 24 22 13 19 9 24 15
25 24 20 12 26 2 17 20 16 9 10 0 7 18 14 2 2 24 16 13 21 5 7 20 16 7 7 6 22 1
19 1 25 22 4 8 13 12 24 3 26 14 0 14 18 9 17 12 18 15 16 5 15 21 23 1 20 3 9 1
3 18 26 1 11 21 7 25 25 26 2 26 3 0 3 16 18 25 9 22 13 3 4 7 11 6 11 25 21 9
15 26 25 12 22 22 25 13 15 3 4 13 21 12 0 12 25 14 16 10 25 18 17 6 7 26 22 13 3 25
7 10 6 9 24 2 7 13 20 26 6 10 21 4 19 0 8 25 12 15 8 15 18 8 15 14 18 14 2 1
21 15 10 26 9 10 7 10 6 22 4 5 19 3 14 18 0 21 5 7 10 1 17 6 17 25 16 21 18 22
10 6 1 6 16 26 4 9 18 10 2 8 15 26 21 3 10 0 25 7 10 18 8 19 23 3 22 13 21 10
24 7 10 7 7 17 24 18 4 25 26 3 6 12 20 7 26 12 0 19 14 5 15 3 24 8 1 17 24 23
3 26 4 12 26 1 14 5 4 6 3 23 2 18 5 22 21 24 17 0 2 20 9 5 4 1 11 5 20 14
9 21 19 24 23 9 8 25 12 19 23 11 4 23 14 1 6 18 4 2 0 5 22 14 15 8 24 1 22 20
10 5 13 23 8 26 1 18 9 5 11 15 7 4 23 5 24 21 23 26 24 0 8 23 2 7 26 12 18 25
9 18 12 19 20 8 11 22 25 10 24 12 7 18 5 23 10 19 24 16 13 6 0 16 1 11 10 13 5 20
17 1 17 24 6 17 16 9 10 1 18 12 13 5 25 10 10 24 25 3 10 21 18 0 26 14 26 4 15 10
3 26 6 9 3 20 5 15 1 8 11 9 22 2 21 20 8 3 11 21 7 3 15 22 0 25 23 10 14 24
5 18 24 15 16 16 18 4 3 5 21 12 14 3 14 9 15 6 17 17 8 25 10 11 23 0 13 25 23 19
17 6 8 6 11 2 14 2 7 19 2 18 24 20 18 1 16 20 7 9 4 24 13 12 20 21 0 21 19 21
25 17 5 17 11 24 7 25 5 24 7 22 14 26 8 13 5 7 11 1 19 19 1 17 10 21 26 0 2 23
19 4 14 20 3 10 15 16 1 1 24 15 4 1 26 3 7 9 10 2 7 11 21 15 8 20 17 2 0 17
21 6 20 10 24 22 1 11 24 20 18 14 4 14 1 6 4 6 7 7 22 11 25 1 6 8 19 9 19 0

0 26 6 10 12 8 14 24 22 25 25 21 24 14 21 5 12 17 15 18 8 3 11 2 14 7 11 26 6 13
20 0 19 21 22 25 7 1 9 21 11 23 6 6 26 13 10 14 25 23 24 8 22 7 6 17 12 3 25 18
15 8 0 22 12 13 4 18 12 23 8 5 26 12 6 24 15 21 20 3 13 11 8 3 5 8 26 6 5 1
8 22 18 0 20 16 23 3 8 11 12 10 25 19 5 11 14 5 21 13 25 26 23 24 10 6 25 1 13 17
23 8 10 19 0 7 23 20 1 5 23 11 16 11 11 19 22 22 5 16 21 15 8 26 13 13 24 3 2 26
25 7 7 14 23 0 18 24 25 22 26 11 25 21 5 13 22 18 6 18 7 7 23 21 21 3 13 1 23 21
14 16 26 24 23 12 0 25 3 11 23 5 3 22 3 18 15 12 17 1 18 15 10 13 18 6 9 4 3 21
14 13 5 23 12 19 16 0 26 8 24 13 24 5 16 3 11 13 8 7 23 4 12 18 11 25 1 3 22 2
22 12 4 16 7 6 26 4 0 5 4 21 7 23 18 14 19 10 8 12 19 8 13 18 18 4 14 18 24 22
14 18 15 12 1 13 2 19 15 0 9 9 11 24 17 21 12 15 2 10 21 12 10 18 12 9 10 25 13 24
11 14 2 8 5 25 2 6 8 3 0 4 12 13 1 19 23 22 7 17 15 19 5 4 22 2 10 4 2 16
25 22 5 13 13 26 13 25 4 22 13 0 23 1 10 17 18 6 10 1 26 1 16 1 1 16 2 6 15 19
25 5 24 15 6 25 26 19 17 14 9 5 0 17 7 5 8 19 6 15 8 2 6 3 11 16 4 4 1 6
4 19 25 19 9 19 9 26 22 12 3 24 8 0 11 9 10 11 5 20 16 10 6 1 10 1 16 7 22 7
21 5 4 3 1 8 25 2 16 25 1 5 17 15 0 5 2 9 15 6 15 24 8 26 21 8 10 22 11 1
1 9 21 18 9 18 8 15 19 9 22 20 23 8 8 0 8 2 3 9 19 15 14 14 12 24 2 10 14 11
10 16 15 7 6 14 9 18 13 20 10 23 11 21 1 21 0 25 13 24 14 20 10 3 24 13 26 9 6 18
19 11 18 9 11 19 21 16 6 20 14 26 2 15 1 19 3 0 20 8 11 17 7 22 2 15 20 5 15 14
18 23 12 3 12 7 16 6 9 9 10 25 23 20 23 2 16 9 0 14 18 20 9 26 18 22 4 23 19 9
23 3 4 15 15 19 24 23 13 7 7 22 21 14 6 12 13 14 21 0 21 17 9 6 16 25 21 15 12 1
6 17 4 21 8 12 16 24 14 1 1 5 7 3 6 9 19 13 17 16 0 14 20 23 13 2 19 4 19 11
16 23 16 18 16 26 7 2 19 23 22 4 15 17 7 4 18 4 21 18 3 0 19 10 9 14 3 25 5 12
13 14 12 22 17 16 5 20 25 3 3 1 5 2 26 13 16 21 20 14 22 25 0 13 3 16 4 19 3 3
15 23 26 24 25 21 13 13 8 3 1 11 10 21 9 8 16 24 16 14 15 15 9 0 7 12 12 13 24 18
16 20 1 16 1 26 10 5 15 22 18 2 20 22 25 8 26 20 13 12 6 4 21 23 0 5 26 3 5 14
16 3 1 11 18 12 6 4 20 9 25 6 15 15 10 25 4 5 8 21 8 9 21 15 21 0 9 11 17 12
15 5 18 19 16 6 2 21 12 24 3 13 13 14 23 15 24 9 10 24 7 5 3 7 13 21 0 8 20 24
14 25 11 15 26 10 9 15 11 8 12 23 2 26 17 14 1 10 2 3 11 18 5 24 17 17 8 0 25 15
20 4 23 23 5 13 5 14 14 26 11 7 10 10 7 24 15 13 9 14 6 1 2 2 5 6 23 18 0 10
20 21 11 14 20 20 18 19 18 7 8 8 12 10 26 3 8 13 16 6 1 14 6 17 3 23 14 24 18 0

0 25 10 11 2 24 2 21 8 13 26 11 5 7 10 20 11 14 6 13 23 16 23 19 15 11 8 10 11 23
20 0 16 3 16 24 16 8 10 21 20 6 15 1 23 6 5 10 15 6 3 11 12 23 9 2 9 5 4 24
23 3 0 13 25 15 14 7 11 25 4 2 1 22 22 11 8 2 12 21 19 19 23 5 22 11 3 6 14 15
5 15 12 0 26 6 9 19 26 4 2 8 5 18 14 6 26 13 2 12 22 9 17 25 5 3 19 11 5 2
19 13 22 3 0 1 7 4 2 3 4 17 1 7 8 15 16 18 11 15 4 15 13 18 19 26 5 23 25 23
25 17 1 5 23 0 8 14 25 26 11 3 18 20 23 2 1 1 23 2 7 6 5 16 13 3 18 11 11 23
8 16 5 23 4 6 0 24 19 22 8 10 17 17 14 4 7 24 26 19 14 3 26 10 21 8 24 4 16 21
11 8 5 16 15 21 14 0 16 16 13 7 13 11 26 17 1 12 5 6 3 17 11 9 25 24 25 6 19 2
9 11 1 8 24 15 16 5 0 17 14 10 15 5 3 4 9 4 17 21 22 8 3 19 17 25 13 21 24 20
3 15 20 15 18 3 11 18 21 0 8 20 24 21 6 16 14 24 21 17 22 4 21 2 10 2 17 16 10 18
1 22 4 21 4 26 15 9 16 25 0 25 1 5 24 18 10 1 9 4 4 12 17 5 18 6 14 20 10 18
18 10 17 12 26 3 24 13 20 16 19 0 21 16 12 13 2 6 24 14 2 3 25 22 25 8 3 21 17 16
18 14 24 6 10 26 24 20 25 17 16 5 0 23 9 20 13 19 14 15 26 24 11 10 14 5 5 15 24 20
15 3 14 24 24 25 3 11 13 16 10 21 23 0 8 21 5 6 21 25 3 4 19 16 22 19 13 20 3 24
6 20 16 15 25 10 12 13 10 6 2 4 22 14 0 10 5 11 5 2 20 6 25 4 22 26 20 18 24 3
6 13 2 11 3 21 26 14 16 2 11 15 8 10 20 0 17 6 17 15 21 2 12 1 9 17 11 1 24 3
1 18 2 25 25 16 22 7 19 1 5 21 9 19 2 15 0 25 19 14 18 11 10 25 8 24 21 18 8 25
22 16 6 24 25 15 11 13 25 18 16 6 9 18 12 19 21 0 18 25 21 10 3 24 16 12 4 9 6 10
10 16 13 10 22 18 15 3 2 19 19 16 21 24 25 13 2 6 0 2 2 21 18 7 15 2 6 13 8 23
9 22 23 25 23 11 19 21 19 9 21 10 24 16 18 19 2 15 4 0 25 3 16 11 24 14 17 21 6 16
8 24 23 13 19 8 15 9 8 21 18 14 4 16 12 5 16 24 26 11 0 6 25 6 9 14 21 3 23 9
24 5 4 18 21 23 20 18 24 2 7 5 8 11 2 9 19 18 2 10 4 0 1 5 8 11 13 14 2 13
24 20 6 12 23 16 12 20 20 6 7 15 3 13 3 6 14 7 4 25 18 9 0 7 20 3 23 20 6 24
5 15 2 8 12 24 16 23 2 6 11 14 2 10 21 5 1 20 8 21 4 24 18 0 20 3 24 22 20 17
18 5 13 3 3 11 8 4 12 10 12 13 12 19 22 11 16 3 23 15 2 5 15 20 0 6 25 14 1 23
8 23 20 4 10 2 8 3 22 12 12 19 16 15 10 22 17 2 8 23 25 25 6 25 11 0 17 9 12 6
16 9 23 20 4 25 7 11 4 14 2 19 15 15 14 2 5 21 11 17 5 21 21 10 24 8 0 11 14 22
7 25 4 18 21 8 8 22 2 26 14 20 17 24 24 21 11 3 2 9 13 18 7 20 13 17 18 0 20 18
24 3 4 10 22 18 8 8 4 24 2 6 20 5 21 16 1 10 20 18 12 4 11 2 5 19 4 21 0 20
9 15 5 12 14 5 18 5 2 1 18 18 21 17 4 24 22 12 4 18 19 9 13 26 15 13 22 20 25 0

0 4 22 5 15 12 24 3 11 25 8 19 17 11 14 25 3 2 25 3 2 15 16 12 4 26 1 7 3 14
23 0 14 26 6 24 6 11 20 13 15 25 15 18 23 21 12 14 16 25 1 21 21 15 13 8 9 12 12 14
1 8 0 9 2 25 24 24 18 6 7 4 22 20 11 26 21 2 2 24 8 17 25 22 9 16 20 17 14 4
24 6 16 0 4 4 23 21 2 16 9 2 13 20 12 21 12 14 11 6 21 13 14 19 12 12 16 9 8 16
2 10 22 24 0 10 23 11 9 13 19 2 6 13 1 9 17 24 5 1 24 15 8 8 17 20 6 25 3 9
20 4 1 3 16 0 9 15 18 2 8 25 4 16 11 21 25 15 24 1 16 22 7 20 14 4 11 21 23 2
3 2 15 15 7 20 0 2 18 14 10 2 5 8 22 15 21 20 8 9 7 15 6 25 9 22 19 6 26 25
10 23 21 1 20 13 23 0 11 18 18 5 6 2 10 21 3 17 19 7 8 1 13 19 20 11 17 9 8 6
8 4 18 25 15 3 17 8 0 12 17 15 23 23 21 21 3 2 9 19 21 1 9 22 3 8 6 4 7 24
21 24 24 17 3 10 8 25 8 0 2 21 2 13 18 19 26 3 1 16 23 26 2 26 13 6 9 10 22 17
16 7 17 20 7 7 7 8 10 20 0 9 6 17 10 15 17 26 3 25 25 12 10 20 17 8 19 5 6 4
26 1 5 22 22 10 10 21 13 12 16 0 15 22 19 2 10 2 6 5 4 1 4 25 15 10 25 17 20 19
24 9 21 14 21 24 6 12 9 15 12 21 0 25 8 7 6 15 5 12 15 9 19 18 10 1 16 9 14 20
14 10 11 16 18 26 8 17 16 22 14 3 25 0 2 9 2 9 12 12 6 23 4 8 16 19 3 20 9 21
6 2 20 26 2 2 3 20 26 1 19 1 26 10 0 17 13 6 11 18 11 5 19 6 26 2 10 7 13 20
10 20 4 18 6 17 2 11 2 11 16 25 22 16 1 0 26 22 20 24 19 17 3 17 11 26 7 3 9 11
7 5 26 12 21 14 4 17 19 12 25 19 9 10 15 21 0 4 16 5 26 4 3 21 15 21 26 22 3 11
17 17 22 7 22 19 23 14 10 4 25 23 10 13 23 4 15 0 24 7 16 26 23 1 1 21 16 8 11 3
6 14 20 5 3 2 2 21 18 23 18 24 19 16 20 25 6 22 0 17 25 26 12 1 3 15 13 26 2 20
6 24 22 2 19 8 5 17 7 19 15 8 5 24 16 3 24 5 22 0 24 3 3 7 6 10 19 9 1 7
9 25 11 3 21 10 24 5 18 25 4 24 7 19 1 6 19 3 11 2 0 17 19 2 6 24 11 16 7 11
22 3 24 4 14 4 20 5 3 11 14 14 25 20 21 9 1 18 3 1 9 0 18 11 8 10 6 23 7 7
20 12 12 25 13 8 17 8 26 5 16 21 5 7 13 3 14 22 2 2 21 9 0 16 6 15 12 1 23 17
22 3 25 8 11 20 16 4 2 1 25 2 6 13 15 4 2 21 21 18 4 2 5 0 7 20 20 14 25 12
22 11 10 11 24 22 23 8 6 5 3 16 1 20 12 21 18 24 19 25 7 2 4 15 0 6 5 20 17 18
1 2 8 21 10 17 6 6 4 16 18 3 24 9 7 2 23 24 7 11 17 19 9 19 16 0 13 12 14 14
4 5 18 4 7 24 9 13 12 24 17 22 16 3 2 19 5 2 23 15 11 19 23 24 16 7 0 12 2 15
4 11 16 2 3 10 9 23 23 18 3 16 5 6 3 23 8 20 26 19 3 14 19 7 17 24 4 0 17 22
11 7 11 10 8 24 6 23 16 16 19 17 17 19 3 25 17 8 12 18 24 16 22 4 1 5 21 26 0 20
17 16 20 7 9 2 20 15 6 13 10 18 26 16 24 17 14 9 4 22 2 6 11 13 22 4 12 7 6 0
