20 5 2
5    1  1 23    1  0 82    1  4 84    1  2 45    2  3 38  2 38
5    1  3 50    1  4 41    1  1 29    1  0 18    1  2 21
5    1  4 16    1  3 54    2  1 52  0 52    1  2 38    1  0 52
5    1  1 62    2  3 57  0 57    1  4 37    1  2 74    1  0 54
5    1  3 68    2  1 61  4 61    1  2 30    1  0 81    1  4 57
5    1  1 89    1  2 89    1  3 11    2  0 79  3 79    1  4 81
5    1  1 66    2  0 91  2 91    1  3 33    1  4 20    1  2 20
5    1  3 8    1  4 24    1  2 55    1  0 32    1  1 84
5    1  0 7    1  2 64    2  1 39  0 39    1  4 56    1  3 54
5    2  0 19  2 19    1  4 40    1  3 7    2  2 8  0 8    2  1 83  2 83
5    2  0 63  2 63    1  2 64    1  3 91    1  4 40    1  1 6
5    1  1 42    1  3 61    1  4 15    1  2 98    1  0 74
5    1  1 80    1  0 26    1  3 75    1  4 6    1  2 87
5    1  2 39    1  4 22    1  0 75    1  3 24    1  1 44
5    1  1 15    2  3 79  2 79    1  4 8    1  0 12    1  2 20
5    1  3 26    1  2 43    1  0 80    1  4 22    1  1 61
5    1  2 62    2  1 36  4 36    1  0 63    1  3 96    1  4 40
5    1  1 33    1  3 18    1  0 22    1  4 5    1  2 10
5    1  2 64    1  4 64    2  0 89  4 89    1  1 96    1  3 95
5    1  2 18    1  4 23    1  3 15    1  1 38    1  0 8

0 4 10 10 15 23 16 10 12 23 3 7 20 12 20 11 5 23 22 22
14 0 9 21 19 18 13 15 21 13 21 7 12 21 14 14 21 7 2 20
15 5 0 1 20 21 14 20 23 3 9 3 19 23 1 1 7 10 10 4
16 16 2 0 8 19 19 5 14 5 12 20 7 19 11 2 11 22 22 2
22 7 2 24 0 9 5 9 9 1 12 15 14 19 22 12 12 13 16 12
9 19 22 18 4 0 9 3 15 2 13 16 17 16 10 9 12 12 13 23
12 22 4 17 10 12 0 12 10 17 14 8 4 3 7 23 3 23 15 17
7 14 3 5 21 13 4 0 23 2 15 16 19 9 21 14 14 6 3 20
5 8 6 6 22 23 20 9 0 19 13 20 6 18 8 23 9 10 24 8
21 19 14 21 14 5 5 16 24 0 5 5 22 7 10 6 16 8 23 13
3 22 17 8 24 11 18 16 13 12 0 18 22 14 9 22 12 6 9 8
4 16 13 17 20 14 20 7 21 24 20 0 9 17 7 1 16 3 23 16
21 18 24 14 19 7 7 16 21 16 22 21 0 22 18 12 3 18 2 16
16 20 11 14 8 2 18 23 21 22 4 13 7 0 2 24 7 8 9 15
24 23 13 2 10 21 16 11 20 9 5 14 2 11 0 24 10 7 7 13
20 2 21 11 21 9 1 22 13 19 8 2 13 13 14 0 18 18 14 10
17 6 2 6 14 8 4 10 11 19 2 14 14 1 24 24 0 13 19 15
6 16 1 23 6 22 3 9 23 11 12 14 22 1 23 6 14 0 14 16
22 22 21 3 13 11 22 2 10 9 14 16 24 23 21 12 12 1 0 15
11 11 9 6 14 7 20 6 23 24 4 6 9 21 20 2 13 3 19 0

0 8 8 15 23 23 3 21 6 6 5 15 21 9 15 19 15 23 5 9
4 0 14 10 21 19 24 2 9 21 9 1 10 17 8 3 22 7 22 15
5 9 0 13 3 19 24 22 2 11 9 24 8 19 3 16 9 5 1 4
12 6 7 0 19 3 4 9 13 3 6 9 16 12 19 19 5 17 13 9
6 2 9 24 0 19 9 24 21 12 11 3 21 21 20 20 11 16 10 11
24 2 5 2 20 0 4 7 18 6 22 17 24 4 4 20 20 5 9 11
6 24 5 19 6 5 0 8 23 12 23 22 19 6 21 17 4 10 12 24
19 9 24 11 5 9 17 0 7 24 23 19 22 2 19 24 18 11 23 16
12 12 16 10 1 3 19 7 0 11 9 17 2 11 2 1 22 3 5 10
15 13 16 13 9 9 1 17 23 0 6 9 9 13 18 1 4 8 4 12
2 13 23 19 4 21 1 1 16 1 0 13 8 4 10 24 24 10 2 6
18 21 19 4 21 1 13 6 5 9 4 0 16 12 13 7 10 6 5 22
7 24 24 22 19 8 24 17 20 7 1 13 0 17 14 22 2 3 10 15
18 1 23 16 5 12 23 4 21 11 20 9 1 0 19 3 4 4 3 20
14 19 6 20 3 5 24 2 9 7 9 24 8 24 0 4 7 9 11 4
15 5 1 4 23 4 1 5 1 15 1 19 7 6 23 0 16 6 21 17
11 21 17 6 12 6 11 23 18 23 16 14 14 7 14 13 0 13 18 5
19 16 4 12 18 20 17 22 12 3 3 16 16 19 22 9 19 0 18 8
11 17 10 16 12 9 4 15 11 7 15 1 9 8 20 13 23 5 0 23
14 21 23 5 12 9 15 7 17 18 24 14 14 9 11 10 13 1 22 0

0 6 13 10 6 18 1 3 11 10 2 14 3 24 16 3 17 8 1 7
10 0 7 20 9 21 21 15 21 21 2 2 21 19 16 21 13 3 12 11
21 4 0 15 14 14 9 3 20 8 7 22 3 21 3 11 10 9 3 6
22 24 5 0 24 5 10 2 20 12 5 2 4 9 12 12 24 13 5 10
21 21 24 21 0 4 9 5 20 21 4 22 8 21 4 11 20 17 11 18
13 2 6 3 10 0 15 3 13 14 7 16 14 4 22 7 2 18 5 21
22 23 1 5 21 22 0 11 4 17 1 15 4 11 5 13 23 23 21 16
10 20 9 10 19 8 11 0 21 21 4 8 12 2 2 2 5 13 6 21
10 6 11 16 19 2 12 20 0 8 22 20 10 23 24 15 16 15 3 6
3 21 7 15 1 20 22 12 7 0 16 20 10 5 13 6 5 8 11 15
23 14 15 9 13 6 13 19 2 3 0 13 22 7 11 8 23 2 10 20
15 8 5 14 1 14 21 2 9 23 19 0 1 2 2 6 13 8 22 3
12 4 5 4 2 24 17 2 18 6 24 7 0 17 12 23 22 5 11 11
7 20 7 8 21 13 5 16 9 7 16 11 14 0 2 20 13 13 20 10
4 18 5 9 12 22 13 11 3 1 15 5 16 9 0 18 10 14 2 15
20 13 22 4 14 15 4 20 6 7 12 19 15 8 15 0 11 5 6 11
11 4 22 8 20 14 19 1 13 23 11 2 14 15 2 17 0 9 23 19
9 9 8 3 22 18 9 11 5 24 12 24 21 6 8 8 21 0 14 12
16 9 9 9 11 1 9 15 19 8 15 18 16 7 1 11 4 2 0 16
22 16 9 8 10 19 17 21 5 3 4 16 3 20 20 6 6 24 6 0

0 24 9 24 24 1 9 8 7 11 16 20 13 24 8 9 12 21 11 21
15 0 15 7 6 1 16 5 20 20 10 21 11 1 7 24 18 21 8 22
13 19 0 11 1 9 3 16 9 24 6 17 1 4 14 19 19 19 18 1
1 17 14 0 6 3 21 19 3 21 9 18 12 7 10 24 10 3 9 11
2 12 17 5 0 18 3 9 2 20 24 8 3 8 23 22 20 22 10 9
20 20 5 10 17 0 20 5 18 8 6 3 12 7 23 18 22 10 13 12
13 13 10 2 3 23 0 2 9 16 4 18 14 3 16 7 2 10 18 16
22 10 22 17 5 3 6 0 10 8 1 12 11 10 7 21 22 22 13 5
17 10 16 1 15 15 6 19 0 19 16 7 4 17 21 10 20 19 18 8
20 7 12 20 22 14 1 13 10 0 21 6 3 21 14 8 6 14 19 6
21 22 10 23 10 23 23 6 23 20 0 24 6 6 23 19 7 1 12 8
5 7 9 2 13 6 23 1 18 23 1 0 22 4 18 11 14 24 12 7
9 1 2 16 19 16 8 13 17 6 13 12 0 19 22 24 6 14 12 10
24 7 11 21 4 5 24 19 6 15 10 15 11 0 2 12 7 10 17 11
24 3 16 3 3 10 1 23 15 12 12 18 9 15 0 11 7 3 16 19
4 19 11 24 7 15 10 22 10 9 22 11 20 12 4 0 24 11 24 13
20 24 12 5 2 16 18 18 4 3 3 8 23 23 1 23 0 5 20 8
11 15 16 15 8 18 20 17 1 18 1 23 11 13 8 23 16 0 18 23
13 6 20 11 21 22 1 6 3 2 17 10 20 7 4 16 10 16 0 7
13 21 9 5 4 20 14 3 7 8 18 24 4 8 15 17 15 20 23 0

0 9 20 23 10 12 24 8 14 10 17 13 10 13 6 9 7 4 9 5
22 0 12 24 1 12 13 19 2 16 1 8 6 12 12 22 19 19 20 6
12 12 0 13 4 18 6 22 15 20 22 9 16 18 21 8 22 22 16 2
23 2 17 0 7 2 12 15 10 16 9 18 18 19 4 9 15 7 7 19
8 19 10 1 0 13 7 17 21 11 17 1 14 10 20 4 15 1 15 5
10 4 4 13 18 0 23 10 8 17 9 5 12 3 23 8 12 6 7 7
10 19 10 5 13 4 0 16 5 17 10 5 19 3 15 20 11 10 1 1
12 18 5 19 4 17 1 0 10 2 23 8 9 8 2 13 21 13 24 4
7 3 14 18 6 8 2 7 0 13 5 22 14 22 20 21 13 20 8 17
4 16 21 1 24 7 18 23 4 0 4 22 7 13 23 23 1 1 6 10
2 23 17 5 18 18 2 15 8 23 0 6 2 20 23 3 1 21 6 22
3 13 20 10 21 10 23 18 8 21 18 0 23 17 15 23 17 23 20 7
4 9 1 7 13 17 10 1 19 6 5 16 0 17 13 22 14 3 18 12
17 18 14 6 11 14 18 11 12 12 5 18 22 0 21 13 9 2 1 15
14 20 7 15 22 23 10 21 24 10 15 24 2 13 0 24 16 19 16 11
3 8 7 12 4 8 10 21 19 2 6 3 3 4 6 0 7 20 4 1
6 20 17 10 12 21 6 20 11 8 6 20 10 20 9 23 0 20 22 8
11 17 22 19 13 16 6 13 11 19 11 8 12 24 17 4 24 0 13 8
21 14 9 4 1 11 11 1 1 2 21 3 6 3 22 5 23 15 0 2
2 14 16 15 5 9 5 8 20 7 7 5 5 19 1 1 17 22 23 0
