10 10 2
10    1  6 54    1  0 87    1  4 48    1  3 60    2  7 39  9 39    1  8 35    1  1 72    1  5 95    1  2 66    1  9 5
10    1  3 20    1  9 46    2  6 34  8 34    1  5 55    1  0 97    2  8 19  9 19    1  4 59    1  2 21    1  7 37    1  1 46
10    1  4 45    2  1 24  2 24    1  8 28    1  0 28    1  7 83    1  6 78    1  5 23    2  3 25  9 25    1  9 5    1  2 73
10    2  9 12  1 12    1  1 37    1  4 38    1  3 71    1  8 33    1  2 12    1  6 55    1  0 53    1  7 87    1  5 29
10    1  3 83    2  2 49  0 49    1  6 23    1  9 27    2  7 65  2 65    1  0 48    1  4 90    2  5 7  8 7    1  1 40    2  8 17  7 17
10    1  1 66    1  4 25    1  0 62    1  2 84    1  9 13    1  6 64    1  7 46    1  8 59    1  5 19    1  3 85
10    1  1 73    1  3 80    1  0 41    1  2 53    1  9 47    1  7 57    1  8 74    1  4 14    1  6 67    1  5 88
10    2  5 64  2 64    1  3 84    1  6 46    1  1 78    1  0 84    1  7 26    1  8 28    1  9 52    1  2 41    1  4 63
10    2  1 11  4 11    1  0 64    1  7 67    1  4 85    1  3 10    1  5 73    1  9 38    1  8 95    1  6 97    1  2 17
10    1  4 60    2  8 32  4 32    1  2 95    1  3 93    1  1 65    1  6 85    1  7 43    1  9 85    1  5 46    1  0 59

0 20 4 20 15 4 20 14 7 14
1 0 22 19 17 16 15 5 2 9
11 2 0 11 24 21 12 15 24 22
19 20 13 0 13 15 9 13 15 10
11 25 24 21 0 7 17 24 19 5
8 21 12 19 7 0 24 14 25 7
18 5 11 1 10 17 0 8 17 20
21 10 24 4 21 24 9 0 15 22
19 18 19 8 25 20 12 5 0 5
7 9 20 11 24 19 21 21 15 0

0 5 16 8 22 5 16 22 14 13
10 0 3 3 3 25 24 8 23 5
11 1 0 16 16 7 22 12 14 2
11 21 11 0 16 6 24 9 8 4
11 23 12 22 0 19 14 13 17 9
10 18 25 2 8 0 7 22 3 5
12 7 19 21 16 18 0 2 17 7
6 3 19 17 16 1 15 0 1 13
17 21 2 18 20 22 19 9 0 15
2 17 3 18 16 19 16 15 3 0

0 18 8 25 14 14 9 16 5 8
3 0 12 16 10 2 18 13 5 10
21 22 0 10 23 21 23 1 11 12
7 21 18 0 12 10 2 2 2 22
18 1 15 18 0 9 9 22 13 25
10 2 16 14 21 0 12 22 20 7
25 14 6 12 11 21 0 7 21 25
13 9 20 24 4 2 6 0 12 5
5 5 12 8 23 9 15 21 0 4
8 9 3 6 16 7 17 5 2 0

0 23 15 12 12 8 14 17 8 24
7 0 22 13 24 3 7 6 25 12
18 3 0 17 19 8 4 9 10 5
25 9 21 0 22 1 18 2 22 16
10 7 6 6 0 1 9 23 20 13
5 17 6 5 15 0 2 14 4 4
24 2 8 16 20 12 0 9 17 8
6 8 10 12 25 21 5 0 9 23
11 7 1 10 18 12 14 13 0 13
8 24 8 21 11 20 13 1 18 0

0 10 9 23 3 23 2 10 22 19
1 0 9 6 2 18 11 20 10 3
7 8 0 8 22 14 2 3 3 12
11 6 24 0 1 7 1 7 3 12
14 8 6 9 0 19 16 14 24 9
13 15 17 1 17 0 15 18 15 4
11 7 1 21 12 13 0 13 19 23
16 13 20 18 18 7 16 0 6 8
16 17 24 25 24 16 8 14 0 12
20 8 9 3 1 20 16 5 10 0

0 10 5 15 11 10 1 22 1 17
9 0 6 11 17 17 7 5 9 21
2 3 0 10 1 15 13 17 19 22
6 16 12 0 6 11 10 21 5 21
7 23 22 20 0 8 23 7 13 17
11 18 7 4 20 0 3 11 14 15
4 11 17 24 8 14 0 11 15 11
4 2 3 2 9 3 1 0 12 21
19 5 25 8 24 7 16 19 0 3
3 15 1 11 17 13 12 2 25 0

0 4 10 15 20 5 15 21 13 21
22 0 22 13 22 14 9 8 19 23
16 4 0 1 21 7 23 25 15 13
1 1 12 0 12 3 3 12 15 5
24 25 23 14 0 7 19 2 25 25
17 18 25 14 1 0 3 17 12 9
24 6 14 4 3 15 0 6 24 21
25 21 18 20 5 19 2 0 8 3
17 1 17 24 1 10 7 11 0 19
1 5 21 19 10 23 16 21 19 0

0 1 10 20 18 16 15 8 4 9
17 0 12 10 16 4 25 4 12 22
2 12 0 11 23 21 15 17 25 9
12 22 8 0 11 15 17 16 15 23
16 22 22 5 0 3 9 15 1 15
20 3 20 25 4 0 16 22 10 12
25 6 12 15 8 25 0 14 23 23
14 22 23 10 20 23 23 0 8 22
25 4 18 2 25 13 13 17 0 20
17 16 24 3 13 15 7 7 2 0

0 5 15 19 21 6 11 14 12 13
2 0 7 18 21 12 22 3 24 4
9 19 0 20 19 10 19 4 4 4
9 2 17 0 24 22 18 1 20 7
17 7 22 5 0 10 7 18 20 25
4 13 19 8 4 0 18 18 17 23
4 6 17 1 1 18 0 21 17 6
5 19 6 24 18 22 25 0 2 7
4 2 18 18 4 18 14 15 0 11
23 25 11 13 25 8 11 17 16 0

0 25 4 18 3 2 25 10 19 15
9 0 3 4 11 3 13 12 24 10
10 2 0 5 3 4 24 5 16 16
4 11 3 0 21 17 23 12 11 11
3 18 12 23 0 4 21 14 17 24
5 13 23 11 2 0 18 14 20 18
17 23 9 20 6 23 0 7 13 11
16 22 19 19 4 16 24 0 10 7
14 12 11 10 13 2 17 17 0 18
11 20 18 4 6 11 23 3 17 0
