20 10 9
10    5  1 60  2 60  3 60  6 60  7 60    4  0 48  3 48  4 48  8 48    3  1 95  5 95  9 95    4  0 87  1 87  4 87  5 87    6  1 72  2 72  3 72  4 72  7 72  8 72    5  0 5  2 5  4 5  6 5  9 5    6  0 35  2 35  6 35  7 35  8 35  9 35    7  0 39  2 39  5 39  6 39  7 39  8 39  9 39    4  3 54  5 54  6 54  8 54    6  1 66  2 66  4 66  6 66  8 66  9 66
10    4  1 37  7 37  8 37  9 37    5  1 34  3 34  4 34  6 34  7 34    4  0 97  2 97  3 97  5 97    4  0 55  1 55  2 55  5 55    6  0 21  1 21  2 21  3 21  5 21  9 21    6  2 20  3 20  4 20  5 20  7 20  8 20    7  0 59  1 59  3 59  4 59  6 59  7 59  9 59    5  3 46  4 46  6 46  7 46  9 46    6  3 19  4 19  5 19  6 19  7 19  8 19    4  1 46  5 46  7 46  8 46
10    2  1 45  4 45    4  2 73  5 73  7 73  9 73    3  1 24  8 24  9 24    5  0 28  2 28  7 28  8 28  9 28    6  0 28  1 28  2 28  3 28  7 28  9 28    6  0 25  2 25  3 25  5 25  7 25  9 25    5  1 23  2 23  4 23  5 23  8 23    6  0 83  3 83  6 83  7 83  8 83  9 83    5  1 5  2 5  6 5  8 5  9 5    5  2 78  4 78  6 78  8 78  9 78
10    3  0 53  3 53  5 53    6  0 12  1 12  2 12  3 12  6 12  9 12    3  5 12  7 12  9 12    5  1 37  2 37  3 37  7 37  9 37    6  1 33  4 33  5 33  6 33  7 33  8 33    4  2 71  3 71  7 71  8 71    6  0 55  3 55  5 55  6 55  8 55  9 55    2  5 29  7 29    5  1 87  2 87  3 87  7 87  9 87    6  0 38  2 38  4 38  5 38  6 38  9 38
10    6  0 90  2 90  4 90  5 90  7 90  8 90    5  2 49  4 49  7 49  8 49  9 49    3  1 27  2 27  9 27    4  3 65  6 65  7 65  8 65    6  1 7  4 7  5 7  6 7  8 7  9 7    5  0 23  4 23  5 23  6 23  7 23    1  0 48    6  1 83  2 83  3 83  6 83  8 83  9 83    6  0 17  2 17  4 17  6 17  8 17  9 17    3  0 40  1 40  3 40
10    5  1 85  3 85  5 85  7 85  8 85    4  1 25  4 25  6 25  9 25    6  1 84  2 84  4 84  5 84  7 84  9 84    2  3 64  6 64    5  1 13  2 13  7 13  8 13  9 13    3  1 66  3 66  8 66    7  0 46  2 46  3 46  4 46  7 46  8 46  9 46    3  3 59  7 59  8 59    6  0 62  3 62  5 62  6 62  8 62  9 62    3  2 19  5 19  7 19
10    3  1 88  5 88  6 88    4  1 67  3 67  5 67  6 67    7  0 14  1 14  2 14  3 14  4 14  8 14  9 14    4  0 41  3 41  4 41  9 41    7  0 73  1 73  3 73  4 73  6 73  8 73  9 73    5  2 57  5 57  7 57  8 57  9 57    3  0 53  2 53  4 53    3  0 80  3 80  7 80    5  0 47  1 47  4 47  7 47  9 47    6  3 74  4 74  5 74  6 74  7 74  8 74
10    7  1 78  2 78  5 78  6 78  7 78  8 78  9 78    6  0 64  3 64  4 64  5 64  8 64  9 64    5  0 63  2 63  3 63  4 63  6 63    4  3 46  4 46  6 46  8 46    2  2 84  3 84    5  0 84  4 84  5 84  7 84  9 84    5  0 28  1 28  4 28  5 28  8 28    3  4 52  5 52  9 52    3  3 26  7 26  9 26    5  0 41  2 41  3 41  5 41  6 41
10    4  1 11  3 11  8 11  9 11    4  0 64  3 64  5 64  6 64    6  2 97  3 97  4 97  6 97  7 97  9 97    5  0 38  4 38  5 38  8 38  9 38    4  2 17  3 17  8 17  9 17    5  0 85  2 85  4 85  5 85  7 85    6  0 73  1 73  3 73  4 73  5 73  6 73    4  2 10  3 10  4 10  9 10    6  0 95  3 95  6 95  7 95  8 95  9 95    5  0 67  1 67  2 67  5 67  7 67
10    5  2 93  3 93  5 93  6 93  8 93    4  0 95  2 95  3 95  5 95    4  3 43  5 43  7 43  8 43    5  1 65  2 65  5 65  8 65  9 65    4  1 32  4 32  5 32  8 32    6  0 59  1 59  2 59  7 59  8 59  9 59    4  5 85  6 85  7 85  9 85    4  1 46  3 46  5 46  9 46    6  0 85  3 85  5 85  7 85  8 85  9 85    7  0 60  1 60  3 60  4 60  5 60  7 60  9 60
10    6  2 61  3 61  4 61  6 61  7 61  8 61    7  0 41  2 41  3 41  5 41  6 41  7 41  8 41    3  5 49  8 49  9 49    3  4 23  8 23  9 23    2  0 66  9 66    2  7 49  8 49    4  2 70  3 70  6 70  8 70    4  2 99  5 99  8 99  9 99    4  1 90  5 90  6 90  7 90    5  3 17  4 17  5 17  6 17  8 17
10    5  1 13  4 13  5 13  6 13  9 13    4  0 7  2 7  7 7  8 7    4  1 98  4 98  5 98  6 98    1  8 57    5  0 73  3 73  5 73  8 73  9 73    4  2 73  3 73  7 73  9 73    2  2 68  5 68    4  0 40  5 40  6 40  8 40    5  1 98  4 98  6 98  7 98  9 98    4  2 9  3 9  5 9  6 9
10    7  2 86  3 86  4 86  5 86  6 86  7 86  9 86    3  6 76  8 76  9 76    6  2 14  3 14  4 14  5 14  8 14  9 14    6  2 41  3 41  4 41  5 41  7 41  9 41    2  1 85  2 85    3  0 37  4 37  5 37    3  0 19  6 19  8 19    2  2 17  4 17    3  5 54  7 54  8 54    7  1 79  3 79  4 79  5 79  6 79  7 79  9 79
10    8  0 40  1 40  2 40  4 40  5 40  6 40  7 40  8 40    4  0 53  1 53  2 53  3 53    4  3 97  7 97  8 97  9 97    4  4 87  5 87  7 87  9 87    5  1 96  4 96  6 96  8 96  9 96    5  0 84  1 84  3 84  4 84  6 84    3  3 16  4 16  6 16    6  2 66  3 66  6 66  7 66  8 66  9 66    4  4 52  5 52  8 52  9 52    6  0 95  4 95  5 95  6 95  8 95  9 95
10    3  2 33  6 33  8 33    5  0 33  1 33  4 33  8 33  9 33    5  0 87  3 87  4 87  5 87  6 87    8  0 18  2 18  3 18  4 18  5 18  6 18  8 18  9 18    1  2 55    5  3 13  4 13  6 13  8 13  9 13    6  0 77  4 77  5 77  6 77  8 77  9 77    5  0 60  1 60  2 60  6 60  7 60    5  0 42  1 42  3 42  5 42  9 42    7  0 74  1 74  2 74  3 74  5 74  6 74  7 74
10    3  6 92  7 92  8 92    2  2 91  5 91    3  1 79  4 79  8 79    2  2 54  3 54    5  3 69  4 69  7 69  8 69  9 69    4  3 79  5 79  6 79  8 79    4  3 33  5 33  6 33  8 33    4  0 61  1 61  6 61  8 61    3  3 39  5 39  9 39    4  0 16  4 16  7 16  9 16
10    5  0 82  2 82  6 82  7 82  9 82    6  1 41  3 41  5 41  6 41  7 41  8 41    4  2 28  4 28  5 28  9 28    4  0 64  3 64  5 64  6 64    5  1 78  2 78  3 78  7 78  9 78    4  2 76  3 76  7 76  9 76    4  2 6  4 6  7 6  8 6    6  2 49  4 49  6 49  7 49  8 49  9 49    8  0 47  1 47  3 47  4 47  6 47  7 47  8 47  9 47    4  0 58  1 58  5 58  9 58
10    4  0 52  3 52  5 52  7 52    4  2 42  5 42  7 42  8 42    5  0 24  3 24  7 24  8 24  9 24    2  6 91  9 91    4  1 47  3 47  6 47  7 47    7  0 88  1 88  3 88  5 88  6 88  7 88  9 88    4  0 91  1 91  3 91  4 91    6  2 52  3 52  5 52  6 52  7 52  9 52    5  2 28  3 28  4 28  6 28  7 28    3  1 35  6 35  9 35
10    5  0 82  3 82  5 82  8 82  9 82    6  0 76  1 76  2 76  3 76  4 76  5 76    5  0 86  1 86  3 86  5 86  6 86    6  1 93  2 93  5 93  6 93  7 93  8 93    4  1 84  4 84  8 84  9 84    4  4 38  5 38  7 38  8 38    6  1 95  2 95  3 95  4 95  5 95  8 95    6  1 37  2 37  3 37  6 37  7 37  9 37    3  1 21  3 21  6 21    4  0 23  3 23  7 23  9 23
10    9  0 77  1 77  2 77  3 77  4 77  5 77  6 77  8 77  9 77    6  0 8  2 8  4 8  5 8  7 8  8 8    4  1 42  6 42  7 42  9 42    4  0 64  1 64  4 64  7 64    3  0 70  8 70  9 70    4  2 45  5 45  7 45  8 45    3  5 45  8 45  9 45    4  1 28  2 28  5 28  8 28    7  1 67  3 67  4 67  5 67  7 67  8 67  9 67    2  1 86  7 86

0 22 27 3 5 7 8 27 8 14 8 23 6 6 9 15 21 26 14 4
26 0 24 10 27 6 1 14 8 14 19 4 18 25 21 11 23 8 22 18
10 11 0 17 8 10 26 11 13 7 21 2 6 16 26 6 22 6 5 27
13 15 9 0 23 25 25 5 17 15 22 10 8 2 26 14 6 17 22 12
2 19 21 16 0 22 19 27 10 2 10 6 11 6 19 12 17 3 22 4
7 5 14 3 25 0 7 14 12 25 5 21 23 18 1 13 9 1 22 20
11 14 7 18 5 4 0 20 18 13 18 7 20 3 6 21 8 9 9 9
21 8 18 13 20 24 21 0 13 6 26 14 12 20 3 5 6 15 5 1
8 22 6 6 8 10 27 14 0 18 26 26 11 6 5 18 19 26 1 9
11 2 6 2 11 3 21 4 20 0 6 14 11 17 16 22 2 7 1 2
25 19 17 3 22 17 26 17 23 23 0 11 12 11 23 26 18 12 3 1
5 9 24 13 12 14 20 18 24 11 24 0 10 8 14 4 21 24 13 6
6 27 22 11 9 11 13 25 3 27 5 21 0 27 20 5 23 12 17 4
20 3 1 2 25 22 17 4 27 23 15 22 18 0 17 3 13 27 5 13
8 3 23 20 10 10 23 14 22 10 3 16 21 21 0 23 21 6 12 13
9 10 5 14 12 2 26 9 2 12 22 2 6 6 6 0 13 21 19 10
12 24 16 24 2 1 24 23 12 26 18 6 1 17 26 17 0 20 3 27
12 1 21 7 6 23 16 17 27 16 21 8 15 1 24 14 2 0 26 24
20 19 10 6 24 17 16 17 6 26 16 19 21 1 23 13 7 16 0 18
19 17 17 12 10 24 11 6 21 22 7 13 1 27 27 13 19 19 8 0

0 24 22 11 12 2 4 18 19 4 23 13 13 20 6 5 24 17 24 23
16 0 20 23 21 3 8 8 2 2 16 17 7 20 15 25 16 22 6 12
23 23 0 23 4 3 26 4 16 19 22 24 19 6 21 17 27 19 24 3
19 24 27 0 11 6 6 1 18 23 17 24 16 1 27 4 5 6 16 7
23 25 23 18 0 16 15 3 17 3 19 18 15 26 26 9 27 17 12 5
22 10 9 13 14 0 8 9 13 7 27 12 8 7 7 23 2 11 19 7
24 1 8 12 1 4 0 25 18 4 12 19 6 17 6 27 5 22 19 1
2 6 5 11 11 1 16 0 4 11 22 5 15 1 20 25 1 4 21 7
14 24 14 11 7 1 20 26 0 9 16 18 24 5 20 19 6 3 15 1
3 8 23 1 11 17 20 20 2 0 26 21 23 19 8 3 10 27 25 6
25 17 10 25 11 20 2 20 26 22 0 12 15 13 24 12 25 13 14 20
15 8 25 1 7 21 16 3 17 25 1 0 5 17 22 10 9 11 17 2
5 16 18 19 15 18 26 17 21 18 8 10 0 16 20 22 17 16 1 27
17 15 14 4 17 8 26 26 7 14 20 9 11 0 11 12 2 16 3 19
13 12 24 17 9 12 9 2 23 4 4 18 2 22 0 16 17 18 3 23
6 9 10 20 5 5 18 5 21 6 9 13 5 5 26 0 2 24 22 18
8 14 15 26 20 5 13 7 5 16 22 11 10 20 14 11 0 3 24 13
6 14 19 21 20 17 12 4 22 6 6 4 6 14 1 24 4 0 9 13
9 21 21 16 7 8 9 3 16 5 8 23 5 22 23 11 19 11 0 25
24 12 19 23 18 23 3 7 27 16 9 3 19 23 11 13 22 13 18 0

0 15 22 22 18 3 16 27 10 22 27 12 18 20 23 10 6 10 2 2
27 0 25 21 19 5 21 12 5 5 5 20 15 7 16 6 21 7 19 12
11 9 0 7 14 25 19 24 5 22 5 15 11 19 27 10 6 9 12 20
18 4 22 0 18 15 22 8 20 3 3 5 13 7 19 2 5 26 9 5
1 24 2 17 0 11 1 26 24 26 10 12 26 23 12 11 3 25 18 6
5 20 23 10 25 0 11 3 19 11 22 15 6 9 17 26 9 25 7 9
24 14 14 21 18 10 0 22 17 20 13 18 6 5 15 12 4 7 8 25
16 22 19 27 15 23 4 0 15 4 14 16 16 24 27 15 13 6 26 26
21 19 13 12 25 5 26 4 0 6 23 1 22 21 3 15 9 27 20 4
15 5 14 18 16 3 10 27 16 0 5 22 10 7 26 20 12 12 1 26
9 21 12 1 17 18 6 6 18 4 0 9 11 13 12 23 27 12 22 13
20 11 2 4 15 20 25 8 18 3 16 0 21 27 15 16 19 15 14 21
27 13 20 1 24 8 14 2 9 9 13 4 0 23 26 24 9 20 25 16
14 11 4 19 10 23 1 11 14 14 25 18 10 0 26 11 22 10 19 15
15 23 8 1 6 13 23 22 25 26 20 5 12 7 0 5 11 19 21 22
18 15 26 15 17 9 19 12 19 9 1 4 8 17 11 0 12 26 26 21
4 17 22 3 15 13 7 15 10 4 18 23 19 21 18 4 0 22 8 17
7 7 13 2 25 5 14 19 14 12 17 6 26 1 4 22 27 0 21 23
24 21 13 6 22 12 26 12 12 25 5 5 12 26 5 19 6 27 0 2
1 26 17 3 17 8 19 14 6 11 24 21 6 18 17 4 2 15 27 0

0 15 18 16 17 3 21 23 4 23 19 15 18 6 13 23 9 18 15 14
12 0 14 21 18 11 23 6 6 24 6 22 8 6 9 16 24 17 22 18
26 25 0 26 24 7 11 11 19 15 11 24 22 6 23 24 12 18 2 12
18 27 17 0 27 12 7 2 21 17 8 11 5 16 2 27 20 9 20 1
4 18 22 27 0 10 3 8 26 25 15 21 11 25 2 26 9 5 20 6
18 18 18 17 9 0 25 21 15 15 21 1 20 3 4 19 9 18 24 5
6 24 7 4 10 14 0 19 20 10 4 2 9 5 13 20 16 11 17 11
18 6 20 9 22 5 2 0 3 14 19 17 7 11 1 7 10 17 25 11
26 12 6 11 17 12 22 6 0 6 22 7 27 13 17 26 10 26 1 12
19 9 1 19 11 2 1 4 15 0 2 19 22 2 16 1 6 25 27 20
5 10 2 17 19 4 18 20 4 24 0 12 9 17 10 23 26 1 2 20
26 20 13 14 11 16 18 20 22 11 13 0 10 11 26 12 14 6 27 6
7 5 27 21 15 10 25 18 18 11 25 25 0 23 23 7 13 13 2 11
12 18 5 20 19 6 4 22 19 10 14 14 23 0 1 11 23 24 9 16
26 12 6 26 21 27 4 18 7 20 14 26 25 24 0 12 18 19 4 10
4 26 10 20 12 12 21 19 23 26 19 7 11 14 20 0 23 27 25 12
7 6 22 3 2 9 19 16 5 23 20 1 3 10 25 21 0 12 15 26
25 9 17 12 5 13 15 18 4 21 22 21 19 6 27 25 7 0 2 14
1 7 26 11 12 5 23 12 11 7 21 2 12 11 9 23 7 18 0 21
9 25 21 12 10 3 27 12 25 3 15 5 25 19 4 5 10 7 15 0

0 6 24 18 27 8 27 3 1 16 14 23 10 14 12 9 2 1 23 20
10 0 14 6 15 26 15 5 17 13 14 12 19 1 24 24 4 12 26 27
17 25 0 1 12 27 5 25 10 19 1 10 2 10 24 8 23 4 22 15
14 18 12 0 16 25 26 12 16 12 5 13 23 15 19 9 17 17 3 24
23 4 10 14 0 1 2 22 10 20 18 18 3 18 10 27 22 10 21 19
3 12 27 1 8 0 12 2 20 6 7 15 4 13 19 27 7 7 2 12
2 1 7 12 1 20 0 25 6 10 4 14 13 12 20 21 4 17 22 21
6 26 18 21 10 3 24 0 13 12 7 26 15 3 21 27 9 10 1 25
12 23 19 1 14 17 7 11 0 1 23 20 21 27 9 14 18 1 5 11
5 7 12 7 12 8 6 4 27 0 25 22 17 19 1 11 22 16 5 9
3 4 2 10 17 18 24 4 3 14 0 3 27 18 18 17 11 22 1 1
3 27 16 9 27 9 27 4 24 2 10 0 5 8 10 9 21 13 25 26
25 11 10 9 18 1 17 26 21 7 16 13 0 2 20 16 3 15 6 23
24 26 2 22 12 3 9 8 14 24 7 21 25 0 24 14 1 1 6 14
16 12 23 27 3 4 13 13 19 11 5 22 12 21 0 7 14 23 23 8
19 19 15 11 5 4 6 13 5 2 11 13 26 23 15 0 19 6 1 18
13 14 12 16 27 1 26 22 11 20 25 15 9 13 4 27 0 20 18 16
13 2 5 25 8 9 3 24 27 1 1 26 5 25 16 11 24 0 12 18
6 14 22 8 13 24 7 17 4 12 15 6 11 20 4 24 7 8 0 26
4 17 1 9 8 13 22 13 8 14 23 1 12 19 2 20 21 24 9 0

0 18 9 27 14 14 6 2 6 16 20 13 6 21 9 21 6 14 6 27
6 0 12 27 1 27 22 11 2 22 14 4 22 2 23 6 24 20 9 17
14 19 0 8 7 5 4 23 8 6 12 4 15 12 9 19 16 10 26 19
16 23 22 0 7 11 22 25 10 12 23 10 15 23 17 17 10 1 8 9
5 2 12 8 0 14 11 5 18 18 25 18 11 16 4 1 23 8 24 16
24 16 1 17 7 0 27 25 18 18 22 14 10 2 10 21 18 15 14 19
21 4 25 5 26 20 0 27 13 5 18 23 16 2 23 20 8 12 18 27
16 12 3 1 11 5 24 0 8 7 25 14 14 17 22 16 8 22 13 8
6 17 10 7 27 1 15 16 0 13 2 27 5 9 2 22 24 1 24 24
2 18 13 16 11 24 9 15 19 0 3 11 16 1 25 16 15 19 6 8
15 12 22 22 12 5 5 15 24 9 0 7 21 26 13 14 5 16 25 26
18 15 25 20 8 8 3 6 22 24 18 0 25 16 4 21 23 8 11 12
15 20 1 4 16 17 14 3 20 24 16 21 0 26 26 13 24 6 5 22
24 7 11 24 17 19 3 24 5 19 2 12 15 0 8 5 12 25 23 10
10 8 8 5 14 22 22 12 23 27 4 13 23 24 0 22 8 17 10 14
18 20 22 27 16 24 21 1 5 17 22 24 5 19 15 0 24 7 27 25
20 23 12 23 13 21 6 5 6 12 11 8 13 27 25 6 0 23 13 24
13 5 23 14 17 21 12 16 15 26 21 18 9 3 27 18 6 0 9 15
6 11 5 7 18 5 26 13 22 24 12 3 3 5 19 23 17 18 0 5
2 3 15 21 12 21 9 2 24 7 24 5 17 22 7 19 2 20 2 0

0 8 16 17 19 27 20 20 19 9 16 13 27 26 20 18 22 16 7 23
2 0 8 26 7 17 17 15 12 4 20 27 3 9 27 25 10 25 13 19
15 24 0 24 6 22 4 3 22 20 27 22 15 23 24 1 25 21 2 12
20 19 5 0 27 16 12 9 7 11 25 23 18 25 15 20 22 7 6 19
11 19 13 26 0 24 1 21 6 7 4 15 10 15 21 25 19 26 19 26
25 2 7 10 4 0 6 12 17 9 2 2 9 1 16 5 1 20 13 24
14 16 16 13 7 18 0 20 21 13 18 9 27 14 5 22 23 9 7 17
26 12 18 5 5 2 26 0 22 12 18 16 11 20 18 1 21 26 1 17
4 26 11 19 22 24 12 11 0 3 4 18 12 17 17 4 14 26 21 15
21 16 19 12 21 2 26 21 1 0 23 1 4 15 2 9 12 19 22 3
23 18 17 22 2 8 2 26 11 2 0 24 21 16 19 8 4 7 10 27
23 27 23 3 26 1 27 19 11 18 5 0 13 17 1 25 18 10 13 9
7 27 9 21 27 5 4 17 15 5 10 23 0 22 17 9 5 8 13 3
13 22 14 22 4 23 6 11 7 1 22 24 6 0 14 19 8 16 5 20
11 23 23 9 8 19 16 20 9 18 6 5 27 8 0 2 20 15 6 2
9 22 15 22 1 18 14 11 6 20 27 27 7 2 5 0 25 23 4 6
24 14 4 7 22 20 13 23 8 10 6 4 6 26 10 15 0 8 18 5
4 6 7 9 17 11 23 11 20 5 13 27 12 12 10 24 8 0 16 2
25 23 20 5 15 10 22 12 12 22 23 7 18 9 1 1 9 2 0 2
9 21 10 23 20 26 10 7 24 2 24 15 8 19 11 8 12 24 18 0

0 9 7 23 20 3 13 8 16 20 4 13 2 12 2 1 11 8 25 3
5 0 10 11 14 9 22 9 11 21 23 5 16 15 1 9 11 24 5 17
7 13 0 5 18 19 7 21 13 5 26 15 26 9 5 6 4 7 22 4
22 11 13 0 10 20 26 3 6 2 1 2 10 14 4 1 11 12 21 10
26 23 4 27 0 15 21 1 17 27 22 7 8 10 23 7 26 24 11 7
2 21 26 14 20 0 16 24 24 20 11 27 13 21 4 26 8 23 15 21
15 17 2 1 24 27 0 7 13 3 7 11 11 3 26 14 23 3 24 25
2 26 1 23 6 18 18 0 18 9 16 5 8 11 14 20 21 15 7 22
13 8 14 10 10 27 24 13 0 4 18 4 3 13 11 19 2 7 4 23
19 14 13 4 23 3 17 2 18 0 13 23 14 14 13 22 21 19 18 24
22 26 10 26 6 22 17 6 8 1 0 22 8 2 7 2 11 20 17 12
14 21 21 26 24 2 27 4 5 5 15 0 24 16 9 27 15 8 4 22
6 24 19 9 14 7 16 27 13 14 24 17 0 18 17 4 7 22 27 24
2 11 25 16 11 13 6 18 24 22 20 18 9 0 15 16 12 22 8 17
10 2 27 27 10 13 20 18 10 19 4 19 18 11 0 7 7 23 18 11
13 8 6 2 26 20 24 23 23 14 14 14 22 27 24 0 19 15 11 21
15 26 11 10 1 4 18 21 15 25 8 25 20 25 11 20 0 22 13 10
17 21 26 18 22 14 16 13 12 23 20 9 9 15 18 5 21 0 13 20
23 3 24 24 9 10 2 11 2 6 7 18 14 9 7 19 25 23 0 9
1 6 2 1 1 23 24 11 4 17 8 20 16 9 1 25 20 14 14 0

0 3 18 22 1 8 18 15 21 7 12 26 18 3 11 6 27 25 25 22
21 0 16 25 15 17 11 20 2 14 27 26 8 14 17 17 4 21 22 10
15 11 0 23 2 1 21 5 10 25 4 18 4 22 13 22 4 17 16 7
25 18 7 0 25 21 5 25 14 23 5 25 9 18 15 21 13 9 26 26
1 19 21 7 0 22 20 6 4 2 3 26 12 10 11 8 22 18 3 21
13 1 21 5 7 0 9 2 13 21 15 26 4 7 10 6 22 11 12 4
20 1 4 7 24 9 0 14 15 19 20 9 24 25 17 11 25 23 18 1
3 5 17 14 24 3 5 0 24 21 21 15 2 24 27 27 17 18 13 8
6 3 15 13 16 2 18 23 0 23 4 11 3 6 2 9 25 13 22 18
23 6 16 24 8 12 3 16 7 0 9 24 23 16 23 7 10 23 27 9
20 15 15 3 2 3 15 25 3 19 0 13 25 3 19 1 26 5 15 16
7 14 16 21 2 4 6 18 25 18 16 0 26 5 19 1 27 12 9 18
14 27 25 22 1 26 6 18 10 16 26 10 0 26 9 15 8 21 23 12
4 4 27 27 16 8 25 5 14 23 13 2 15 0 3 23 16 20 1 16
20 19 2 15 22 16 24 21 6 20 5 18 14 3 0 14 1 1 7 22
18 6 25 15 6 16 7 6 9 1 2 25 27 7 14 0 21 1 1 27
1 24 2 8 19 16 22 13 10 25 12 10 4 13 16 11 0 15 6 23
4 23 26 3 25 1 11 6 6 8 7 21 12 6 15 27 25 0 6 18
20 23 7 25 13 10 3 27 11 8 20 19 12 21 4 4 7 4 0 5
5 14 19 17 1 25 12 27 12 9 13 25 26 24 21 1 7 25 26 0

0 13 4 7 2 13 14 27 20 17 23 12 6 4 19 8 1 15 25 21
1 0 1 5 18 3 24 16 25 6 7 6 25 5 23 21 15 23 27 7
19 4 0 12 25 8 13 27 8 27 16 10 27 5 11 24 1 19 25 13
1 7 10 0 5 19 25 22 2 14 18 27 1 11 8 13 10 3 27 24
18 6 24 17 0 7 25 2 16 8 14 18 3 17 27 12 21 24 4 5
1 23 24 14 1 0 22 19 8 21 7 18 11 21 26 15 22 8 25 5
15 20 23 2 20 7 0 20 9 4 20 6 5 11 8 14 24 16 24 2
25 1 22 13 10 9 19 0 24 25 5 1 19 12 11 9 19 12 15 8
8 21 20 21 21 6 10 26 0 10 15 25 7 25 17 8 7 1 17 20
27 4 27 7 27 6 19 15 17 0 13 4 16 10 23 1 3 13 22 18
24 21 21 2 3 10 2 5 17 27 0 14 27 12 19 24 24 26 22 20
4 9 5 18 19 11 8 22 6 1 26 0 19 11 15 14 12 5 3 23
6 8 9 22 2 23 16 22 25 10 27 6 0 25 14 24 19 23 7 19
16 26 25 15 14 23 27 20 8 11 19 27 1 0 11 2 27 27 4 20
7 17 5 27 22 5 25 14 13 14 18 27 17 19 0 15 15 1 27 27
24 20 17 8 19 8 2 13 20 10 9 24 17 18 6 0 10 14 21 12
17 22 5 24 11 12 5 14 4 18 13 16 4 26 21 17 0 15 13 17
14 8 25 20 9 11 26 26 20 10 20 2 17 4 9 18 10 0 25 17
4 12 19 27 4 22 21 21 27 21 14 14 17 1 5 20 13 19 0 2
25 18 22 9 24 22 18 26 2 2 25 27 2 7 8 24 20 27 12 0
