10 5 5
5    2  1 23  2 23    3  0 45  1 45  2 45    1  0 82    2  3 84  4 84    2  1 38  3 38
5    3  0 21  2 21  4 21    4  0 29  1 29  2 29  3 29    2  0 18  1 18    3  1 41  2 41  4 41    2  0 50  3 50
5    2  2 38  4 38    3  1 54  2 54  3 54    1  4 16    2  0 52  2 52    3  1 52  2 52  3 52
5    2  2 37  4 37    2  0 54  3 54    3  0 74  2 74  3 74    3  1 62  2 62  3 62    5  0 57  1 57  2 57  3 57  4 57
5    4  0 57  1 57  3 57  4 57    2  0 81  2 81    4  0 61  1 61  3 61  4 61    2  1 68  3 68    1  2 30
5    1  4 81    3  0 79  1 79  3 79    2  1 89  2 89    2  2 89  4 89    1  3 11
5    4  0 33  1 33  2 33  3 33    3  1 20  2 20  4 20    3  0 91  1 91  2 91    3  2 20  3 20  4 20    2  1 66  2 66
5    2  3 24  4 24    5  0 84  1 84  2 84  3 84  4 84    2  0 32  3 32    3  1 55  2 55  4 55    2  3 8  4 8
5    3  0 56  3 56  4 56    4  0 7  2 7  3 7  4 7    1  3 54    2  2 64  3 64    2  1 39  2 39
5    3  1 40  3 40  4 40    3  0 83  1 83  2 83    3  0 19  1 19  3 19    3  0 8  2 8  4 8    3  0 7  2 7  3 7

0 5 3 9 13 2 9 13 9 3
17 0 7 16 14 16 23 12 23 2
24 19 0 9 8 9 3 20 14 21
12 20 13 0 3 18 9 12 5 8
2 20 20 22 0 4 15 23 18 16
23 16 14 14 9 0 10 10 5 8
10 6 7 4 19 3 0 11 9 3
15 17 3 23 4 17 11 0 12 16
1 19 21 11 2 11 5 18 0 2
20 22 11 11 12 24 14 24 12 0

0 4 13 3 10 9 4 23 5 16
11 0 6 5 9 16 21 9 12 8
2 9 0 16 6 22 9 13 10 21
22 11 15 0 3 24 3 12 2 5
9 20 3 8 0 16 6 7 21 3
19 17 20 20 8 0 23 8 14 18
4 6 7 13 5 3 0 9 10 1
3 15 12 18 15 18 24 0 15 17
10 22 6 2 21 10 15 15 0 20
6 7 19 2 1 19 9 4 13 0

0 22 23 14 15 1 11 22 5 22
8 0 20 11 6 3 10 22 20 19
17 7 0 17 3 10 23 23 3 18
8 5 10 0 5 11 13 9 14 14
13 24 7 17 0 12 23 13 11 7
15 4 15 20 22 0 12 10 11 12
6 15 2 18 1 22 0 12 23 15
24 2 15 12 14 6 21 0 16 1
12 1 2 14 13 19 4 16 0 9
11 15 15 18 18 1 24 6 17 0

0 8 18 10 22 9 5 21 12 18
14 0 17 13 1 15 12 6 8 12
5 5 0 1 12 22 14 10 19 11
2 5 2 0 20 11 14 22 2 20
13 11 11 16 0 17 10 12 9 23
17 18 3 7 4 0 23 20 16 6
22 22 16 11 1 7 0 9 2 5
17 10 15 3 13 24 12 0 2 6
14 5 20 9 16 23 24 2 0 23
10 14 9 11 12 19 21 3 9 0

0 20 2 24 1 18 22 11 20 11
6 0 9 24 24 24 1 1 13 22
2 2 0 15 22 20 3 7 12 23
6 13 7 0 7 24 21 5 15 12
3 22 6 9 0 15 24 14 22 2
4 22 8 13 15 0 3 8 17 5
23 12 19 24 2 10 0 1 2 11
6 20 4 3 24 13 17 0 14 24
3 3 18 1 7 19 22 22 0 11
4 15 9 21 1 14 3 10 14 0
