10 5 2
5    1  0 20    1  3 87    1  1 31    1  4 76    2  2 17  4 17
5    1  4 25    1  2 32    1  0 24    1  1 18    1  3 81
5    1  1 72    1  2 23    2  4 28  3 28    1  0 58    1  3 99
5    2  2 86  4 86    1  1 76    1  4 97    1  0 45    1  3 90
5    1  4 27    2  0 42  2 42    1  3 48    1  2 17    1  1 46
5    1  1 67    1  0 98    2  4 48  3 48    1  3 27    1  2 62
5    2  4 28  2 28    1  1 12    1  3 19    1  0 80    1  2 50
5    1  1 63    1  0 94    1  2 98    1  3 50    1  4 80
5    1  4 14    2  0 75  3 75    1  2 50    2  1 41  4 41    1  3 55
5    1  4 72    1  2 18    2  1 37  3 37    1  3 79    2  0 61  2 61

0 23 2 22 19 5 25 7 23 10
1 0 5 19 17 15 2 17 18 22
26 20 0 9 13 23 15 17 9 6
8 26 3 0 20 2 15 3 20 22
14 19 18 17 0 3 2 5 6 16
9 18 5 25 23 0 4 7 6 1
2 1 4 11 12 17 0 6 11 18
22 22 24 21 2 1 16 0 21 26
1 25 20 12 20 10 8 7 0 20
6 16 9 3 24 26 11 21 7 0

0 24 18 24 17 23 9 16 16 13
21 0 1 17 20 10 25 2 25 18
19 19 0 23 16 4 1 22 8 3
4 17 25 0 11 16 17 3 25 10
23 11 7 22 0 16 21 14 3 23
4 1 10 6 17 0 21 4 3 13
23 5 25 22 12 18 0 11 22 24
3 3 5 20 18 12 23 0 13 7
24 15 10 26 3 12 11 24 0 9
12 4 2 20 22 26 12 12 17 0

0 10 15 8 18 21 22 3 1 3
25 0 22 21 26 9 11 19 25 25
9 4 0 19 11 3 8 25 7 22
26 3 18 0 8 11 9 7 4 3
8 1 12 8 0 7 19 21 17 12
18 6 8 6 11 0 1 25 11 18
25 6 5 23 5 9 0 2 1 7
25 18 11 26 26 25 25 0 23 18
20 8 21 19 10 1 23 11 0 8
18 19 18 26 6 23 5 10 24 0

0 1 14 21 17 19 6 6 26 10
8 0 15 14 15 3 21 24 24 13
22 15 0 3 14 3 6 9 12 6
9 25 3 0 9 13 19 25 18 23
1 9 14 1 0 10 20 23 8 20
20 20 22 26 10 0 10 18 23 22
19 18 10 3 18 23 0 3 9 24
6 6 18 21 22 22 2 0 2 11
11 23 21 10 16 23 6 7 0 23
10 24 1 3 5 12 22 11 21 0

0 17 16 7 24 15 16 18 22 16
26 0 5 15 18 19 12 2 17 17
25 6 0 26 7 10 3 20 25 24
25 12 3 0 5 13 16 1 25 19
9 7 11 22 0 9 21 7 3 25
12 2 1 7 6 0 14 21 19 8
25 7 21 24 16 23 0 6 10 14
18 2 17 24 3 7 21 0 3 14
13 10 2 8 11 19 19 7 0 13
4 23 14 18 5 13 8 23 24 0
