30 10 8
10    6  0 38  2 38  3 38  5 38  6 38  7 38    4  0 75  2 75  4 75  9 75    5  5 12  6 12  7 12  8 12  9 12    4  5 97  7 97  8 97  9 97    5  0 76  1 76  3 76  4 76  7 76    5  1 29  2 29  3 29  4 29  8 29    2  8 14  9 14    5  0 66  3 66  4 66  6 66  8 66    3  2 44  4 44  7 44    1  3 12
10    7  0 43  1 43  3 43  4 43  6 43  7 43  9 43    5  1 38  2 38  3 38  5 38  8 38    2  1 80  5 80    4  3 82  4 82  6 82  7 82    4  2 85  4 85  5 85  6 85    5  1 58  4 58  5 58  6 58  7 58    7  1 87  2 87  3 87  5 87  6 87  7 87  9 87    7  0 92  1 92  3 92  5 92  7 92  8 92  9 92    5  1 89  2 89  4 89  5 89  9 89    5  0 69  1 69  2 69  7 69  8 69
10    4  1 48  6 48  7 48  8 48    7  0 8  1 8  2 8  4 8  5 8  6 8  7 8    4  0 66  3 66  6 66  8 66    2  1 7  7 7    3  1 14  2 14  6 14    7  0 41  1 41  3 41  4 41  6 41  8 41  9 41    5  0 61  3 61  4 61  5 61  7 61    5  0 43  1 43  3 43  7 43  8 43    5  1 84  4 84  5 84  6 84  7 84    5  2 5  3 5  5 5  8 5  9 5
10    5  0 19  3 19  5 19  7 19  8 19    4  3 74  4 74  6 74  8 74    5  2 41  4 41  5 41  6 41  8 41    5  0 59  2 59  3 59  4 59  8 59    5  0 43  3 43  5 43  6 43  8 43    6  2 42  5 42  6 42  7 42  8 42  9 42    3  0 73  8 73  9 73    5  4 97  5 97  6 97  7 97  8 97    3  1 8  3 8  7 8    4  0 96  1 96  3 96  9 96
10    7  0 75  2 75  3 75  4 75  5 75  6 75  9 75    8  0 5  1 5  2 5  3 5  4 5  5 5  7 5  8 5    4  2 70  4 70  7 70  9 70    2  5 42  8 42    4  1 23  3 23  4 23  7 23    3  4 55  6 55  8 55    3  1 48  3 48  5 48    5  0 38  2 38  3 38  4 38  9 38    1  4 37    8  0 7  1 7  3 7  5 7  6 7  7 7  8 7  9 7
10    7  0 72  1 72  2 72  5 72  7 72  8 72  9 72    4  4 31  5 31  7 31  9 31    4  1 95  3 95  5 95  9 95    6  0 79  2 79  3 79  5 79  6 79  7 79    4  2 25  4 25  7 25  9 25    3  1 56  5 56  8 56    4  0 9  1 9  4 9  8 9    4  0 60  4 60  6 60  9 60    4  1 73  4 73  5 73  7 73    4  0 43  2 43  6 43  9 43
10    3  0 31  3 31  9 31    4  1 78  3 78  5 78  9 78    2  6 16  9 16    3  0 94  2 94  4 94    4  3 86  7 86  8 86  9 86    4  0 21  2 21  3 21  5 21    7  0 97  1 97  2 97  3 97  4 97  5 97  6 97    7  0 53  2 53  3 53  5 53  6 53  8 53  9 53    2  1 7  2 7    7  1 64  2 64  3 64  4 64  5 64  7 64  8 64
10    5  0 86  1 86  2 86  3 86  5 86    6  0 65  2 65  3 65  6 65  8 65  9 65    4  1 59  2 59  6 59  8 59    3  0 44  8 44  9 44    3  1 33  4 33  8 33    4  2 85  5 85  7 85  9 85    4  0 61  4 61  5 61  6 61    4  0 32  5 32  7 32  9 32    4  3 63  6 63  8 63  9 63    4  0 30  3 30  4 30  6 30
10    3  4 11  6 11  8 11    3  5 61  7 61  8 61    3  0 84  8 84  9 84    4  2 16  3 16  5 16  6 16    3  3 90  4 90  7 90    3  1 30  5 30  6 30    4  0 60  2 60  4 60  9 60    6  0 93  3 93  4 93  5 93  7 93  8 93    4  0 44  1 44  2 44  8 44    5  0 45  2 45  4 45  6 45  8 45
10    4  2 11  3 11  5 11  7 11    5  2 28  4 28  5 28  6 28  8 28    4  0 32  1 32  6 32  9 32    4  4 36  6 36  7 36  8 36    4  1 31  3 31  7 31  8 31    5  0 47  2 47  4 47  5 47  9 47    6  0 20  1 20  2 20  3 20  4 20  8 20    4  4 52  5 52  6 52  8 52    3  2 35  4 35  9 35    5  1 49  2 49  3 49  8 49  9 49
10    5  2 17  3 17  4 17  5 17  8 17    1  3 34    5  2 49  4 49  5 49  6 49  7 49    4  1 84  2 84  6 84  7 84    3  0 85  5 85  8 85    5  5 20  6 20  7 20  8 20  9 20    6  0 74  2 74  3 74  6 74  7 74  8 74    5  1 68  4 68  6 68  7 68  9 68    5  0 10  2 10  4 10  5 10  7 10    3  2 77  7 77  9 77
10    3  3 71  8 71  9 71    7  1 7  2 7  3 7  4 7  5 7  6 7  7 7    5  0 29  3 29  4 29  6 29  7 29    6  0 85  1 85  4 85  5 85  8 85  9 85    6  0 76  1 76  4 76  6 76  8 76  9 76    2  5 59  6 59    5  2 17  4 17  5 17  6 17  9 17    4  0 17  5 17  8 17  9 17    6  0 13  1 13  3 13  5 13  8 13  9 13    1  7 48
10    6  0 39  1 39  2 39  3 39  6 39  7 39    4  0 16  4 16  6 16  9 16    6  0 39  2 39  3 39  4 39  5 39  8 39    4  3 87  5 87  6 87  8 87    3  4 11  7 11  8 11    5  0 32  2 32  3 32  6 32  9 32    2  0 15  2 15    3  0 19  1 19  3 19    3  0 64  5 64  9 64    4  0 43  1 43  3 43  8 43
10    6  1 33  3 33  5 33  6 33  7 33  9 33    6  0 82  2 82  6 82  7 82  8 82  9 82    6  0 92  1 92  2 92  7 92  8 92  9 92    6  0 83  1 83  3 83  4 83  5 83  9 83    6  0 32  3 32  5 32  6 32  8 32  9 32    3  3 99  7 99  9 99    4  2 99  3 99  4 99  9 99    3  0 91  4 91  7 91    4  0 8  3 8  4 8  6 8    4  0 57  1 57  6 57  7 57
10    3  1 7  6 7  7 7    4  0 48  2 48  5 48  9 48    4  4 62  5 62  8 62  9 62    5  2 88  3 88  4 88  5 88  8 88    6  4 21  5 21  6 21  7 21  8 21  9 21    4  1 39  5 39  7 39  9 39    5  1 27  3 27  5 27  8 27  9 27    5  0 91  3 91  4 91  5 91  6 91    3  1 38  5 38  9 38    6  0 69  1 69  2 69  5 69  6 69  9 69
10    6  1 64  2 64  3 64  4 64  5 64  9 64    3  0 45  2 45  8 45    3  0 24  3 24  8 24    5  2 80  4 80  6 80  7 80  8 80    4  1 67  2 67  5 67  9 67    3  2 18  4 18  8 18    6  0 38  1 38  4 38  6 38  7 38  9 38    3  0 88  3 88  9 88    4  1 80  2 80  5 80  8 80    5  0 44  1 44  2 44  3 44  5 44
10    4  2 15  4 15  5 15  6 15    5  0 72  2 72  3 72  5 72  7 72    5  0 40  1 40  4 40  5 40  7 40    3  2 21  7 21  8 21    5  1 52  3 52  5 52  6 52  8 52    5  0 51  4 51  5 51  7 51  8 51    4  1 59  3 59  5 59  9 59    6  0 24  1 24  2 24  6 24  7 24  8 24    4  4 47  6 47  8 47  9 47    5  2 43  3 43  5 43  6 43  9 43
10    5  0 77  2 77  4 77  5 77  6 77    6  2 43  3 43  5 43  6 43  7 43  8 43    5  1 40  2 40  4 40  5 40  9 40    4  0 31  1 31  2 31  7 31    3  4 76  6 76  8 76    5  0 20  3 20  4 20  5 20  6 20    6  3 88  4 88  5 88  6 88  7 88  9 88    5  1 70  3 70  4 70  8 70  9 70    4  0 5  1 5  8 5  9 5    5  0 32  1 32  3 32  8 32  9 32
10    2  2 14  9 14    5  4 58  5 58  6 58  7 58  8 58    6  1 85  2 85  3 85  6 85  7 85  9 85    5  0 64  3 64  5 64  7 64  8 64    5  0 26  1 26  4 26  6 26  8 26    5  0 94  3 94  4 94  5 94  6 94    4  0 32  2 32  4 32  7 32    7  0 49  1 49  3 49  4 49  5 49  6 49  7 49    6  0 80  3 80  4 80  6 80  8 80  9 80    4  0 47  3 47  4 47  5 47
10    5  3 23  4 23  5 23  6 23  9 23    5  0 11  1 11  2 11  5 11  7 11    4  0 34  1 34  3 34  8 34    2  4 75  8 75    6  2 79  4 79  5 79  6 79  7 79  9 79    4  3 26  4 26  5 26  9 26    5  1 96  2 96  4 96  5 96  9 96    2  0 5  1 5    4  0 9  4 9  6 9  7 9    8  0 59  1 59  2 59  3 59  5 59  6 59  8 59  9 59
10    5  0 75  2 75  3 75  6 75  9 75    3  1 20  2 20  9 20    5  1 10  5 10  6 10  7 10  8 10    5  0 66  1 66  3 66  6 66  7 66    7  1 43  2 43  4 43  5 43  6 43  7 43  9 43    5  0 37  2 37  6 37  7 37  8 37    3  1 9  2 9  8 9    4  4 83  7 83  8 83  9 83    4  0 68  4 68  7 68  8 68    2  1 52  5 52
10    7  0 54  1 54  3 54  4 54  6 54  7 54  8 54    5  1 26  3 26  5 26  6 26  7 26    2  1 79  4 79    7  2 88  3 88  4 88  5 88  6 88  7 88  9 88    6  1 84  2 84  6 84  7 84  8 84  9 84    4  0 6  1 6  3 6  4 6    7  1 54  2 54  3 54  4 54  7 54  8 54  9 54    6  1 59  3 59  4 59  5 59  6 59  9 59    3  3 28  4 28  6 28    2  3 42  5 42
10    3  2 56  4 56  8 56    5  1 29  2 29  3 29  5 29  9 29    6  0 36  1 36  3 36  6 36  7 36  8 36    5  0 40  1 40  2 40  5 40  6 40    3  0 86  6 86  8 86    3  6 68  7 68  8 68    8  1 69  2 69  3 69  4 69  6 69  7 69  8 69  9 69    4  0 23  4 23  6 23  7 23    6  0 62  2 62  4 62  5 62  6 62  9 62    5  0 16  1 16  2 16  3 16  5 16
10    4  0 53  3 53  5 53  7 53    6  0 5  1 5  2 5  4 5  7 5  8 5    3  0 17  6 17  9 17    6  2 59  3 59  4 59  6 59  7 59  9 59    6  2 59  3 59  4 59  7 59  8 59  9 59    4  1 78  6 78  7 78  8 78    3  3 64  4 64  8 64    5  0 82  1 82  2 82  4 82  7 82    3  0 13  4 13  5 13    5  1 12  3 12  4 12  5 12  7 12
10    4  4 7  5 7  7 7  9 7    3  2 62  6 62  8 62    5  2 90  3 90  4 90  6 90  7 90    6  1 83  2 83  3 83  4 83  5 83  9 83    2  1 85  2 85    7  2 69  3 69  4 69  5 69  7 69  8 69  9 69    7  0 16  3 16  4 16  5 16  6 16  8 16  9 16    7  0 81  2 81  4 81  5 81  7 81  8 81  9 81    5  2 58  3 58  4 58  6 58  8 58    5  0 66  2 66  7 66  8 66  9 66
10    6  1 24  2 24  6 24  7 24  8 24  9 24    5  2 65  4 65  7 65  8 65  9 65    5  0 69  1 69  4 69  6 69  7 69    2  1 42  5 42    6  0 82  4 82  6 82  7 82  8 82  9 82    5  0 82  2 82  4 82  5 82  6 82    3  0 83  4 83  8 83    4  2 46  3 46  4 46  6 46    5  3 72  5 72  7 72  8 72  9 72    3  4 33  6 33  9 33
10    4  1 10  3 10  7 10  8 10    4  1 27  6 27  8 27  9 27    5  0 43  3 43  6 43  7 43  8 43    5  1 20  3 20  4 20  5 20  6 20    6  1 71  3 71  4 71  5 71  7 71  8 71    4  2 65  5 65  7 65  9 65    4  0 73  2 73  4 73  6 73    2  1 99  6 99    4  0 24  1 24  2 24  7 24    5  2 64  3 64  7 64  8 64  9 64
10    5  0 35  1 35  5 35  6 35  9 35    5  1 92  3 92  5 92  6 92  9 92    5  0 38  1 38  2 38  4 38  8 38    3  2 35  4 35  5 35    6  0 30  2 30  4 30  5 30  6 30  7 30    6  3 45  5 45  6 45  7 45  8 45  9 45    8  0 8  2 8  3 8  4 8  5 8  7 8  8 8  9 8    4  1 82  3 82  4 82  6 82    8  0 34  1 34  3 34  4 34  5 34  6 34  7 34  9 34    6  2 21  4 21  5 21  6 21  7 21  9 21
10    3  0 23  2 23  5 23    4  1 84  3 84  7 84  8 84    3  2 7  6 7  9 7    4  1 85  2 85  4 85  5 85    3  1 60  7 60  8 60    3  1 15  3 15  5 15    5  2 52  3 52  6 52  7 52  9 52    3  4 94  5 94  6 94    8  1 83  2 83  3 83  4 83  6 83  7 83  8 83  9 83    4  0 6  1 6  4 6  5 6
10    3  2 70  7 70  9 70    7  3 29  4 29  5 29  6 29  7 29  8 29  9 29    4  0 27  1 27  6 27  8 27    3  0 80  1 80  9 80    4  0 6  2 6  4 6  7 6    8  1 39  2 39  3 39  4 39  5 39  6 39  7 39  8 39    4  1 79  2 79  4 79  5 79    5  0 28  5 28  6 28  7 28  8 28    6  1 66  2 66  3 66  5 66  6 66  9 66    3  5 66  6 66  8 66

0 21 19 15 20 18 17 22 21 19 3 23 10 21 1 13 15 2 24 11 1 2 13 6 24 14 19 9 7 2
25 0 22 1 20 6 7 23 21 2 5 8 25 20 20 22 2 3 25 15 24 4 17 19 20 17 20 12 2 23
22 1 0 5 22 16 24 12 5 12 5 24 14 7 8 24 3 17 12 9 5 22 9 4 25 4 13 12 23 4
17 24 23 0 18 13 3 15 14 24 22 9 17 1 25 12 2 1 18 1 5 11 16 9 16 1 4 23 14 17
6 16 16 1 0 25 22 14 14 17 24 2 9 23 13 7 9 17 1 21 11 25 12 1 7 16 24 9 5 4
14 17 12 17 25 0 17 1 23 24 19 11 9 1 21 9 2 6 1 15 10 8 24 1 22 24 1 23 11 9
15 22 2 12 9 8 0 9 1 9 19 10 7 1 15 23 3 12 17 9 24 2 24 20 19 18 1 4 11 18
16 12 22 24 3 9 13 0 15 9 23 20 9 10 7 2 16 15 15 9 8 10 23 2 11 20 16 22 23 12
10 21 9 8 24 2 20 3 0 2 19 23 11 19 20 17 2 17 6 15 18 10 17 3 18 16 18 14 14 22
11 22 25 23 9 6 7 22 11 0 11 15 11 4 19 20 24 7 11 18 19 23 9 13 1 19 2 12 9 17
21 5 9 18 5 19 8 14 17 3 0 1 9 24 5 11 4 2 16 11 2 15 17 11 20 7 15 14 21 5
4 8 3 8 8 10 14 5 5 8 8 0 6 20 18 25 19 17 18 19 23 7 19 17 11 19 18 23 8 8
3 25 15 16 11 21 22 11 11 11 15 19 0 19 17 14 24 25 21 7 9 16 20 2 7 16 22 18 20 3
12 1 24 1 9 11 9 9 6 1 15 20 25 0 11 22 15 2 11 14 10 5 22 14 25 7 16 2 13 25
15 13 5 18 22 23 11 17 3 20 9 12 15 22 0 5 12 24 21 5 6 18 14 22 16 3 2 2 13 10
5 16 23 11 22 20 15 24 10 17 21 12 19 15 10 0 15 6 5 16 21 8 8 1 13 23 17 13 24 16
17 2 4 25 1 6 22 19 7 19 22 13 13 5 9 24 0 24 4 5 7 4 3 23 19 8 21 19 7 16
22 17 1 19 18 1 23 14 15 8 15 6 5 12 5 3 9 0 25 14 4 16 15 6 24 8 4 2 4 25
16 14 10 13 14 23 19 25 2 16 11 12 22 16 8 6 11 13 0 14 19 7 23 19 5 23 4 2 17 8
2 25 14 11 23 14 2 19 5 11 21 21 11 18 15 4 8 13 9 0 23 1 23 1 10 24 19 9 23 10
8 1 12 21 3 18 21 2 22 11 25 10 12 4 7 19 19 5 16 4 0 8 3 10 19 7 22 21 3 19
25 8 16 13 22 10 9 17 3 19 24 21 10 16 12 21 12 21 13 7 19 0 25 7 9 8 10 8 24 24
12 19 2 9 9 5 22 24 3 14 6 2 15 13 7 4 8 12 22 15 1 6 0 2 4 21 9 16 10 13
24 2 8 2 18 20 24 13 6 9 7 25 18 24 3 21 23 25 25 2 15 19 21 0 4 13 2 11 11 25
17 20 2 22 9 12 7 24 2 2 11 8 21 2 25 12 16 18 9 19 20 14 18 15 0 19 25 22 24 1
4 24 1 4 19 2 15 7 13 21 5 17 4 22 9 25 9 6 24 10 6 12 4 23 1 0 10 25 2 1
16 7 24 17 14 10 2 5 8 21 25 25 12 9 23 21 8 15 22 1 23 20 6 23 20 6 0 7 5 17
7 4 23 21 21 5 19 22 15 9 22 11 19 9 23 9 19 18 18 24 9 3 10 25 16 7 18 0 8 23
24 6 15 4 17 12 8 16 21 17 21 14 21 13 19 15 20 6 23 21 12 1 9 4 14 23 24 2 0 12
9 12 15 5 25 11 14 10 25 21 21 16 12 5 2 1 19 10 12 22 17 11 8 1 2 3 3 2 25 0

0 2 4 2 2 14 21 20 6 11 25 16 24 8 24 9 13 22 8 13 18 24 6 2 4 5 14 18 10 13
7 0 18 11 12 9 7 18 16 9 18 10 12 15 16 24 20 23 4 4 15 13 14 7 14 10 2 5 14 3
10 18 0 5 17 10 21 2 4 15 10 21 10 16 21 10 14 8 4 18 3 16 23 18 8 10 4 7 6 19
3 15 5 0 1 8 25 15 7 24 7 3 11 6 13 14 15 14 21 19 12 17 14 19 8 7 21 25 21 15
8 22 9 20 0 20 2 8 8 1 19 20 6 18 9 12 18 9 17 6 22 23 12 25 14 14 9 7 6 20
20 15 14 5 7 0 2 9 19 16 8 15 23 5 25 22 17 7 25 11 24 15 11 7 1 6 18 16 10 3
9 15 10 25 20 17 0 5 15 16 24 23 25 5 10 5 24 11 24 5 1 19 14 12 21 8 8 20 15 5
1 4 14 15 1 2 23 0 5 21 19 13 12 7 2 23 22 1 19 22 17 7 2 14 14 10 25 2 2 17
2 19 2 3 23 10 9 1 0 17 19 18 13 4 4 2 4 15 14 1 21 12 8 25 21 17 25 23 23 18
25 4 22 25 15 18 7 9 15 0 25 3 2 11 14 13 2 25 9 5 4 13 21 8 1 14 17 17 14 12
1 16 4 14 12 6 23 5 1 6 0 17 15 17 18 24 2 13 8 3 13 1 19 22 7 23 25 20 15 20
7 5 10 8 11 21 17 15 22 20 7 0 9 25 13 21 8 4 8 13 15 6 19 14 6 1 6 17 9 16
5 21 17 8 5 3 5 18 22 2 22 25 0 14 25 3 23 9 14 10 12 15 16 7 7 24 6 1 8 4
5 23 25 17 14 3 5 8 12 15 13 1 6 0 11 5 15 4 24 22 17 24 20 19 13 15 5 17 15 17
2 14 8 25 15 16 6 2 13 12 8 18 20 15 0 23 5 24 4 12 14 18 18 12 12 14 11 18 4 1
22 20 23 21 1 13 5 10 16 14 16 5 25 7 15 0 17 9 9 13 8 6 13 21 20 9 15 4 11 2
19 21 24 3 3 19 11 12 5 12 7 14 7 14 3 16 0 16 21 3 14 4 14 9 13 5 20 20 14 10
3 13 18 1 10 10 25 4 22 19 15 11 16 1 10 20 2 0 4 23 16 19 6 14 8 10 20 8 11 16
19 23 3 5 9 20 8 10 24 19 18 21 13 25 16 22 1 10 0 19 25 23 8 18 22 16 17 15 24 17
11 22 13 8 15 17 24 25 21 22 1 3 3 3 4 22 10 6 17 0 4 19 4 1 25 1 20 8 24 4
25 17 23 1 2 15 11 15 11 23 14 14 16 1 5 20 17 25 16 5 0 13 16 17 6 22 22 20 22 16
3 5 23 15 10 7 17 2 18 8 23 11 6 23 16 1 19 6 23 24 9 0 6 1 16 14 10 4 11 13
3 20 11 24 5 4 8 18 11 19 22 17 18 18 17 21 7 4 18 13 3 11 0 2 17 15 15 18 4 18
17 10 7 25 18 7 18 20 10 25 17 18 4 13 21 19 1 11 19 24 19 23 21 0 20 3 22 6 10 22
2 7 6 16 13 4 3 19 11 18 20 2 11 18 10 23 5 24 13 4 7 23 6 3 0 13 25 9 11 17
5 21 17 22 7 23 12 3 7 18 23 13 15 14 22 1 8 16 21 11 6 5 24 22 18 0 25 3 8 8
15 5 22 1 21 23 23 11 14 4 8 20 8 24 9 19 4 3 10 21 13 12 6 24 10 7 0 23 9 20
23 1 25 17 5 18 1 2 22 18 23 9 12 20 7 9 17 10 8 5 23 2 18 6 15 7 24 0 4 21
23 8 13 25 5 10 17 3 17 12 8 11 20 8 2 4 6 16 5 15 25 1 14 24 6 13 20 25 0 16
15 4 3 4 23 12 21 19 25 11 2 12 12 18 12 23 19 5 12 22 11 20 3 21 8 10 2 11 5 0

0 23 24 19 24 25 15 12 20 23 11 15 11 17 14 16 24 6 22 13 8 22 16 1 9 6 23 9 13 21
12 0 13 24 20 21 10 8 10 24 2 15 6 1 20 12 16 14 4 6 6 4 4 6 1 8 2 24 4 3
18 4 0 7 19 6 2 4 11 11 20 20 14 11 12 8 25 16 4 4 11 9 1 25 16 13 13 18 21 12
7 12 10 0 1 1 18 4 17 10 21 18 25 25 4 9 13 9 16 5 6 8 7 3 9 12 14 10 17 18
11 15 11 23 0 18 13 10 21 22 15 14 2 8 10 3 7 25 20 2 17 14 7 18 1 16 20 13 18 19
18 14 8 24 5 0 19 22 13 8 2 22 8 25 7 6 23 10 2 16 20 24 3 6 2 20 16 24 21 4
12 17 7 2 8 7 0 4 16 15 11 1 18 13 9 19 8 21 18 15 2 23 17 21 8 6 1 4 16 16
4 1 18 8 6 18 21 0 9 10 13 2 13 20 12 11 19 3 16 4 3 9 23 6 4 8 7 11 3 11
3 20 11 24 24 24 3 21 0 5 18 3 7 25 23 6 19 8 18 15 12 5 3 18 24 18 15 18 7 13
7 23 7 13 6 22 17 21 9 0 19 23 15 14 11 1 19 2 8 3 24 11 3 24 11 3 19 18 6 5
1 6 21 9 20 17 22 18 19 10 0 16 5 1 2 5 21 18 6 23 6 23 20 18 13 13 14 17 19 20
3 21 9 5 15 1 19 6 8 9 21 0 10 12 25 22 7 14 13 23 3 13 9 15 9 5 12 2 3 6
8 4 9 6 1 13 1 2 24 17 16 15 0 4 12 12 12 18 15 2 8 1 16 17 2 1 12 6 11 6
23 15 19 15 10 8 18 4 3 11 7 3 24 0 18 7 24 19 7 8 17 1 7 2 23 8 15 13 25 14
1 19 14 2 3 13 17 4 3 16 12 12 24 23 0 7 23 9 1 7 18 24 19 15 15 23 20 6 16 24
20 17 24 25 5 22 20 22 17 7 5 5 24 9 4 0 11 8 9 14 25 1 12 19 7 19 21 8 5 10
21 4 10 18 23 16 24 1 23 4 9 16 11 17 13 15 0 19 7 10 11 5 9 17 16 1 2 13 4 6
10 15 3 14 10 12 16 23 19 15 15 1 22 23 5 9 25 0 10 1 21 8 24 22 14 19 10 2 3 2
4 14 11 14 1 4 1 8 1 6 5 15 20 16 2 22 6 12 0 8 7 9 22 23 9 23 3 17 6 10
14 23 25 19 14 11 6 8 19 6 5 17 19 20 11 20 22 16 10 0 3 12 20 8 2 23 6 4 18 16
1 2 7 13 4 11 15 8 8 7 13 14 16 18 18 1 9 25 25 17 0 7 21 13 16 14 10 15 16 20
2 20 2 11 17 18 12 8 9 5 10 10 2 25 23 12 6 5 18 15 4 0 8 10 25 23 16 2 13 7
2 16 15 7 13 24 15 10 16 19 7 4 24 2 3 6 21 2 3 1 7 5 0 4 23 24 14 4 4 6
23 20 17 17 7 19 10 9 9 23 20 21 12 21 15 8 13 10 25 20 3 12 16 0 5 6 15 24 14 8
1 1 15 12 3 10 13 16 23 22 18 15 13 15 10 13 4 2 12 14 14 3 7 16 0 16 12 2 11 19
14 17 18 5 9 14 13 15 3 3 7 21 22 14 23 21 6 10 17 25 18 24 24 8 25 0 10 8 23 18
23 15 7 24 24 9 25 21 4 8 23 24 21 10 8 8 23 7 7 7 12 2 19 24 1 15 0 13 15 4
20 13 4 17 19 20 5 15 25 9 19 7 24 3 24 20 11 20 9 8 20 25 21 23 10 21 18 0 10 7
22 1 12 25 9 23 9 19 12 13 15 1 24 3 14 24 24 5 22 2 19 6 5 21 10 17 22 12 0 11
14 1 13 8 20 2 17 4 6 20 17 5 6 15 22 13 16 25 1 3 5 9 13 14 17 3 20 25 6 0

0 25 25 8 3 9 18 23 2 17 3 13 5 12 9 11 22 24 14 24 1 21 19 1 11 17 13 19 14 13
4 0 5 22 13 10 22 12 1 12 4 25 17 18 7 17 11 7 17 5 4 17 3 21 19 19 13 7 2 2
14 1 0 16 2 25 21 10 7 23 6 23 23 22 9 2 25 11 8 8 1 1 2 5 13 3 11 14 20 19
5 3 6 0 13 4 10 13 19 12 16 6 5 21 14 23 9 12 7 20 10 2 18 16 9 13 2 4 2 15
10 7 21 17 0 3 15 6 24 21 17 23 24 2 15 8 11 23 3 3 13 21 17 7 8 5 1 4 9 15
15 11 23 9 15 0 19 22 18 24 12 9 22 24 12 24 22 1 20 21 22 25 4 5 1 25 17 6 7 24
18 13 20 25 5 17 0 10 11 22 20 24 14 5 4 22 19 8 23 11 24 23 15 20 1 6 15 23 21 2
10 17 9 8 12 22 25 0 6 24 11 22 16 22 7 9 22 18 3 4 7 16 19 11 1 25 24 4 8 7
9 24 19 23 22 23 15 7 0 13 25 7 20 8 5 7 25 24 14 19 5 22 24 14 4 24 18 1 24 18
15 19 17 7 9 24 22 16 7 0 16 20 12 17 17 11 12 4 8 9 20 6 14 9 2 4 19 4 10 12
2 17 11 11 15 3 17 5 23 19 0 17 16 14 2 18 6 20 5 12 13 10 23 25 17 10 11 13 5 23
24 7 15 10 4 2 11 19 3 23 22 0 24 25 4 10 19 8 14 14 9 11 3 3 20 19 21 23 15 5
20 21 6 18 18 17 2 22 20 3 2 8 0 21 7 19 24 25 3 23 10 17 19 9 6 13 22 5 21 8
4 1 2 15 1 12 8 13 17 3 17 5 22 0 5 21 1 6 24 15 24 25 19 17 10 20 11 15 18 22
25 9 21 12 3 7 15 10 19 19 25 18 3 13 0 7 6 7 3 17 21 12 17 7 9 12 10 17 23 2
25 7 3 7 17 19 14 1 4 16 20 3 15 17 6 0 12 8 21 22 2 13 18 13 2 7 23 17 5 2
14 20 5 20 14 8 11 17 20 15 24 12 7 23 15 16 0 9 15 24 15 19 15 5 12 12 20 17 25 7
13 4 19 12 13 8 22 16 24 5 15 25 8 23 23 2 17 0 23 3 3 25 12 5 10 13 7 24 3 25
25 20 11 24 9 9 20 2 22 9 6 4 9 1 15 7 2 12 0 20 4 23 24 16 8 4 5 14 21 22
9 24 19 24 20 20 9 24 12 18 2 24 23 2 19 14 16 13 17 0 25 20 25 17 2 9 25 11 9 7
20 12 24 2 13 20 14 20 4 23 15 3 5 19 4 14 14 10 6 7 0 3 23 4 24 21 2 8 3 3
2 19 20 6 19 24 25 14 5 2 20 6 15 13 13 4 14 6 5 22 15 0 21 17 1 24 25 13 3 2
12 11 16 13 4 3 12 15 17 20 22 7 8 23 24 4 7 2 12 3 18 14 0 21 13 24 1 9 3 4
22 23 9 7 25 21 23 8 2 2 23 11 9 10 19 16 25 4 6 13 23 9 5 0 18 11 13 13 9 2
11 20 10 6 21 10 18 15 14 4 25 17 2 24 8 15 15 10 23 2 21 25 6 13 0 22 1 17 5 4
2 13 13 7 23 18 16 10 4 10 15 11 22 14 7 5 15 21 2 7 18 20 4 24 2 0 17 11 24 2
18 17 13 15 20 19 5 17 5 1 5 19 12 2 19 20 19 25 13 20 8 17 22 1 5 8 0 1 16 13
5 21 25 24 2 3 19 7 23 7 6 23 22 24 16 13 20 13 8 7 5 4 19 3 17 14 23 0 9 5
9 24 20 6 22 8 13 22 8 6 23 4 21 24 22 3 5 11 11 25 20 21 10 13 8 18 7 21 0 4
18 5 17 14 16 1 2 18 6 15 5 7 3 19 4 19 12 22 10 16 13 6 18 25 18 12 1 10 1 0

0 8 12 24 21 9 15 3 6 22 1 17 5 10 15 20 22 4 20 10 3 1 22 22 20 4 6 5 3 13
24 0 14 13 3 7 8 18 20 15 7 10 4 5 10 7 10 4 2 25 19 5 4 5 3 20 20 17 18 21
19 15 0 21 8 7 24 15 22 1 16 16 19 8 7 24 9 22 7 9 18 6 9 7 21 23 1 10 2 2
10 24 10 0 20 1 10 1 10 15 20 25 16 10 6 23 14 18 23 15 2 11 14 6 8 20 14 25 7 24
11 18 17 20 0 4 4 23 13 4 25 6 25 1 16 21 7 22 23 25 4 2 3 24 6 21 16 11 14 18
18 10 7 18 20 0 8 18 15 12 13 19 18 20 24 5 4 3 20 18 24 2 18 8 15 16 24 9 8 25
1 1 23 16 17 11 0 16 12 25 8 1 8 13 12 8 21 9 18 4 24 18 16 23 8 13 8 24 7 3
25 22 21 22 1 6 17 0 11 2 23 18 19 17 11 14 24 1 17 7 13 9 15 23 16 9 22 22 17 20
22 5 9 22 23 10 10 10 0 5 9 4 10 16 16 14 20 18 2 18 23 21 7 11 4 21 1 7 5 8
16 14 14 25 14 3 15 17 14 0 6 7 2 7 18 1 15 14 21 16 3 15 9 16 11 22 19 8 8 23
23 5 9 15 11 23 9 18 3 24 0 6 1 25 18 11 3 10 2 3 4 12 22 1 16 11 8 9 14 18
4 8 5 24 20 4 5 3 10 3 6 0 17 13 19 7 10 12 5 15 23 4 7 14 25 7 18 3 3 16
11 4 19 18 7 8 8 9 14 16 15 16 0 25 18 12 5 2 14 7 20 21 23 11 4 15 11 6 17 17
15 4 10 23 25 3 11 5 15 7 6 24 4 0 19 20 22 16 20 24 14 7 21 5 17 25 15 8 11 25
7 9 3 11 8 8 5 13 5 10 2 13 14 3 0 13 19 19 17 6 16 25 18 18 11 15 18 2 6 9
8 21 11 8 12 10 10 9 1 22 2 12 4 5 23 0 2 21 9 21 10 1 6 8 6 2 16 25 17 21
12 9 2 11 18 24 17 4 15 10 13 19 17 3 6 7 0 5 7 11 13 5 25 9 11 10 6 13 10 8
15 20 1 21 6 21 15 1 17 16 22 16 6 19 24 9 10 0 1 6 13 1 10 3 16 22 5 15 16 5
23 12 16 25 1 14 6 22 13 16 24 3 22 6 8 8 10 6 0 7 24 21 14 17 10 13 24 18 21 12
6 1 15 23 5 14 7 20 5 4 5 17 4 15 3 16 23 14 24 0 7 18 23 20 6 20 13 5 11 9
12 11 9 24 13 10 9 3 18 3 22 25 22 10 23 9 9 1 3 12 0 21 20 3 6 12 22 2 11 9
14 17 25 23 21 8 1 23 16 15 21 6 10 4 7 10 24 14 13 20 13 0 9 24 20 12 11 23 24 9
14 13 12 21 21 16 18 3 5 11 13 15 22 25 18 10 23 2 11 7 21 16 0 13 10 12 8 13 19 9
23 6 14 6 10 4 25 13 10 7 6 11 20 13 15 3 19 17 16 5 16 1 9 0 6 17 13 7 13 21
24 2 22 3 10 2 17 10 13 8 4 11 2 16 1 17 14 18 4 5 15 7 8 7 0 10 2 16 3 16
21 20 23 6 5 1 8 5 4 12 7 4 13 4 22 3 19 3 15 2 15 5 19 1 15 0 10 13 16 25
22 10 13 22 23 6 8 15 18 17 21 5 7 16 14 2 11 13 12 14 18 12 17 22 24 17 0 18 13 18
7 13 3 17 12 15 9 10 2 12 22 21 4 2 9 4 3 13 8 17 18 22 7 24 3 13 24 0 25 7
12 8 25 14 14 12 10 8 5 19 10 18 6 3 15 22 5 6 4 24 20 11 10 10 11 10 5 15 0 13
16 6 17 11 4 1 5 11 6 4 21 4 19 19 16 14 11 2 21 13 13 9 11 13 22 15 17 23 9 0

0 1 4 22 1 2 11 14 19 7 22 20 22 21 23 1 6 18 2 3 23 19 4 13 1 16 3 23 13 2
7 0 3 21 11 22 21 15 18 13 12 21 17 21 21 22 19 22 7 10 5 12 1 18 25 5 11 3 4 23
19 1 0 6 24 7 14 25 18 23 4 10 11 16 21 19 15 23 24 24 12 18 2 25 6 13 23 14 2 15
24 24 25 0 17 25 3 1 11 10 25 14 14 11 11 18 10 22 21 7 13 22 14 14 15 6 5 16 11 25
11 3 12 8 0 25 20 9 18 13 6 24 14 7 2 22 18 20 5 3 13 23 25 3 25 9 15 7 1 6
9 8 11 1 14 0 24 1 25 21 20 12 1 13 13 22 10 18 4 23 23 13 7 24 10 11 20 13 18 10
9 4 4 16 1 18 0 8 18 24 15 4 12 24 6 23 22 16 13 19 20 7 19 20 24 25 1 12 2 2
22 25 8 21 18 21 8 0 13 15 14 12 8 14 3 3 19 25 15 7 19 8 18 20 11 7 10 9 11 24
21 14 7 2 24 8 19 13 0 18 3 15 15 22 4 11 18 14 22 17 9 1 12 16 22 10 9 5 8 6
23 1 15 18 25 1 23 12 7 0 18 16 23 13 8 11 9 23 17 14 4 1 11 21 1 5 5 13 24 24
17 17 4 2 1 6 16 3 16 22 0 9 1 22 12 2 12 18 7 3 9 8 10 24 17 24 24 13 19 18
19 7 1 23 11 25 6 8 13 23 13 0 15 15 16 2 3 11 4 20 8 13 24 10 12 6 20 19 3 14
12 25 18 12 21 3 3 2 23 21 19 15 0 15 10 17 21 21 5 8 14 16 15 7 15 18 3 8 15 8
24 23 4 3 13 14 11 9 4 13 16 1 1 0 21 13 14 8 10 7 11 24 17 13 14 12 4 13 12 20
19 5 5 23 18 24 7 21 22 3 11 14 14 22 0 24 7 25 10 7 14 10 25 21 23 21 2 13 19 8
25 7 13 17 23 18 22 19 19 5 13 25 23 9 15 0 18 13 14 7 1 18 24 21 14 12 14 25 14 18
19 1 25 21 13 20 7 3 24 23 6 10 14 4 10 9 0 2 24 18 7 1 21 18 24 12 7 22 6 6
1 10 18 20 19 3 20 7 23 20 14 10 23 6 23 4 9 0 14 6 12 13 24 20 15 17 14 22 9 24
23 13 22 10 2 25 5 20 16 8 22 17 8 11 24 25 17 6 0 19 16 2 5 10 16 10 9 5 12 15
17 12 8 17 14 9 13 16 21 22 9 6 5 7 19 19 5 11 15 0 24 9 4 1 4 25 5 10 1 10
9 14 8 20 12 21 21 7 19 12 17 23 12 2 12 1 20 6 18 18 0 24 4 15 24 17 17 2 9 23
11 7 4 7 4 5 15 10 13 12 21 4 23 12 7 9 5 5 12 14 13 0 19 3 15 6 11 10 3 7
24 15 15 22 25 12 5 21 9 5 9 1 24 15 22 20 8 14 20 9 18 3 0 5 10 18 15 14 10 24
6 18 18 23 11 2 22 10 19 22 12 12 5 7 8 10 12 3 17 9 22 24 13 0 22 1 11 1 2 5
2 8 8 20 10 16 13 23 2 5 25 11 17 25 4 8 10 24 5 6 22 11 12 10 0 9 8 17 23 3
7 12 13 12 17 25 21 19 10 17 5 9 14 3 17 16 8 19 11 1 21 4 10 10 18 0 13 9 21 1
10 19 12 20 24 7 25 14 2 25 2 24 24 7 22 10 23 17 5 13 16 15 7 19 8 15 0 3 2 8
19 3 19 14 23 20 7 8 8 21 1 10 13 13 14 25 19 25 21 22 18 5 3 8 21 14 19 0 22 14
14 16 21 20 13 19 21 6 22 22 23 25 10 1 22 8 15 15 23 5 7 4 17 3 24 3 8 13 0 14
20 4 7 18 25 12 7 3 19 9 7 15 16 1 7 18 12 7 23 5 11 3 1 3 16 13 24 23 25 0

0 16 9 4 10 21 6 14 22 9 24 13 10 18 5 1 18 16 6 21 11 14 18 13 10 17 25 19 9 8
23 0 18 17 21 25 11 1 5 5 19 21 3 25 2 23 1 4 11 19 2 2 22 5 9 22 4 24 20 6
23 22 0 3 16 23 9 1 6 16 2 1 5 6 9 21 23 9 17 16 17 1 9 9 4 11 5 2 10 15
24 11 22 0 10 17 15 6 3 8 9 12 8 13 20 21 10 6 15 22 13 16 24 16 15 24 7 4 18 13
1 24 14 24 0 23 6 7 23 18 3 19 14 9 7 17 9 25 23 2 1 10 2 2 13 5 8 20 20 18
16 14 3 9 21 0 9 22 22 2 8 11 15 23 23 1 5 14 22 3 6 3 17 24 5 13 18 10 15 23
3 24 5 4 24 18 0 8 16 12 25 23 24 18 14 18 24 19 10 12 21 10 8 20 8 3 24 22 25 18
6 25 24 7 1 15 9 0 23 21 1 24 6 7 6 6 18 22 11 20 8 7 14 1 7 7 6 25 18 19
4 11 13 22 8 22 13 21 0 18 5 21 3 16 7 3 3 3 2 9 13 5 25 3 25 18 19 20 6 4
19 16 23 2 18 18 19 2 17 0 16 23 24 12 25 2 8 25 9 9 24 4 10 25 25 2 5 20 24 17
7 20 14 11 16 2 21 1 1 4 0 11 13 18 4 22 15 12 18 17 23 1 6 2 6 6 6 13 23 12
2 23 13 4 24 8 19 16 12 21 18 0 16 17 15 14 18 15 16 2 22 5 10 15 16 5 10 22 21 3
3 24 8 20 24 13 2 9 5 22 10 13 0 7 6 25 21 22 17 9 14 15 9 11 12 6 18 18 6 12
25 1 1 17 12 6 7 19 15 17 1 12 12 0 16 8 9 4 17 21 10 16 20 5 8 9 4 10 6 1
8 15 6 6 14 6 24 6 5 2 15 10 19 11 0 14 15 3 17 20 2 2 5 25 12 18 20 22 1 23
25 23 18 7 18 21 2 15 4 17 14 10 25 2 24 0 7 5 24 24 13 4 19 12 14 16 24 22 13 25
1 15 24 9 3 12 12 15 9 11 13 9 8 21 20 14 0 21 1 11 11 23 20 18 3 12 4 17 12 12
21 9 2 18 7 5 25 16 1 14 18 25 15 21 11 15 20 0 11 25 4 3 3 13 19 8 23 1 7 2
5 17 25 16 6 17 10 3 18 6 23 21 12 1 8 6 9 11 0 22 5 18 12 14 12 25 2 25 5 5
25 22 5 13 1 15 5 10 4 13 22 11 1 20 20 3 19 20 11 0 24 9 5 8 7 4 14 24 21 21
7 15 24 14 20 23 21 21 23 1 17 6 23 14 17 4 3 16 12 21 0 25 9 3 7 21 10 10 9 21
21 20 14 2 10 5 20 18 20 2 2 6 5 21 10 19 20 5 3 22 1 0 24 19 20 7 18 5 8 8
10 8 22 23 15 6 25 3 18 5 6 12 17 20 3 18 10 13 13 23 18 4 0 10 13 15 14 23 10 19
23 12 7 3 5 7 15 2 7 11 7 10 5 2 24 16 6 11 24 17 22 10 21 0 23 18 19 10 16 9
11 8 21 3 17 17 7 18 10 7 5 14 18 12 6 12 14 19 6 12 16 7 21 18 0 22 9 17 9 5
16 11 15 16 16 20 4 20 11 3 16 13 7 12 2 13 6 9 5 12 21 23 2 14 9 0 5 3 4 11
2 22 17 8 12 17 6 3 25 6 16 25 11 17 12 10 4 19 14 22 23 8 16 3 24 10 0 15 8 15
13 13 18 18 20 25 5 10 16 17 5 2 21 18 15 1 12 23 7 9 15 23 12 23 24 19 6 0 24 22
5 22 9 9 17 11 19 14 20 6 6 23 13 2 7 11 11 5 15 6 23 2 10 18 4 9 7 23 0 10
20 12 7 21 23 12 19 10 14 22 23 15 17 5 25 5 14 22 24 22 2 10 8 6 9 1 10 4 8 0

0 13 20 5 13 1 17 2 19 8 25 9 6 4 25 1 16 21 21 18 9 12 15 6 9 10 24 22 4 17
8 0 9 23 24 19 25 16 4 20 18 24 20 12 8 4 19 4 23 2 17 22 21 8 14 18 24 14 15 10
3 12 0 18 3 2 5 24 19 23 14 2 21 9 3 21 11 8 13 8 8 8 24 5 20 1 10 12 15 24
13 7 2 0 20 7 18 11 4 16 12 3 15 8 15 8 10 1 10 3 24 14 12 16 8 1 1 10 3 9
9 7 7 23 0 17 13 3 22 23 13 2 2 1 22 18 19 9 22 13 4 10 4 15 16 2 13 12 4 12
22 13 11 4 25 0 12 8 20 10 13 3 15 13 6 9 18 2 23 5 19 6 19 15 7 6 18 23 1 24
5 22 18 10 6 3 0 5 22 15 19 6 20 15 22 23 15 11 17 8 9 20 13 19 20 2 17 12 15 7
15 4 23 19 15 21 3 0 4 20 15 4 13 21 21 22 6 11 12 11 10 9 14 12 6 4 23 23 13 2
4 11 9 18 10 15 20 25 0 10 21 25 19 5 1 25 19 1 18 23 22 22 15 10 22 2 5 10 15 3
23 24 4 23 16 24 12 13 16 0 14 20 6 18 6 2 18 16 23 6 21 17 21 9 11 12 22 25 9 21
13 17 12 9 24 20 13 3 10 24 0 15 20 16 8 7 8 17 2 16 17 1 6 5 15 21 11 7 10 12
18 3 25 6 25 14 6 25 19 20 7 0 22 24 23 18 3 21 14 1 5 2 11 6 5 16 1 1 2 17
9 17 10 14 15 17 10 5 9 17 18 11 0 5 3 5 10 23 25 1 1 7 19 3 2 7 15 12 11 23
7 13 21 13 15 13 1 11 8 18 13 18 21 0 25 10 25 15 7 4 10 20 14 14 19 17 18 3 15 14
16 18 25 19 5 14 19 5 21 5 3 10 4 4 0 2 18 14 12 1 13 8 9 12 23 15 13 13 18 25
6 2 16 14 11 9 2 4 5 5 5 14 19 1 24 0 5 20 14 2 3 14 25 24 20 1 5 24 2 9
6 17 10 6 13 24 22 1 13 1 7 16 5 11 8 14 0 25 3 22 4 3 13 3 11 15 6 1 22 24
17 15 20 10 11 24 23 1 3 21 17 2 8 24 8 18 16 0 8 4 10 4 10 3 19 12 19 18 14 9
8 16 9 8 20 2 1 15 14 24 5 1 1 17 15 11 15 24 0 13 17 25 1 7 2 8 21 10 19 14
23 25 18 17 16 15 24 2 19 25 18 5 5 6 6 17 18 10 3 0 25 20 16 12 23 17 17 25 22 25
7 22 22 5 17 23 17 10 12 15 15 15 24 21 6 23 2 21 22 12 0 12 13 22 6 3 4 8 20 18
8 10 25 3 17 21 15 18 23 8 22 7 24 10 2 12 6 10 23 19 18 0 20 8 19 12 2 17 11 10
7 23 11 23 13 16 13 19 2 1 5 21 23 20 4 15 15 22 4 19 2 8 0 22 20 18 1 5 21 1
10 15 3 18 24 12 24 13 13 11 18 13 23 12 8 19 14 20 10 4 17 7 9 0 15 1 20 20 19 10
12 20 7 8 10 12 13 14 21 8 1 6 19 6 18 24 1 17 14 10 16 14 24 13 0 13 17 5 2 14
16 3 1 22 18 21 4 11 9 16 12 23 24 15 25 6 8 23 6 14 15 22 12 4 4 0 3 8 20 25
8 16 23 10 9 12 5 22 3 6 25 8 23 8 17 22 2 1 21 12 17 22 1 25 21 21 0 14 2 5
9 13 6 9 2 19 2 7 9 10 9 23 20 4 13 20 20 7 8 9 18 10 24 16 10 10 21 0 4 20
5 1 7 14 16 1 24 25 18 17 7 8 2 22 20 6 21 25 7 3 16 25 13 7 12 22 13 22 0 16
15 5 2 4 10 6 14 24 3 25 5 1 22 1 22 9 16 8 17 14 24 13 3 18 18 24 2 2 4 0

0 7 6 2 17 15 1 13 9 25 12 2 20 22 12 9 10 1 5 6 13 23 21 23 3 3 23 1 18 23
17 0 13 15 18 1 5 6 13 21 8 11 15 13 14 11 14 10 17 9 14 5 8 15 12 11 21 6 10 24
24 24 0 15 2 5 8 6 22 10 4 4 19 9 18 20 8 23 17 21 24 5 11 4 12 13 17 6 7 8
12 9 19 0 7 8 9 6 2 1 14 2 5 23 17 19 5 9 12 15 25 25 3 11 9 10 12 1 13 14
4 25 13 9 0 11 11 14 2 10 23 11 12 19 6 24 18 6 13 4 5 13 9 16 19 19 20 23 24 7
15 20 8 13 21 0 18 4 17 4 19 14 17 14 14 7 19 15 14 15 21 9 5 15 4 2 17 17 9 8
19 6 9 8 23 14 0 7 11 12 25 20 2 13 12 25 11 22 5 14 4 18 4 24 17 12 22 3 24 4
13 25 7 17 21 2 1 0 3 5 7 15 23 14 21 1 1 5 8 25 13 7 14 20 24 10 13 11 21 3
25 17 3 2 8 3 17 24 0 19 7 10 16 15 22 12 15 10 16 3 9 17 14 2 11 9 22 24 10 21
18 20 24 19 24 17 24 5 13 0 20 22 1 4 10 18 6 24 18 13 6 16 13 4 9 7 20 4 20 16
9 22 14 8 10 19 17 20 19 8 0 1 10 23 3 17 11 17 16 20 7 22 17 23 21 18 6 8 4 18
10 23 5 15 11 11 13 3 19 6 4 0 2 16 3 22 3 3 4 14 14 15 10 15 10 12 12 11 11 12
13 5 10 9 4 2 11 9 17 7 24 12 0 9 22 3 14 23 7 4 3 18 16 7 23 18 13 8 17 12
7 18 16 24 5 15 24 14 11 4 19 18 6 0 13 22 6 22 17 10 8 25 21 3 18 7 25 1 23 20
5 22 6 3 24 24 4 25 4 7 17 21 19 21 0 7 18 5 19 20 13 18 22 10 20 11 15 15 3 7
7 20 24 17 5 11 9 8 21 17 2 20 11 5 13 0 23 15 10 9 3 10 25 5 14 5 18 18 9 14
25 3 1 9 1 12 11 19 22 13 19 12 12 21 23 25 0 6 19 15 6 13 20 19 24 22 19 24 11 6
16 4 2 23 8 22 21 6 22 25 8 12 9 12 12 5 8 0 2 9 18 4 1 13 7 6 18 9 13 19
24 8 7 5 23 18 16 14 4 12 8 2 9 2 23 23 1 25 0 21 1 2 5 7 5 23 1 21 10 5
12 25 18 1 8 21 19 5 16 24 19 21 7 10 16 19 7 11 1 0 2 10 13 2 7 15 6 21 5 25
14 2 6 5 25 22 12 10 14 20 4 10 3 19 1 7 12 22 12 16 0 19 15 2 24 2 19 11 4 11
16 10 8 9 14 19 21 22 9 11 5 24 11 22 2 21 15 20 17 9 12 0 17 23 13 9 1 23 19 22
5 4 11 21 17 7 23 22 25 5 7 19 12 3 18 12 2 16 20 24 9 5 0 2 25 6 24 7 20 23
16 6 15 2 23 18 13 21 19 17 16 10 23 13 6 25 9 13 8 10 2 25 1 0 14 17 23 14 11 9
18 7 10 10 12 1 10 10 18 25 6 22 4 4 13 17 5 1 2 6 11 9 3 18 0 1 2 5 10 18
12 1 3 24 7 8 9 12 24 9 15 11 1 17 23 16 18 12 24 22 12 11 17 4 14 0 3 16 6 21
8 24 13 10 25 17 18 12 7 16 22 20 19 5 6 17 24 2 18 12 20 2 14 14 9 9 0 10 23 22
11 10 20 24 2 18 18 2 14 18 8 15 21 22 10 8 18 21 19 5 6 24 8 3 21 3 20 0 14 25
5 14 25 17 13 13 22 1 24 6 5 1 20 9 6 13 4 14 5 12 14 23 7 2 15 21 10 6 0 22
10 24 1 7 15 24 10 24 12 21 17 4 16 12 12 14 9 4 21 19 19 2 10 1 7 3 11 10 3 0

0 9 16 11 22 9 4 2 3 8 2 22 6 6 14 9 9 23 3 10 6 10 10 24 20 16 2 8 6 20
16 0 19 10 12 24 10 15 5 22 13 17 6 2 23 20 21 6 5 2 15 14 17 6 18 14 10 12 22 5
12 13 0 15 20 5 3 5 2 6 7 21 19 10 9 1 15 19 21 9 22 9 21 9 24 15 8 15 13 6
1 3 12 0 22 24 1 11 9 25 24 10 2 12 24 21 2 4 20 14 15 6 11 4 8 13 16 16 7 3
24 12 15 22 0 16 1 21 3 8 20 15 17 25 9 25 19 1 11 13 14 13 16 14 19 7 11 10 20 1
8 12 13 19 14 0 21 8 8 2 25 3 4 7 13 3 7 24 18 17 1 16 3 16 5 13 18 13 17 25
6 9 1 7 22 8 0 22 5 15 7 4 23 22 10 12 18 9 1 2 22 17 12 7 16 16 13 9 11 2
9 17 21 2 7 7 8 0 5 6 11 3 23 24 1 6 11 14 24 19 7 5 4 7 11 24 12 16 15 17
12 20 16 14 9 23 7 17 0 16 22 5 2 6 20 23 11 14 12 14 25 2 8 24 7 25 9 8 13 17
4 9 6 1 3 19 2 3 8 0 8 5 4 16 25 18 6 9 1 7 25 21 21 21 13 3 23 7 4 1
23 5 15 3 9 4 21 18 3 10 0 4 23 3 1 3 15 18 17 24 3 22 25 17 17 13 7 4 12 12
7 8 3 8 16 8 19 13 5 17 18 0 16 2 9 15 10 9 15 24 6 6 14 14 6 2 2 19 22 3
18 15 8 17 6 10 11 14 3 6 3 23 0 14 19 18 24 4 24 11 14 10 10 25 7 25 10 1 24 5
14 7 5 20 10 19 10 13 14 20 21 8 9 0 12 17 25 7 16 21 18 12 13 24 4 12 5 1 15 21
20 3 18 12 17 17 11 8 21 7 21 17 9 18 0 3 18 25 8 20 12 14 25 23 15 6 14 11 18 7
11 12 7 20 14 12 2 13 11 21 2 21 5 6 11 0 20 3 15 16 25 17 19 4 21 14 9 23 23 12
19 9 11 4 6 22 22 1 2 10 16 8 6 13 18 18 0 20 22 6 16 8 10 3 13 6 1 9 13 15
17 25 10 6 18 9 16 19 16 16 1 22 1 21 6 25 24 0 6 8 1 25 1 12 1 13 20 20 4 7
14 9 3 20 24 10 6 12 14 23 22 21 24 6 17 20 7 22 0 6 22 9 1 6 20 20 17 6 4 2
19 8 24 7 1 5 4 18 25 22 7 13 19 13 14 1 6 21 11 0 9 24 2 9 13 5 21 5 7 4
2 23 21 16 25 16 8 5 4 11 13 23 23 19 16 2 6 20 23 8 0 13 9 18 25 10 1 19 3 7
17 22 23 22 5 13 13 14 13 15 22 18 17 15 7 4 19 12 15 4 21 0 25 9 12 24 12 14 7 6
6 19 8 3 21 11 12 2 6 15 14 10 24 18 10 16 7 20 23 17 8 21 0 25 10 2 24 5 20 15
11 4 10 3 21 2 11 7 15 8 7 2 12 2 19 8 1 12 10 14 21 5 8 0 18 24 3 15 8 22
15 3 9 8 20 25 14 6 9 12 20 12 23 1 18 19 1 13 21 18 3 20 8 21 0 2 9 19 21 22
11 10 4 21 14 22 23 11 3 21 22 17 19 21 18 16 23 11 18 13 23 11 18 8 16 0 8 4 8 13
15 18 21 20 7 14 21 3 3 4 18 1 7 12 25 21 4 15 20 10 6 11 9 13 5 8 0 7 9 10
21 14 4 15 21 24 15 24 9 10 5 11 15 20 12 11 8 16 16 3 22 3 15 19 4 9 10 0 10 24
6 6 10 23 9 25 14 14 16 19 15 3 25 8 21 23 24 15 1 2 20 11 17 16 10 24 24 18 0 10
20 21 4 18 16 20 21 24 10 5 10 17 15 14 16 24 7 5 3 8 10 12 24 1 5 6 5 10 18 0
