15 5 5
5    5  0 47  1 47  2 47  3 47  4 47    1  4 57    1  1 71    4  0 96  1 96  3 96  4 96    3  0 14  2 14  4 14
5    3  0 75  3 75  4 75    2  0 60  1 60    2  1 22  4 22    1  3 79    5  0 65  1 65  2 65  3 65  4 65
5    3  0 32  2 32  3 32    2  0 33  1 33    2  0 69  2 69    4  1 31  2 31  3 31  4 31    2  3 58  4 58
5    4  0 44  2 44  3 44  4 44    2  1 34  3 34    2  3 51  4 51    3  1 58  3 58  4 58    1  2 47
5    1  3 29    3  1 44  3 44  4 44    2  0 62  3 62    2  2 17  4 17    1  4 8
5    1  1 15    2  2 40  4 40    1  0 97    2  1 38  4 38    3  1 66  3 66  4 66
5    3  0 58  2 58  4 58    2  0 39  1 39    1  0 57    3  0 20  2 20  4 20    1  3 50
5    2  2 57  4 57    3  0 32  1 32  3 32    3  0 87  1 87  4 87    3  0 63  3 63  4 63    2  1 21  3 21
5    4  0 56  2 56  3 56  4 56    3  0 84  1 84  4 84    2  1 90  2 90    2  0 85  1 85    2  3 61  4 61
5    1  4 15    2  0 20  1 20    2  1 67  2 67    3  0 30  2 30  3 30    2  2 70  3 70
5    3  0 84  3 84  4 84    1  0 82    2  0 23  1 23    2  2 45  4 45    2  1 38  3 38
5    2  2 50  3 50    4  0 21  1 21  2 21  4 21    3  0 18  1 18  2 18    1  4 41    2  1 29  4 29
5    5  0 16  1 16  2 16  3 16  4 16    2  0 52  1 52    4  0 52  2 52  3 52  4 52    2  1 38  2 38    3  1 54  3 54  4 54
5    2  1 37  4 37    5  0 54  1 54  2 54  3 54  4 54    2  3 57  4 57    2  0 74  2 74    3  0 62  1 62  3 62
5    3  2 57  3 57  4 57    2  0 61  1 61    3  0 81  2 81  4 81    3  1 30  2 30  4 30    3  0 68  1 68  3 68

0 23 1 24 16 19 10 6 18 20 11 3 1 23 11
11 0 2 9 16 12 11 19 1 17 16 1 25 19 5
8 7 0 10 11 8 11 21 10 13 4 12 13 2 15
4 24 19 0 17 2 9 20 14 20 8 19 24 25 19
16 21 15 22 0 18 7 11 17 9 7 7 3 16 11
23 25 10 2 4 0 2 1 23 16 5 1 1 20 20
16 22 2 5 24 22 0 8 24 24 24 21 19 21 21
9 23 8 24 16 11 20 0 18 12 24 1 8 5 23
2 18 23 8 22 17 15 9 0 25 9 14 8 19 15
13 5 23 18 20 24 12 14 18 0 24 4 11 17 8
15 21 3 10 10 8 25 1 7 7 0 10 2 3 19
14 15 9 6 24 7 21 5 5 8 8 0 14 15 21
10 1 9 22 24 17 11 25 19 16 11 11 0 18 7
10 25 16 9 9 22 18 19 5 25 19 13 17 0 2
1 1 8 3 16 7 25 8 23 25 11 22 9 22 0

0 10 17 14 21 14 15 15 10 23 11 10 16 10 23
11 0 8 4 10 1 9 19 21 3 9 18 24 21 5
16 15 0 19 2 5 11 13 17 6 25 23 19 22 21
23 6 15 0 20 5 6 22 24 4 7 19 8 22 9
11 24 23 14 0 25 2 10 4 18 23 21 7 5 15
5 25 18 20 14 0 9 10 9 16 17 21 14 15 16
1 9 2 15 17 10 0 22 13 20 5 9 16 3 4
13 4 16 22 13 3 18 0 18 13 22 19 23 11 14
15 19 10 8 1 24 1 7 0 5 14 8 4 17 9
1 2 17 17 2 16 9 19 8 0 19 22 6 11 18
18 9 3 1 22 14 13 6 22 22 0 13 21 7 8
21 21 12 23 25 24 17 25 9 25 21 0 14 20 17
20 14 8 9 5 12 11 12 7 11 22 11 0 18 6
5 7 5 12 2 1 21 6 24 11 6 1 3 0 25
5 22 18 16 12 1 21 15 20 20 23 11 15 23 0

0 21 6 9 13 9 24 25 23 21 5 12 15 14 24
15 0 13 24 1 23 25 25 24 25 3 1 8 10 6
17 2 0 24 19 3 3 21 17 23 11 13 22 24 24
10 21 5 0 5 14 15 19 19 24 23 15 23 16 14
14 22 11 16 0 24 7 24 8 10 15 3 23 7 8
24 22 8 5 16 0 5 9 14 16 18 2 8 4 21
18 13 24 10 19 12 0 12 11 3 10 4 15 17 2
5 7 21 8 17 3 6 0 10 17 7 20 7 3 11
9 17 6 2 18 6 22 24 0 16 15 21 14 1 24
11 13 19 3 9 21 12 16 14 0 7 17 21 7 6
20 20 7 12 14 14 23 9 2 19 0 8 2 7 6
16 3 9 16 18 22 18 4 13 20 4 0 12 17 8
23 22 6 11 22 25 18 15 6 20 17 9 0 25 1
22 24 17 3 9 2 3 1 5 20 5 22 24 0 25
3 3 1 2 12 2 21 19 13 14 5 24 23 5 0

0 9 20 3 4 22 6 20 12 12 14 1 16 12 18
15 0 9 21 1 6 6 14 16 22 18 17 24 5 13
15 2 0 15 5 14 19 23 19 23 10 11 18 12 1
7 7 19 0 4 2 8 19 25 13 25 11 1 8 19
22 18 13 18 0 14 12 12 5 1 10 1 24 23 2
1 21 18 9 8 0 22 17 22 3 23 10 21 14 6
12 16 9 19 22 17 0 14 17 4 1 1 1 2 25
12 4 2 5 25 16 9 0 10 3 22 7 12 11 18
7 8 3 13 4 4 20 3 0 7 16 7 19 17 2
1 4 21 5 15 11 5 23 4 0 11 1 25 25 20
12 15 19 3 16 21 13 8 24 8 0 16 25 8 21
6 2 21 6 13 7 20 3 6 14 22 0 2 15 19
12 6 13 13 7 16 1 20 4 21 13 17 0 18 1
20 25 19 18 21 15 25 16 23 4 7 10 21 0 5
13 24 25 13 19 22 22 25 21 21 24 25 22 19 0

0 11 1 1 6 6 19 16 12 24 16 23 20 25 16
25 0 5 3 14 2 21 6 22 11 1 22 4 6 1
4 6 0 1 5 20 19 4 16 23 10 17 20 14 4
10 21 16 0 2 15 24 5 24 25 21 18 25 12 8
10 12 20 13 0 2 19 19 6 11 1 25 11 25 7
20 10 12 21 19 0 4 10 9 12 16 23 15 18 10
24 13 24 13 9 4 0 19 3 18 19 4 5 9 6
18 13 18 3 11 4 10 0 9 21 9 23 11 4 23
20 14 13 9 8 14 1 8 0 6 21 24 18 10 4
1 3 8 24 14 18 18 1 12 0 2 4 16 11 1
4 16 23 20 18 9 13 16 1 13 0 17 25 5 22
25 6 9 24 16 24 11 13 17 16 21 0 4 10 16
23 12 21 9 12 9 14 19 14 14 3 8 0 1 3
16 18 6 14 5 17 2 12 14 3 11 24 13 0 11
8 7 20 18 23 19 18 6 1 1 2 20 22 2 0
