10 10 8
10    5  2 44  3 44  5 44  6 44  9 44    5  1 5  3 5  6 5  7 5  8 5    7  0 58  2 58  3 58  5 58  7 58  8 58  9 58    5  0 97  1 97  2 97  4 97  8 97    5  0 9  2 9  3 9  5 9  7 9    6  2 84  3 84  4 84  5 84  7 84  8 84    4  1 77  5 77  8 77  9 77    4  1 96  3 96  6 96  9 96    5  0 58  1 58  5 58  7 58  8 58    8  0 89  2 89  4 89  5 89  6 89  7 89  8 89  9 89
10    5  0 15  1 15  4 15  5 15  9 15    3  4 31  5 31  7 31    6  0 87  1 87  5 87  7 87  8 87  9 87    4  5 57  7 57  8 57  9 57    3  0 77  1 77  9 77    5  2 85  3 85  4 85  5 85  7 85    4  1 81  2 81  3 81  5 81    5  4 39  5 39  6 39  7 39  9 39    3  4 73  5 73  9 73    6  1 21  3 21  4 21  5 21  6 21  8 21
10    3  2 82  5 82  9 82    5  1 22  2 22  5 22  6 22  8 22    5  4 10  5 10  6 10  7 10  8 10    4  3 70  4 70  6 70  8 70    6  1 49  2 49  4 49  5 49  7 49  8 49    5  0 40  2 40  5 40  7 40  8 40    6  1 34  3 34  5 34  6 34  8 34  9 34    4  0 48  2 48  4 48  7 48    4  5 80  7 80  8 80  9 80    3  1 71  3 71  5 71
10    5  0 91  1 91  6 91  8 91  9 91    6  0 17  2 17  4 17  5 17  7 17  9 17    4  2 62  3 62  4 62  7 62    5  1 75  2 75  3 75  5 75  6 75    4  1 47  3 47  7 47  8 47    6  2 11  4 11  5 11  6 11  8 11  9 11    5  3 7  4 7  6 7  7 7  9 7    3  3 72  6 72  7 72    2  2 35  9 35    4  0 55  6 55  7 55  9 55
10    5  2 71  3 71  4 71  6 71  8 71    5  1 90  3 90  5 90  7 90  9 90    6  0 75  1 75  3 75  5 75  6 75  9 75    6  0 64  1 64  2 64  4 64  6 64  7 64    4  1 94  2 94  4 94  5 94    3  4 15  6 15  8 15    4  4 12  5 12  7 12  8 12    5  2 67  3 67  5 67  7 67  9 67    4  2 20  3 20  8 20  9 20    7  0 50  1 50  2 50  3 50  4 50  5 50  6 50
10    7  2 70  3 70  5 70  6 70  7 70  8 70  9 70    5  3 93  4 93  5 93  6 93  7 93    2  4 77  8 77    6  0 29  1 29  2 29  4 29  6 29  9 29    6  0 58  2 58  4 58  5 58  7 58  9 58    5  1 93  2 93  4 93  5 93  6 93    6  1 68  2 68  3 68  5 68  7 68  8 68    4  0 57  1 57  8 57  9 57    3  1 7  3 7  9 7    8  0 52  1 52  4 52  5 52  6 52  7 52  8 52  9 52
10    6  3 87  4 87  6 87  7 87  8 87  9 87    6  1 63  2 63  3 63  6 63  7 63  9 63    5  3 26  4 26  6 26  8 26  9 26    4  1 6  5 6  7 6  9 6    3  1 82  2 82  5 82    3  2 27  3 27  8 27    5  1 56  2 56  4 56  6 56  7 56    5  0 48  2 48  3 48  6 48  8 48    6  1 36  2 36  3 36  4 36  8 36  9 36    4  0 95  1 95  4 95  8 95
10    4  0 36  2 36  5 36  6 36    3  2 15  5 15  6 15    4  3 41  5 41  6 41  8 41    4  0 78  2 78  4 78  9 78    5  0 76  1 76  3 76  5 76  7 76    3  4 84  6 84  9 84    5  0 30  4 30  5 30  7 30  9 30    8  0 76  2 76  4 76  5 76  6 76  7 76  8 76  9 76    7  0 36  1 36  2 36  3 36  4 36  5 36  9 36    7  1 8  2 8  3 8  5 8  6 8  8 8  9 8
10    7  1 88  2 88  4 88  5 88  6 88  7 88  8 88    3  2 81  3 81  5 81    4  0 13  1 13  3 13  7 13    7  0 82  1 82  2 82  3 82  4 82  5 82  6 82    7  0 54  1 54  3 54  4 54  7 54  8 54  9 54    4  5 13  7 13  8 13  9 13    2  0 29  8 29    3  4 40  6 40  9 40    4  0 78  1 78  2 78  5 78    3  0 75  1 75  5 75
10    7  0 88  2 88  3 88  4 88  5 88  8 88  9 88    7  0 54  1 54  3 54  4 54  6 54  7 54  9 54    6  1 64  2 64  5 64  6 64  7 64  8 64    5  0 32  2 32  3 32  7 32  8 32    6  0 52  5 52  6 52  7 52  8 52  9 52    2  2 6  3 6    6  0 54  1 54  2 54  5 54  7 54  8 54    5  1 82  4 82  5 82  6 82  7 82    3  3 6  5 6  8 6    4  1 26  2 26  3 26  4 26

0 23 2 19 13 15 3 9 9 6
22 0 11 9 3 2 4 1 11 13
24 7 0 20 1 6 3 21 5 3
26 20 1 0 7 15 19 15 23 17
6 22 3 23 0 8 27 15 19 21
5 1 22 6 9 0 21 4 24 3
23 22 17 9 17 1 0 10 1 10
21 22 1 22 15 11 6 0 5 18
2 1 24 14 15 23 9 2 0 3
3 19 23 8 20 21 16 5 26 0

0 22 26 14 21 20 2 13 3 16
23 0 10 15 15 11 26 9 3 5
18 18 0 6 8 17 14 20 3 27
22 13 13 0 24 19 13 13 5 19
3 15 3 22 0 19 13 19 16 3
12 23 24 4 19 0 9 14 13 3
6 4 12 1 27 18 0 17 8 14
11 12 14 16 5 10 8 0 5 5
20 15 1 10 13 10 7 9 0 3
9 1 2 25 7 3 22 3 15 0

0 15 6 18 3 3 24 4 7 14
5 0 16 21 14 4 6 13 3 23
21 4 0 16 18 6 23 23 12 19
19 17 20 0 12 21 6 24 26 27
17 12 13 2 0 26 10 4 27 8
19 16 2 9 2 0 5 26 20 23
26 19 5 12 6 4 0 22 9 26
5 27 14 16 26 23 25 0 21 8
8 15 13 19 23 3 4 15 0 17
9 9 19 16 11 22 15 15 9 0

0 24 16 1 3 27 22 14 11 19
26 0 11 16 5 14 21 24 12 1
17 26 0 13 19 9 7 26 27 14
2 1 9 0 18 12 8 25 16 18
7 20 3 2 0 21 1 10 16 23
15 22 15 26 25 0 14 13 4 9
17 23 17 25 14 5 0 20 13 26
11 18 7 1 13 1 26 0 26 24
27 27 10 21 2 20 4 26 0 5
11 21 12 12 23 10 10 5 14 0

0 26 19 14 22 15 9 17 12 7
2 0 19 27 17 12 12 17 17 8
3 9 0 21 17 10 10 12 5 9
13 19 9 0 6 16 11 20 16 8
9 24 15 7 0 4 7 13 6 24
1 5 26 25 16 0 4 7 13 5
22 11 22 19 7 15 0 3 25 24
24 25 21 23 5 21 24 0 24 14
9 3 17 5 26 18 27 5 0 4
13 15 17 4 8 2 4 7 1 0

0 8 25 22 27 14 25 27 22 7
3 0 9 24 3 16 19 2 13 8
7 12 0 16 15 26 26 21 21 3
18 9 21 0 14 13 16 23 10 7
21 21 15 16 0 1 6 25 17 18
18 17 21 18 4 0 10 7 1 26
17 13 8 1 12 15 0 14 5 27
16 13 24 1 21 18 6 0 18 20
25 21 25 18 1 5 4 18 0 26
18 6 21 24 14 15 7 21 12 0

0 7 15 16 15 23 22 12 5 24
2 0 17 13 18 19 4 10 23 9
10 19 0 12 14 6 9 11 27 10
6 15 12 0 3 13 22 25 11 24
15 13 27 18 0 8 25 10 8 14
3 1 18 19 16 0 10 25 27 11
21 18 27 17 27 9 0 10 22 7
4 14 6 19 25 6 16 0 15 6
22 11 15 15 26 24 17 20 0 23
7 3 17 13 15 19 19 25 1 0

0 6 25 25 13 18 25 25 15 11
17 0 4 16 5 7 2 25 12 16
16 19 0 3 5 26 27 7 16 23
18 7 8 0 11 13 27 6 3 9
13 7 14 5 0 10 9 26 19 9
19 15 6 4 16 0 10 27 27 14
8 23 22 20 23 12 0 20 25 18
15 6 16 7 14 4 11 0 2 17
11 14 13 3 20 11 16 19 0 1
18 24 14 25 27 19 1 9 15 0

0 25 19 11 14 8 18 23 9 7
14 0 10 13 7 24 26 3 1 7
19 25 0 9 18 6 16 21 10 23
4 1 23 0 25 20 10 23 22 10
27 3 3 8 0 19 13 5 6 4
14 16 27 20 27 0 5 6 27 1
11 20 7 27 1 6 0 18 15 5
1 23 6 16 21 6 22 0 11 3
18 5 3 18 9 5 6 22 0 8
18 13 26 2 14 7 10 18 3 0

0 13 13 13 17 12 14 6 10 10
25 0 1 5 20 1 5 24 4 13
23 16 0 6 13 15 13 14 22 6
14 6 1 0 19 18 13 25 26 21
1 19 20 1 0 16 26 11 20 21
9 24 19 21 24 0 27 9 23 18
14 21 9 9 15 20 0 23 11 17
11 6 15 26 4 11 22 0 22 9
11 17 5 5 20 9 27 22 0 13
13 24 20 16 27 2 9 8 21 0
