30 10 3
10    1  6 89    1  1 58    1  4 97    1  2 44    2  8 77  7 77    1  3 5    1  0 9    1  5 58    1  9 96    1  7 84
10    1  7 31    1  2 81    2  9 73  5 73    1  4 15    1  1 87    1  5 39    2  8 57  5 57    1  0 77    1  3 85    1  6 21
10    1  2 48    2  5 71  9 71    1  0 40    1  3 70    1  1 49    1  6 22    1  4 10    1  8 34    2  7 80  3 80    1  9 82
10    1  4 11    2  6 72  2 72    1  7 62    1  0 55    1  2 17    1  5 75    1  3 7    1  1 91    1  9 35    1  8 47
10    1  0 64    1  6 71    2  4 12  0 12    1  1 90    1  2 94    2  3 75  2 75    1  9 20    1  8 15    2  5 50  8 50    1  7 67
10    2  2 29  7 29    1  6 93    1  3 68    1  5 93    1  1 57    1  8 77    1  0 52    1  9 7    1  4 58    1  7 70
10    1  4 26    1  3 27    1  1 63    1  5 6    1  6 87    1  7 56    1  8 48    1  9 36    1  0 95    1  2 82
10    1  1 8    2  7 76  2 76    1  3 76    1  4 30    1  6 84    1  9 78    1  8 41    1  0 36    1  2 36    1  5 15
10    1  3 13    2  8 29  4 29    1  0 75    1  2 81    1  1 78    1  5 88    1  4 54    1  9 40    1  7 13    1  6 82
10    1  0 52    1  2 6    2  3 6  4 6    1  5 82    1  6 64    1  9 88    1  8 54    1  4 54    1  7 32    1  1 26
10    1  8 62    1  1 35    1  4 72    1  7 69    2  0 62  7 62    1  5 32    1  9 5    1  3 61    1  2 67    1  6 93
10    2  2 78  8 78    1  3 11    1  7 82    1  4 7    1  1 72    1  8 64    1  9 90    1  0 85    1  5 88    1  6 63
10    1  7 50    1  4 28    3  3 35  8 35  2 35    2  1 66  3 66    1  2 27    2  8 49  0 49    1  9 11    1  6 88    1  5 31    2  0 44  1 44
10    1  4 62    1  5 39    1  0 76    1  2 14    1  6 56    1  3 97    2  1 7  0 7    1  7 69    1  9 66    1  8 47
10    2  6 47  9 47    1  2 41    1  0 64    1  7 58    1  9 57    1  8 93    1  3 69    1  5 53    2  1 18  3 18    1  4 79
10    1  7 76    1  9 81    1  0 76    1  6 61    1  4 77    1  8 26    1  2 74    1  5 22    1  1 58    2  3 78  1 78
10    1  6 30    1  8 72    1  3 43    1  0 65    1  1 16    1  4 92    1  5 95    1  9 29    1  2 99    1  7 64
10    1  1 35    1  3 74    1  5 16    1  4 85    1  0 7    1  2 81    2  6 86  3 86    1  8 61    1  9 35    1  7 34
10    1  1 97    2  7 43  5 43    1  4 72    1  6 88    1  5 17    1  0 43    1  8 94    1  3 64    1  9 22    1  2 42
10    1  7 99    1  2 84    1  8 99    1  5 98    1  1 20    1  6 31    1  3 74    1  0 92    1  9 23    1  4 89
10    1  8 32    1  0 6    1  4 55    1  5 19    1  9 81    1  1 81    1  7 40    1  6 9    1  3 37    1  2 40
10    1  6 15    2  2 70  7 70    1  8 25    1  1 46    2  9 65  7 65    2  4 64  7 64    1  7 21    2  0 77  8 77    2  5 65  6 65    1  3 55
10    1  8 31    1  7 84    1  5 37    1  3 24    1  2 85    1  4 89    1  9 29    2  1 44  7 44    1  0 40    1  6 83
10    1  4 80    1  0 8    1  9 41    1  5 59    1  7 56    1  3 38    3  2 30  5 30  4 30    1  8 97    1  6 77    1  1 80
10    1  9 59    1  0 91    1  3 50    1  8 80    1  1 17    1  6 40    1  2 71    1  5 56    1  4 88    2  7 7  9 7
10    2  7 36  6 36    1  3 58    1  4 54    1  5 77    1  2 8    1  6 9    1  0 45    1  9 10    2  1 29  3 29    1  8 96
10    1  0 28    1  3 92    1  2 73    1  7 27    1  8 86    1  5 87    1  9 96    1  1 98    1  6 99    1  4 70
10    1  9 32    1  1 95    1  3 85    1  6 81    2  2 41  1 41    1  8 39    1  7 92    2  0 59  7 59    1  5 56    1  4 52
10    1  4 93    1  2 12    1  5 22    1  6 27    1  8 45    1  7 69    1  3 60    1  1 7    1  0 88    1  9 49
10    1  2 61    1  5 26    1  9 71    2  8 44  6 44    1  0 21    1  6 82    1  3 68    1  7 33    2  1 84  2 84    1  4 99

0 11 18 26 25 15 26 22 16 3 22 12 11 19 25 5 6 7 12 2 25 2 18 6 9 27 4 3 20 19
23 0 19 6 11 8 16 15 18 13 19 25 8 26 23 13 26 4 10 23 27 22 26 23 15 13 9 15 27 8
9 14 0 14 10 25 3 22 27 27 1 12 27 22 13 15 8 5 4 26 27 19 24 19 18 21 16 25 19 10
2 13 12 0 11 4 12 15 17 24 15 19 6 12 14 20 8 6 21 24 27 5 7 22 1 16 11 11 3 15
25 4 17 8 0 21 13 10 26 12 25 5 12 19 4 16 13 22 6 12 24 5 24 20 3 3 19 4 3 15
24 13 26 26 8 0 23 12 2 3 8 12 10 1 20 20 11 10 19 8 14 21 12 16 10 13 7 3 3 10
2 21 9 7 21 5 0 25 24 26 26 14 3 20 5 8 16 10 21 22 10 20 13 10 21 16 27 19 11 22
8 23 13 18 23 19 9 0 18 16 7 6 14 12 26 15 13 15 27 4 19 5 20 4 3 20 23 4 21 9
26 12 27 6 16 7 24 7 0 22 27 11 6 13 25 1 11 25 2 5 4 2 9 18 11 24 8 12 19 4
2 4 22 27 18 3 11 16 15 0 6 14 25 26 16 10 27 22 12 7 25 25 16 22 15 16 22 21 2 16
27 26 10 1 10 17 10 18 21 6 0 15 22 18 23 2 22 24 21 9 15 25 17 22 12 14 4 16 20 1
10 15 12 27 11 16 4 12 22 17 14 0 6 18 16 13 4 5 6 24 3 20 2 19 27 17 7 14 21 1
3 21 4 9 17 12 10 4 8 12 20 13 0 21 10 5 27 2 8 26 3 13 25 22 11 13 8 24 11 20
27 11 21 4 22 4 26 13 11 12 18 21 1 0 2 21 10 14 18 5 9 9 9 4 8 19 23 13 15 18
14 27 14 26 23 21 4 7 12 16 3 25 25 3 0 1 6 3 6 15 22 6 9 12 22 24 4 18 6 11
4 21 10 26 25 13 7 18 20 24 16 15 14 6 21 0 21 18 16 16 19 17 1 20 21 7 12 21 6 15
13 5 8 2 24 24 2 5 6 18 17 21 22 16 12 8 0 19 15 11 21 22 4 14 26 1 11 7 5 16
20 8 16 3 27 8 6 12 24 24 7 16 16 8 11 19 26 0 17 18 21 25 20 1 9 25 26 4 18 18
5 3 6 26 24 18 19 23 3 18 24 10 9 5 22 1 14 16 0 23 19 12 27 25 6 21 20 12 18 13
3 25 12 20 5 9 6 19 17 10 15 8 2 15 24 21 19 13 2 0 19 12 20 2 15 23 1 6 9 15
17 6 18 1 3 18 23 9 21 4 18 9 27 27 7 6 8 19 4 13 0 12 15 15 3 19 9 1 15 1
4 25 2 8 14 18 5 15 9 23 1 3 17 26 11 20 20 19 21 21 9 0 20 26 20 17 8 18 4 3
9 2 3 8 10 4 13 10 14 5 12 9 14 11 24 1 18 9 23 26 26 27 0 5 22 26 21 12 10 18
7 15 1 1 5 7 1 27 4 17 20 5 6 5 14 14 7 13 14 2 11 27 27 0 20 23 21 11 27 22
3 4 27 12 22 9 27 3 8 2 27 5 17 13 21 21 6 10 19 7 23 22 8 16 0 12 8 15 24 17
1 2 4 22 7 16 6 2 25 18 15 4 15 7 26 26 19 5 1 6 2 15 23 3 10 0 24 7 10 3
13 8 4 8 21 8 10 9 5 11 14 15 11 7 2 11 21 9 24 10 2 27 3 24 5 3 0 5 23 27
22 11 16 7 19 13 5 22 22 18 11 21 12 22 19 26 3 2 4 10 10 13 23 23 11 11 16 0 9 15
3 6 20 7 7 17 23 15 3 13 3 21 9 7 6 27 9 25 25 1 26 1 8 22 8 24 25 23 0 9
27 20 4 8 27 27 5 6 8 2 12 10 11 8 22 23 21 12 10 8 9 4 10 3 7 25 20 5 7 0

0 2 4 12 2 21 3 19 20 10 6 13 7 10 8 22 24 16 26 5 11 21 3 7 13 21 10 20 19 3
8 0 24 8 6 17 8 22 11 17 6 13 18 21 15 27 23 18 27 16 13 18 16 17 16 21 4 8 25 3
13 12 0 24 13 8 24 27 15 20 22 12 5 24 13 6 26 10 22 17 6 3 22 1 6 18 12 15 2 14
7 7 9 0 23 19 8 7 13 5 15 27 4 20 21 2 21 20 15 27 8 24 24 2 10 2 13 7 1 13
1 21 3 16 0 23 10 1 25 21 22 5 8 11 22 6 25 17 10 26 25 5 10 3 23 9 17 6 19 1
11 11 9 22 9 0 21 15 26 27 6 10 20 21 24 3 4 26 17 1 25 12 12 14 12 18 27 19 14 2
3 10 16 3 4 8 0 19 22 24 17 22 3 21 4 9 26 13 2 25 25 2 19 22 14 13 16 5 19 26
23 8 25 2 23 8 22 0 8 2 26 16 21 9 3 16 9 17 5 25 6 16 15 17 3 11 15 21 6 17
24 10 21 1 21 17 15 11 0 21 12 13 11 17 26 22 8 22 15 21 23 2 19 14 20 18 14 16 22 10
23 20 3 27 20 17 5 11 21 0 11 26 16 16 24 21 22 18 11 22 26 11 18 27 24 19 1 6 20 14
19 6 3 16 1 6 24 17 25 4 0 12 12 5 5 18 9 2 5 14 11 26 23 23 20 1 4 8 12 25
4 13 10 18 1 26 6 1 6 6 10 0 17 11 17 19 18 7 4 26 24 14 13 20 12 16 1 20 16 10
8 6 4 17 19 17 9 16 19 14 4 4 0 9 13 25 21 26 23 13 15 24 9 18 16 17 6 26 18 1
27 22 12 19 12 18 27 18 3 8 3 27 13 0 2 14 19 27 1 7 21 20 14 4 17 22 25 1 3 27
22 16 20 25 24 21 26 27 7 3 7 14 25 18 0 20 2 26 14 1 16 23 14 6 4 21 13 7 9 22
9 3 1 3 18 26 21 1 7 23 8 23 20 11 23 0 8 14 10 8 13 9 22 27 8 14 19 18 26 5
27 10 10 17 10 15 25 16 27 26 12 5 3 14 10 27 0 2 14 18 19 17 5 25 1 19 14 9 23 15
21 8 11 22 6 11 8 10 17 20 13 5 21 18 4 24 16 0 23 27 5 1 6 24 4 11 27 26 1 22
3 27 23 7 6 24 7 9 18 26 20 21 15 4 12 16 19 6 0 3 16 7 14 16 15 9 6 8 5 8
2 11 16 25 15 4 20 17 6 20 14 6 15 4 23 5 24 15 19 0 24 15 20 26 10 14 26 23 19 9
24 24 4 14 16 11 5 1 2 6 8 15 7 19 5 11 25 9 20 18 0 25 2 3 7 15 20 25 16 3
17 22 26 13 5 21 21 26 21 15 14 5 26 24 9 5 27 24 24 11 11 0 5 24 4 3 5 19 18 20
11 26 19 10 9 27 13 4 11 22 24 4 20 15 4 12 10 22 17 26 12 4 0 10 1 8 22 8 24 11
16 10 3 18 3 16 5 14 16 11 10 9 20 9 11 25 9 19 6 21 24 16 26 0 16 14 20 1 24 7
10 10 6 14 13 12 19 10 5 8 15 18 23 24 14 5 14 3 16 3 12 6 16 15 0 13 8 2 22 24
10 25 18 26 22 20 12 23 2 23 5 5 16 4 9 25 26 18 14 27 27 4 16 3 18 0 24 27 20 17
6 26 22 12 25 13 6 12 14 20 27 20 2 3 24 10 8 23 22 13 22 12 25 23 11 9 0 14 15 26
2 19 5 1 8 15 5 14 18 1 8 26 9 10 20 21 12 23 2 3 21 7 27 13 9 6 23 0 27 10
2 20 7 3 12 16 4 1 4 25 3 15 21 20 17 13 11 4 8 17 21 23 5 23 9 6 18 6 0 26
5 13 22 1 6 17 20 21 11 2 5 5 1 14 24 12 14 12 13 24 7 11 5 12 13 20 5 25 19 0

0 3 2 5 9 18 23 17 24 11 20 8 25 1 1 18 26 7 21 10 8 10 4 18 21 10 13 26 5 2
7 0 10 13 8 11 21 6 13 24 8 18 26 18 19 19 14 9 26 23 23 16 14 15 25 22 5 21 5 22
9 8 0 9 10 21 7 8 1 5 13 16 2 12 21 2 8 5 22 27 1 8 23 5 11 27 25 11 7 25
10 20 14 0 6 14 10 4 8 11 7 27 17 4 10 11 3 11 9 16 9 7 26 13 7 19 24 17 26 26
16 3 2 19 0 7 5 25 22 10 12 18 18 3 10 7 13 25 10 16 14 15 13 13 15 14 3 26 23 17
20 25 20 12 22 0 17 3 3 23 20 5 5 6 27 15 3 22 17 11 15 19 9 9 3 7 10 15 17 20
23 10 10 2 12 18 0 4 20 22 7 16 9 8 11 3 13 23 23 16 25 1 4 18 10 23 13 4 26 26
23 23 5 23 3 6 17 0 4 18 8 14 8 17 15 12 13 20 24 3 4 18 21 18 11 19 14 8 8 20
7 12 22 23 5 1 26 22 0 23 24 13 27 5 11 18 8 13 17 26 3 24 16 11 8 20 21 15 22 3
1 10 21 6 18 27 14 3 4 0 15 21 5 24 19 14 6 3 18 11 10 12 6 23 16 4 23 20 7 8
22 21 13 9 8 26 24 21 14 16 0 8 26 4 5 26 14 14 10 1 8 9 27 17 22 5 25 9 21 19
11 20 26 18 7 17 12 6 11 11 9 0 27 9 9 11 4 12 15 6 18 7 7 7 8 3 3 4 21 21
12 10 27 26 7 19 14 4 9 11 25 11 0 11 13 21 1 23 23 17 13 20 25 9 10 19 6 14 7 18
14 24 17 5 27 1 14 19 21 2 7 3 17 0 27 27 20 25 8 9 10 13 22 17 14 12 17 24 12 21
3 11 18 12 17 5 21 23 22 13 21 4 27 25 0 7 18 15 7 7 17 10 9 21 22 2 15 13 22 6
2 5 2 14 21 17 23 5 25 16 17 3 24 21 27 0 10 24 12 8 3 19 26 23 10 20 15 20 15 26
21 27 4 22 7 6 10 12 22 10 19 18 14 2 5 24 0 6 23 21 17 6 19 14 15 5 9 19 2 19
8 20 8 10 24 14 17 13 19 15 13 3 2 7 5 10 9 0 5 6 22 21 7 15 12 14 25 9 16 27
10 4 17 15 9 17 23 18 3 15 2 3 17 25 27 3 26 24 0 22 23 3 17 26 12 26 8 22 24 2
25 5 17 20 12 10 9 17 17 26 18 27 10 13 19 7 16 4 1 0 25 26 24 23 21 17 4 13 5 22
12 2 21 6 1 21 12 5 5 16 2 16 20 3 2 14 3 4 8 20 0 26 3 25 5 5 17 19 12 27
10 18 22 1 16 18 18 15 3 8 22 16 13 17 2 7 20 9 11 16 8 0 27 8 13 16 5 25 17 25
16 12 17 9 7 11 18 16 21 19 27 23 11 14 26 1 2 8 7 26 4 7 0 7 16 3 8 21 23 21
22 11 7 24 17 11 9 2 18 5 11 13 1 19 17 14 7 24 2 7 16 16 12 0 22 23 27 6 22 23
27 4 19 15 19 17 6 5 12 4 4 21 25 13 13 7 1 17 23 11 18 5 8 6 0 24 19 3 23 19
16 16 17 3 6 14 9 4 12 18 20 25 2 14 17 27 26 19 3 3 23 21 1 21 14 0 16 1 14 24
21 24 6 17 11 14 7 25 11 18 22 7 21 2 1 22 13 23 4 1 23 11 1 17 16 20 0 23 13 11
15 23 1 13 27 7 8 25 15 26 16 17 1 3 16 23 1 27 24 12 11 13 8 25 10 11 16 0 18 3
14 23 21 4 4 5 5 19 27 12 1 3 16 22 18 10 14 15 1 5 17 19 8 27 18 15 23 9 0 25
19 10 5 18 9 12 6 15 16 7 11 16 4 3 22 3 9 2 27 4 8 27 6 5 27 1 10 14 20 0

0 1 18 8 6 9 23 14 5 2 16 6 16 27 23 25 13 17 15 3 7 18 13 24 22 2 8 4 19 1
20 0 23 7 24 12 15 27 8 16 1 15 23 22 19 10 23 12 23 7 6 19 26 23 25 2 5 25 5 8
16 11 0 23 15 8 10 17 20 20 19 9 20 24 25 22 10 21 4 25 26 8 3 11 17 3 8 24 11 18
20 9 5 0 18 9 25 25 21 1 11 5 3 9 12 15 1 6 26 24 6 11 25 3 18 15 12 20 7 13
22 4 23 4 0 1 8 7 24 15 25 1 3 17 6 13 8 17 17 22 19 18 13 14 11 22 15 26 24 3
8 1 2 1 20 0 8 2 21 16 23 20 1 22 7 3 13 5 7 23 2 2 9 13 18 21 11 1 25 7
7 10 17 4 10 4 0 7 12 12 17 12 18 14 16 13 8 3 6 5 10 19 2 1 14 12 22 16 11 2
11 11 25 26 9 18 24 0 1 15 19 12 16 19 26 26 27 20 21 25 26 8 5 8 6 22 1 16 25 25
9 20 1 18 5 21 20 15 0 20 6 8 8 10 2 1 21 3 22 20 24 10 27 5 14 1 4 5 1 8
20 26 18 24 25 22 3 19 16 0 21 15 4 2 17 26 7 6 8 19 3 2 24 26 17 5 6 8 23 26
17 22 6 26 6 16 17 19 14 16 0 1 5 2 2 2 4 2 27 21 6 18 4 11 13 19 20 26 10 26
9 1 21 7 13 12 25 19 11 13 7 0 5 18 15 15 4 5 4 21 22 8 14 8 23 1 9 4 14 22
10 18 8 11 21 12 17 3 1 27 12 7 0 6 13 19 23 3 21 26 8 19 12 19 1 1 19 9 22 17
19 18 27 18 11 17 18 5 10 25 22 6 8 0 21 21 4 26 5 1 22 23 25 6 12 26 4 3 9 26
15 15 7 22 7 26 25 24 7 26 24 18 13 27 0 2 23 4 18 5 22 16 14 6 4 12 20 8 2 21
4 20 8 5 18 24 13 21 6 12 27 22 13 23 4 0 23 12 9 24 10 1 12 3 8 24 23 6 17 12
23 10 9 2 19 26 15 24 6 9 9 26 8 18 25 11 0 6 16 4 15 4 13 22 26 1 1 7 27 26
20 18 11 22 26 6 21 13 21 2 6 16 10 4 21 4 25 0 11 20 8 24 6 20 9 18 5 16 10 21
13 23 13 7 23 13 2 18 10 25 13 26 16 16 17 13 4 8 0 12 23 5 8 26 24 9 4 14 25 26
25 5 22 25 18 18 11 5 11 24 10 18 21 11 15 8 3 16 14 0 15 23 27 16 23 10 20 15 27 17
17 4 8 11 17 12 20 1 27 10 3 27 9 13 20 9 12 7 7 13 0 27 10 14 27 27 14 14 17 15
14 2 9 7 23 5 16 8 15 8 3 20 16 17 18 15 27 15 8 21 25 0 14 21 21 25 7 26 8 7
24 18 4 15 25 7 4 11 12 10 3 25 24 26 3 5 14 2 27 3 22 15 0 21 27 21 1 4 11 20
9 26 18 6 18 25 16 15 24 7 14 11 14 8 8 18 18 26 21 21 15 26 10 0 7 24 20 15 15 15
22 27 3 11 3 20 6 15 2 5 5 27 13 22 8 6 17 25 6 3 15 13 14 11 0 6 1 26 6 20
17 17 25 18 17 21 13 20 18 15 17 5 15 13 17 17 18 18 24 13 13 24 1 17 14 0 3 6 1 21
26 22 12 22 17 5 10 10 3 1 16 5 4 27 26 15 25 22 10 4 25 2 22 21 17 23 0 12 13 12
2 9 26 9 21 13 13 17 24 22 13 12 8 4 14 14 16 15 15 17 24 12 20 23 22 14 25 0 22 21
2 18 5 7 23 1 23 6 15 5 23 17 13 5 19 10 18 8 4 27 5 21 10 4 23 2 15 16 0 11
18 13 13 8 15 25 26 18 2 22 24 12 22 5 23 23 12 20 16 10 18 20 27 13 4 14 18 21 1 0

0 12 1 27 12 15 17 2 8 25 26 12 24 15 24 19 24 9 26 12 7 26 8 21 5 12 3 3 3 22
13 0 6 13 3 5 18 27 18 3 4 18 11 23 26 16 20 22 24 21 19 10 16 21 4 10 17 21 6 24
27 14 0 22 19 26 25 21 27 5 17 25 22 3 8 26 16 26 24 8 9 26 20 14 4 5 21 21 5 19
1 7 3 0 1 16 5 17 3 3 1 2 10 24 27 26 21 27 10 12 26 14 9 16 14 12 26 18 9 18
6 19 5 10 0 16 11 22 23 13 21 27 18 10 22 19 15 26 20 1 26 10 21 24 23 9 1 3 22 8
14 6 26 4 21 0 10 16 20 19 6 5 4 5 23 2 24 9 25 21 13 18 11 5 3 5 22 10 14 11
5 6 10 14 25 5 0 17 22 7 25 7 6 10 6 6 2 24 16 1 9 4 1 25 7 14 20 14 14 3
19 8 5 22 20 9 12 0 19 8 7 6 13 12 20 10 26 20 24 19 6 3 20 5 19 23 21 16 19 7
2 12 6 18 1 18 18 24 0 21 10 2 24 22 2 3 3 20 11 14 5 20 22 2 25 10 20 11 12 3
26 21 18 26 10 10 14 14 2 0 2 25 17 24 9 7 11 1 12 14 11 9 7 15 22 18 24 4 26 6
15 13 4 2 13 25 23 13 22 8 0 3 19 13 17 7 11 22 11 16 23 27 15 14 19 15 21 12 3 15
10 6 12 3 22 20 18 24 18 23 3 0 9 5 27 10 2 5 27 8 8 11 15 21 25 20 16 8 2 4
6 23 22 19 2 27 17 3 3 12 21 20 0 18 22 3 15 4 15 17 20 4 25 7 21 2 17 11 9 21
25 5 13 26 23 23 13 5 27 7 20 15 24 0 27 2 4 10 11 27 8 9 20 19 4 25 2 16 11 27
9 1 12 12 21 2 7 11 25 5 16 2 3 8 0 23 14 13 9 23 22 17 9 12 4 5 7 14 24 17
23 19 4 19 1 11 25 4 9 14 6 27 24 10 15 0 25 16 19 20 4 5 10 4 24 16 8 23 13 24
17 27 16 24 10 5 3 15 25 23 19 8 14 4 26 20 0 16 2 26 22 22 19 9 27 20 6 23 14 15
2 12 1 8 8 9 5 16 11 26 10 24 10 12 9 19 8 0 1 22 9 1 13 7 1 24 11 22 25 20
19 23 27 9 20 25 24 16 14 24 23 10 22 20 15 17 15 12 0 10 8 11 18 9 5 21 20 8 19 24
1 4 14 9 20 9 23 6 22 13 4 11 4 12 12 23 4 24 7 0 23 3 10 1 15 9 23 11 24 13
16 5 12 21 22 8 25 15 3 6 6 4 5 12 19 2 10 13 11 19 0 17 13 18 2 9 8 24 27 4
27 9 10 6 1 27 25 7 9 12 5 27 6 24 5 16 13 1 7 4 13 0 11 17 18 13 15 27 21 23
10 15 17 16 17 27 21 24 27 3 12 16 20 5 12 25 17 25 12 5 15 13 0 11 7 25 23 10 20 12
9 1 3 18 10 18 25 1 18 18 16 6 14 4 26 18 12 9 4 25 18 13 22 0 27 21 15 6 5 4
13 10 19 25 13 22 8 20 23 22 15 2 22 6 6 11 23 17 20 21 14 18 15 3 0 3 21 2 8 24
5 27 8 21 1 9 24 16 21 5 14 21 11 17 2 27 20 9 21 26 1 22 23 9 14 0 11 21 24 22
6 4 22 15 7 16 10 21 11 22 2 24 26 10 12 11 13 26 15 8 12 27 4 2 15 25 0 20 11 13
17 5 2 5 1 15 18 1 22 14 2 18 24 1 9 11 9 27 3 6 1 26 24 17 4 23 21 0 7 17
8 5 11 8 18 5 23 27 22 25 15 3 15 7 21 14 12 5 6 2 19 17 15 22 24 6 5 11 0 20
16 24 23 27 14 8 9 18 12 27 5 27 19 13 26 10 9 21 12 22 20 4 24 19 15 1 20 15 4 0

0 19 13 7 13 26 5 9 7 20 7 8 16 8 20 20 13 25 18 2 8 26 2 12 16 11 9 20 9 26
5 0 13 9 5 9 21 14 6 9 11 2 27 21 2 8 17 9 21 9 27 13 1 6 24 17 26 5 13 7
7 9 0 18 8 24 5 5 11 17 12 1 14 5 9 15 27 11 4 23 19 3 3 2 7 27 13 20 13 6
4 16 27 0 24 1 7 22 2 5 18 24 12 22 7 14 6 7 16 21 19 9 1 27 18 14 9 10 7 16
7 19 22 15 0 22 6 3 3 4 3 15 14 2 22 4 13 19 12 21 15 22 5 18 14 19 13 22 10 10
11 24 18 8 9 0 18 1 17 4 27 3 19 20 12 25 8 13 25 27 24 26 13 13 17 6 12 16 19 16
19 11 20 11 19 23 0 17 8 14 6 15 3 20 18 26 17 5 24 23 24 18 5 1 10 13 27 21 2 24
4 24 21 2 25 24 13 0 20 15 17 23 13 2 23 13 15 1 3 14 12 27 25 22 21 15 3 17 14 23
3 10 9 21 25 16 23 7 0 24 4 12 14 12 22 6 2 22 17 3 14 5 21 12 9 27 26 16 4 20
25 11 1 16 24 13 22 13 25 0 17 12 7 8 8 18 14 8 21 9 16 20 26 21 7 26 10 18 5 23
19 25 25 9 21 2 19 26 16 5 0 16 23 15 3 23 18 11 10 25 12 12 5 27 23 8 26 24 21 1
16 24 14 11 22 23 15 18 16 12 14 0 3 22 22 11 6 11 17 13 20 10 19 21 25 8 21 26 27 17
15 21 22 13 16 3 4 25 9 21 21 4 0 10 27 18 8 21 15 17 12 9 7 12 1 2 1 25 17 14
27 23 23 7 1 27 13 13 4 12 11 5 1 0 17 5 23 11 19 12 4 9 9 8 9 11 14 22 5 27
18 17 5 25 19 14 13 15 7 10 4 26 16 7 0 26 22 24 25 25 14 6 12 13 23 19 6 7 15 11
27 7 6 16 11 5 12 27 2 14 19 25 7 27 19 0 10 10 15 22 19 20 4 4 14 4 20 15 2 18
12 27 19 23 24 7 14 18 20 2 14 8 5 22 15 8 0 22 15 13 14 25 10 9 18 22 17 7 18 8
19 2 16 23 20 20 5 4 12 8 26 16 24 19 11 6 17 0 13 1 2 4 23 18 3 24 10 8 20 26
22 9 21 26 23 26 18 14 23 1 24 5 2 26 1 9 19 15 0 9 23 10 26 17 14 26 9 27 21 11
23 9 6 15 27 15 13 2 1 2 14 4 17 13 6 19 1 17 19 0 7 18 26 11 10 1 20 9 21 18
7 11 3 1 18 5 2 1 10 12 25 20 3 25 4 21 15 20 10 8 0 15 12 1 5 1 26 11 16 12
18 12 6 16 18 15 16 19 13 17 13 4 12 7 18 7 10 24 17 7 1 0 23 25 27 19 21 11 16 7
8 8 18 2 23 16 26 12 16 18 16 20 27 18 13 27 20 23 18 5 16 25 0 12 15 16 15 20 12 13
3 7 5 19 3 17 20 8 26 9 6 1 6 1 16 15 22 6 19 8 16 21 13 0 4 18 22 23 10 23
6 14 14 6 15 15 20 21 2 27 10 7 7 20 13 22 17 6 10 19 17 21 24 8 0 22 5 23 18 13
8 6 5 20 12 19 4 21 15 11 27 9 1 25 6 4 12 18 9 14 20 10 1 21 12 0 8 26 22 10
16 1 17 12 24 4 5 5 23 4 6 25 17 6 13 10 18 18 23 7 10 21 22 13 21 20 0 23 12 26
4 2 25 19 6 24 13 2 23 8 13 7 5 10 10 4 6 1 25 1 9 3 22 1 8 27 3 0 4 8
19 17 10 27 13 22 3 17 11 27 7 24 27 20 2 6 18 15 17 22 6 5 15 16 13 19 4 14 0 22
19 14 27 18 9 12 22 4 25 10 25 23 6 3 9 20 24 5 1 9 25 23 2 5 26 24 12 26 6 0

0 15 13 16 26 19 15 13 4 26 6 22 22 1 4 23 13 17 16 8 10 15 9 15 18 20 27 14 13 9
27 0 25 10 19 6 16 23 26 21 22 19 24 1 9 5 8 6 14 17 19 25 10 3 3 23 10 7 7 4
1 24 0 18 14 23 24 16 26 16 4 6 23 13 19 9 24 2 13 14 26 9 18 19 20 22 27 10 4 1
6 12 6 0 7 18 9 11 9 18 20 4 8 10 6 12 19 15 11 27 14 5 18 6 8 10 13 18 4 11
26 7 14 25 0 4 21 11 20 21 26 24 26 15 7 5 8 6 15 1 26 16 10 13 9 9 27 6 8 4
6 9 21 22 20 0 11 18 10 3 9 13 3 1 19 6 21 17 8 26 4 9 10 27 19 16 26 6 3 19
10 2 7 3 13 6 0 14 8 12 10 11 11 7 2 2 16 7 7 18 22 16 25 13 2 5 4 24 27 3
24 16 25 27 24 4 14 0 17 13 15 12 2 6 11 3 6 11 27 6 4 6 3 4 18 24 6 11 5 18
10 10 5 7 26 19 22 12 0 9 20 24 20 23 8 11 23 9 12 18 17 14 26 8 1 10 20 20 12 17
19 12 18 9 3 26 1 10 14 0 4 1 13 17 1 1 27 27 13 5 12 2 13 23 2 17 21 1 27 23
20 15 17 1 26 16 13 7 4 25 0 7 10 1 12 4 24 22 3 10 15 18 19 18 16 19 25 15 3 4
23 15 5 20 7 16 17 6 16 13 9 0 18 18 7 10 13 16 15 17 2 7 11 26 14 24 19 19 16 20
1 3 14 3 19 25 13 12 11 14 20 13 0 11 4 11 7 20 14 18 20 23 5 12 15 8 1 9 10 26
11 15 2 21 22 22 10 8 18 21 14 8 1 0 8 4 14 25 21 12 11 22 17 12 23 27 18 8 25 6
11 14 5 6 20 13 16 6 3 8 15 27 2 27 0 22 14 22 10 27 8 10 1 2 6 6 5 6 23 14
21 1 4 15 26 26 14 27 19 27 5 25 12 8 6 0 1 11 2 19 9 21 12 25 10 7 10 22 15 14
5 21 24 27 3 12 5 5 13 18 13 26 23 16 26 6 0 6 10 21 14 17 13 18 4 3 16 18 21 7
16 10 27 10 7 22 23 20 2 27 19 9 14 22 12 7 25 0 12 6 15 18 18 5 8 26 21 15 17 14
16 23 24 5 19 17 17 14 2 4 22 20 6 23 9 26 11 19 0 23 14 10 17 17 1 19 3 22 20 20
6 22 2 18 17 1 4 3 21 15 17 22 17 27 6 2 19 14 1 0 6 18 23 9 20 8 20 21 27 3
6 9 15 9 25 19 17 6 21 21 27 27 23 4 20 12 5 22 3 12 0 14 11 21 1 21 6 18 27 9
11 16 14 18 12 19 9 12 4 1 20 5 6 3 5 4 10 9 25 6 2 0 20 8 13 1 12 12 20 9
26 1 2 16 5 5 17 2 5 7 13 14 23 3 21 10 11 7 20 26 21 11 0 20 7 22 8 7 7 18
2 17 6 12 12 14 20 25 10 23 18 23 22 6 24 11 24 10 5 7 21 18 13 0 5 14 10 18 15 15
4 16 4 5 5 14 2 20 27 6 24 2 20 12 14 21 27 13 17 9 19 17 10 19 0 21 11 9 20 8
4 23 11 24 2 7 4 24 9 26 15 11 9 10 9 4 18 22 9 24 16 6 15 22 19 0 27 19 7 15
27 15 10 24 15 10 17 6 22 7 2 27 26 5 8 14 15 17 22 13 21 20 19 15 20 16 0 11 16 19
14 10 9 7 2 12 17 2 11 10 13 4 22 18 2 21 27 17 10 12 18 20 25 5 6 2 14 0 12 20
26 16 19 19 16 27 21 26 15 20 16 11 9 6 22 12 7 21 20 2 2 24 25 8 5 12 5 18 0 25
27 26 22 10 26 24 12 15 15 1 2 8 14 4 20 6 20 6 1 20 4 3 3 4 25 27 17 6 6 0

0 6 23 16 19 18 4 6 7 17 9 17 10 26 4 7 18 19 4 20 5 17 25 27 12 16 14 15 15 10
18 0 7 9 21 22 10 4 23 13 21 17 1 25 21 22 6 20 16 10 12 19 24 27 16 16 7 11 22 3
3 1 0 7 3 18 25 14 26 15 25 22 5 4 15 20 20 14 25 17 1 1 19 21 7 22 1 13 13 15
7 18 11 0 1 15 11 16 22 19 12 1 25 24 20 27 12 17 2 4 15 5 20 19 15 6 26 27 25 21
11 6 16 17 0 2 8 12 5 8 10 25 15 21 21 2 14 13 3 16 9 6 17 10 21 12 9 11 25 2
8 21 20 13 8 0 3 24 5 4 2 2 1 15 8 9 25 3 24 9 18 14 1 19 26 19 14 12 24 21
9 10 14 8 6 4 0 9 6 17 12 24 8 5 6 7 25 25 4 11 14 9 27 3 3 10 13 18 21 10
15 22 1 5 19 26 3 0 15 2 13 18 25 22 25 25 14 25 26 11 22 19 1 12 14 4 26 3 4 20
9 17 15 25 21 8 12 14 0 13 21 1 6 21 13 3 6 23 5 3 5 15 11 26 15 27 27 16 20 18
9 11 10 21 19 9 16 15 14 0 25 15 19 25 26 19 14 19 27 14 18 11 12 5 26 20 25 18 12 6
10 1 26 3 19 9 25 12 27 20 0 10 22 8 24 15 1 15 4 12 15 9 25 15 4 5 20 2 19 2
15 4 27 13 16 3 13 2 12 17 21 0 22 18 21 15 15 1 13 21 25 16 20 15 16 2 19 24 26 26
8 11 15 18 22 9 13 22 5 26 6 4 0 2 18 6 12 21 13 20 9 6 13 8 21 4 24 15 18 7
20 19 1 3 10 25 11 19 5 24 19 9 11 0 16 1 21 17 6 25 5 17 16 16 5 25 25 13 11 9
17 3 13 23 2 13 10 15 9 22 1 19 22 11 0 14 12 12 3 7 15 8 9 3 9 7 8 8 5 13
4 12 1 3 16 13 4 8 20 22 18 3 15 4 5 0 10 9 16 4 23 3 6 14 7 9 5 25 17 16
1 19 20 7 20 17 24 4 10 9 26 20 7 24 15 6 0 18 10 6 11 27 11 13 23 26 18 10 13 2
9 7 26 3 17 17 22 27 7 25 3 21 21 13 19 17 16 0 27 27 23 2 8 23 11 1 7 7 15 18
2 4 8 24 14 15 18 24 10 12 8 16 10 4 15 19 11 1 0 27 8 21 24 5 18 17 25 14 14 27
15 21 7 7 21 7 18 23 27 17 22 4 23 26 20 12 19 8 3 0 18 12 20 17 6 11 4 12 4 15
10 17 13 7 4 16 8 4 15 2 13 7 9 20 11 16 18 7 10 19 0 16 4 12 26 24 21 21 11 11
14 4 12 15 16 7 4 25 5 2 26 21 15 21 20 20 6 18 9 11 16 0 2 13 21 22 27 16 16 1
12 5 12 18 21 5 3 22 17 10 12 23 8 21 23 10 10 14 23 23 19 1 0 16 14 24 5 5 9 24
17 25 27 17 5 26 12 27 12 16 14 24 12 3 2 25 25 9 15 11 16 22 17 0 6 14 26 5 26 8
17 12 17 9 22 27 6 8 25 25 4 19 12 26 13 14 9 15 1 23 18 26 25 15 0 2 20 12 5 19
24 3 26 12 26 14 25 1 4 3 22 8 26 27 4 22 2 21 20 1 12 14 5 24 3 0 1 19 6 13
19 27 15 20 23 26 19 19 25 22 10 9 18 23 5 3 7 2 20 11 19 20 26 10 23 12 0 3 17 16
8 24 27 6 17 5 10 24 9 7 22 11 13 15 22 1 17 8 7 24 26 7 25 10 6 27 10 0 17 1
7 5 21 18 13 23 1 9 27 1 25 25 4 7 5 18 9 21 7 17 11 22 24 15 1 15 27 9 0 20
9 24 9 18 1 13 25 11 26 6 26 3 14 15 13 20 5 5 5 4 18 14 19 10 11 6 23 23 14 0

0 20 14 25 2 10 15 4 11 23 5 17 16 14 3 2 14 12 6 3 12 16 16 22 24 8 15 16 18 14
17 0 11 2 10 23 22 14 16 15 18 25 22 27 3 5 4 20 21 27 4 10 1 8 23 26 10 22 14 9
3 26 0 4 16 2 17 24 5 15 18 17 3 19 14 17 8 21 21 3 14 16 17 20 25 2 2 13 13 26
19 20 8 0 20 11 2 5 22 10 19 20 22 23 19 20 6 11 6 18 23 16 3 16 15 4 11 20 10 25
20 25 20 15 0 19 4 13 21 7 6 21 13 19 23 8 4 17 10 27 1 21 20 27 7 9 6 17 23 22
26 7 18 12 8 0 6 18 7 11 13 25 17 17 23 1 26 19 16 16 8 16 21 7 14 5 17 8 12 11
15 2 8 8 16 1 0 2 4 18 10 25 25 11 14 16 1 17 17 8 11 7 10 27 9 3 2 26 3 9
13 12 20 3 11 4 18 0 3 13 4 20 22 15 15 17 23 27 21 24 6 13 18 16 15 2 27 8 17 12
13 14 21 16 20 20 10 12 0 12 4 11 11 25 27 21 21 18 14 5 26 21 19 1 22 5 16 2 17 17
9 7 22 5 12 16 21 22 1 0 25 10 20 20 26 3 8 12 24 16 26 23 5 8 7 8 22 25 1 27
4 5 5 16 15 20 5 21 22 20 0 26 14 1 10 21 19 19 24 26 10 19 8 17 18 2 4 22 26 9
25 2 21 1 20 22 26 23 25 19 26 0 22 5 3 10 26 7 20 1 18 22 17 20 14 12 26 1 21 17
12 9 11 14 11 12 13 5 11 11 24 26 0 14 12 4 24 5 27 10 8 7 8 3 25 19 26 25 1 9
4 6 13 12 2 27 16 14 3 9 6 13 4 0 16 19 27 9 27 21 8 27 10 22 3 4 16 10 14 18
2 8 13 21 2 4 11 12 6 15 27 2 18 2 0 14 24 24 23 3 19 25 19 25 13 13 10 1 19 4
2 20 21 15 10 2 7 19 24 16 8 4 4 20 13 0 24 25 8 13 1 5 16 12 17 9 23 6 8 9
13 27 9 15 12 8 11 3 14 2 22 14 21 1 13 24 0 26 12 14 7 27 17 21 11 13 8 5 12 26
11 7 6 14 7 8 1 11 21 8 3 18 22 14 20 26 4 0 3 17 2 1 4 3 23 12 15 23 9 23
13 7 3 27 14 11 23 26 24 24 17 16 7 23 9 14 19 1 0 5 11 12 27 21 9 8 24 24 2 5
13 18 2 5 20 5 17 7 11 6 12 16 5 1 9 7 26 15 26 0 10 25 8 9 11 27 26 4 26 3
22 16 11 11 6 7 21 12 20 7 23 26 17 4 13 17 13 11 13 8 0 12 6 11 20 20 17 1 15 23
17 24 10 9 3 26 1 13 4 9 26 7 18 26 27 6 1 25 15 8 2 0 18 10 3 21 26 12 27 7
14 25 17 4 24 5 24 24 5 9 17 26 20 2 18 26 19 6 20 13 22 26 0 8 5 18 8 8 17 20
18 27 24 15 17 21 13 2 13 12 8 17 24 11 11 19 12 13 6 25 18 8 21 0 14 21 2 10 14 22
21 18 17 20 20 13 10 3 27 10 18 21 27 2 19 7 5 25 6 15 21 23 23 16 0 22 9 1 21 10
5 13 6 17 4 20 27 6 3 22 10 8 14 7 26 11 4 1 2 6 17 24 25 15 5 0 8 27 3 9
5 20 10 13 12 24 2 11 23 7 18 20 24 5 26 17 23 16 23 7 1 6 11 1 21 18 0 15 7 20
3 22 8 16 14 19 8 27 12 9 4 17 21 23 11 1 1 10 7 18 16 10 12 6 18 9 21 0 17 1
18 24 17 23 11 9 14 16 10 20 8 14 10 26 24 14 27 27 12 13 21 14 24 6 25 17 24 8 0 12
7 17 23 26 6 9 21 2 1 9 18 13 20 5 15 24 14 20 25 18 18 7 16 14 24 7 12 10 23 0

0 1 12 22 2 17 10 3 14 6 1 24 24 5 15 10 26 27 15 20 12 5 4 14 3 27 17 19 9 27
25 0 10 27 11 19 2 2 19 27 27 22 12 1 7 19 19 1 19 14 10 11 5 25 11 21 15 12 10 22
4 6 0 10 12 21 15 3 7 7 26 11 7 27 25 24 7 12 4 17 17 6 19 27 24 1 5 5 16 11
10 16 19 0 23 1 16 26 8 13 13 11 25 11 26 21 17 25 8 6 17 22 17 9 18 2 3 3 21 12
2 6 20 1 0 5 4 27 18 19 17 6 27 11 5 26 20 26 9 18 4 4 26 27 1 25 9 1 9 6
18 9 13 18 8 0 21 9 20 13 24 12 17 5 15 7 16 3 23 23 26 12 8 23 9 20 9 21 23 22
19 25 13 18 26 3 0 14 8 21 26 17 25 18 16 11 20 21 11 22 14 27 5 5 7 10 5 10 18 6
6 8 14 13 4 5 7 0 12 26 6 13 24 17 24 22 21 21 26 16 21 10 20 12 19 27 3 17 5 13
19 2 3 2 1 18 2 11 0 20 22 19 25 9 8 22 13 9 21 20 21 19 13 14 20 16 16 18 9 5
17 2 7 10 24 11 25 19 25 0 10 25 10 16 24 5 26 8 5 17 12 15 6 11 4 2 1 20 10 3
16 7 26 12 23 15 5 10 6 27 0 26 17 20 15 18 1 10 27 15 27 7 22 22 22 18 18 27 13 7
11 20 1 19 25 27 18 19 3 13 26 0 27 2 15 9 21 15 13 13 4 7 27 21 24 14 4 10 1 20
17 14 15 25 19 19 14 14 11 1 8 12 0 9 11 19 11 14 13 18 16 10 4 6 15 26 19 9 6 20
18 22 26 26 8 19 23 10 3 27 16 13 23 0 5 8 16 11 16 14 18 14 7 5 23 9 3 10 7 22
4 4 11 17 17 10 14 15 24 3 12 24 7 21 0 22 8 18 27 16 18 6 2 6 26 10 23 11 17 21
21 4 11 10 14 6 5 19 10 2 11 26 3 13 23 0 7 12 14 2 21 21 14 4 22 1 13 14 25 12
12 4 13 16 15 19 21 21 1 4 13 7 23 12 13 26 0 7 3 1 1 8 23 8 16 15 25 21 23 7
27 5 24 1 26 23 7 25 25 9 19 13 23 21 2 3 27 0 16 21 13 14 10 25 10 22 7 2 14 5
8 24 22 20 7 6 12 22 14 20 16 7 14 16 2 12 6 17 0 19 8 25 23 6 12 23 27 24 2 5
23 18 25 14 22 25 9 4 2 25 6 17 18 24 19 10 14 16 7 0 23 4 9 13 12 15 2 23 8 22
16 10 24 16 1 23 10 15 13 7 15 26 13 16 1 22 1 4 5 11 0 14 6 25 2 12 26 18 13 7
18 11 15 19 19 22 7 27 17 4 20 14 7 19 9 10 23 19 26 15 24 0 15 17 11 16 19 7 16 26
27 14 9 10 23 5 22 14 26 13 10 3 6 2 7 27 19 24 5 1 21 16 0 8 1 12 17 2 11 8
24 10 22 7 15 26 15 11 17 9 7 7 18 27 9 11 3 13 3 3 1 17 24 0 8 7 22 10 5 14
17 27 26 2 9 25 21 26 4 18 3 13 6 2 16 25 23 13 14 23 7 6 15 1 0 4 22 16 27 4
15 7 13 24 18 4 4 20 1 19 14 6 14 14 25 25 4 24 10 24 6 20 8 9 4 0 5 2 27 11
21 22 5 12 11 7 16 2 18 16 5 21 12 14 4 18 13 8 24 24 2 16 7 13 6 27 0 27 17 20
17 6 18 23 15 19 15 6 19 24 8 20 26 26 16 22 7 25 4 23 27 3 21 5 13 1 6 0 25 16
19 26 17 19 5 3 9 13 26 20 11 25 12 13 5 17 27 17 10 11 14 21 11 24 24 13 5 17 0 7
10 8 3 26 22 5 16 2 24 1 14 11 24 22 8 22 5 7 6 25 11 21 5 24 8 12 1 26 9 0
