15 15 11
15    2  9 65  10 65    6  1 28  3 28  4 28  7 28  10 28  14 28    5  4 74  5 74  9 74  11 74  13 74    7  2 33  3 33  4 33  6 33  12 33  13 33  14 33    7  2 51  3 51  4 51  5 51  8 51  10 51  14 51    8  1 75  2 75  3 75  5 75  6 75  8 75  9 75  14 75    7  0 73  3 73  5 73  6 73  10 73  13 73  14 73    7  1 32  6 32  8 32  9 32  10 32  12 32  13 32    9  0 13  1 13  2 13  3 13  5 13  6 13  7 13  9 13  11 13    4  0 81  3 81  10 81  12 81    8  0 35  1 35  2 35  4 35  7 35  8 35  12 35  13 35    8  1 59  4 59  7 59  8 59  9 59  11 59  12 59  13 59    4  0 38  1 38  3 38  13 38    4  0 55  4 55  11 55  13 55    8  0 27  1 27  2 27  5 27  6 27  8 27  9 27  13 27
15    4  0 64  3 64  5 64  7 64    6  1 53  4 53  6 53  11 53  12 53  14 53    7  2 83  3 83  8 83  9 83  11 83  12 83  13 83    6  2 33  7 33  8 33  11 33  12 33  14 33    4  4 6  5 6  11 6  13 6    8  0 52  1 52  4 52  5 52  9 52  11 52  13 52  14 52    7  1 72  6 72  8 72  9 72  10 72  11 72  14 72    7  0 7  1 7  4 7  6 7  8 7  11 7  13 7    5  0 90  7 90  8 90  12 90  13 90    6  4 21  7 21  9 21  10 21  12 21  13 21    6  0 23  1 23  4 23  6 23  8 23  13 23    7  0 10  1 10  3 10  8 10  11 10  12 10  14 10    4  0 39  10 39  13 39  14 39    9  1 49  3 49  5 49  6 49  7 49  8 49  9 49  10 49  11 49    4  7 72  8 72  13 72  14 72
15    6  1 73  5 73  6 73  9 73  10 73  14 73    5  3 82  4 82  6 82  7 82  8 82    8  1 23  2 23  3 23  4 23  7 23  9 23  12 23  14 23    9  1 62  3 62  4 62  5 62  6 62  8 62  10 62  11 62  12 62    7  0 88  1 88  2 88  5 88  6 88  12 88  14 88    7  2 21  4 21  5 21  7 21  8 21  9 21  14 21    6  1 65  3 65  5 65  8 65  9 65  13 65    10  0 70  2 70  3 70  4 70  5 70  6 70  7 70  11 70  13 70  14 70    7  4 53  5 53  7 53  8 53  10 53  13 53  14 53    10  0 81  1 81  2 81  3 81  5 81  9 81  10 81  11 81  12 81  13 81    7  1 93  2 93  3 93  6 93  11 93  13 93  14 93    5  5 77  6 77  11 77  12 77  13 77    7  0 61  1 61  7 61  8 61  9 61  13 61  14 61    9  1 28  4 28  7 28  8 28  9 28  10 28  11 28  12 28  13 28    5  1 78  2 78  4 78  6 78  12 78
15    7  0 12  1 12  2 12  3 12  5 12  9 12  14 12    6  2 51  4 51  5 51  6 51  13 51  14 51    3  7 33  8 33  12 33    5  0 15  1 15  2 15  4 15  13 15    6  2 72  4 72  5 72  7 72  13 72  14 72    4  4 98  7 98  9 98  10 98    4  2 94  9 94  10 94  13 94    6  2 12  5 12  6 12  9 12  11 12  14 12    10  0 42  1 42  2 42  4 42  5 42  6 42  7 42  9 42  10 42  11 42    7  2 24  4 24  6 24  8 24  9 24  10 24  11 24    9  1 15  3 15  5 15  6 15  7 15  9 15  10 15  12 15  13 15    7  0 28  1 28  2 28  7 28  8 28  10 28  14 28    9  2 6  3 6  4 6  5 6  6 6  7 6  8 6  10 6  14 6    7  2 99  3 99  5 99  7 99  8 99  9 99  12 99    6  0 41  4 41  7 41  8 41  10 41  14 41
15    8  2 97  3 97  4 97  6 97  7 97  8 97  11 97  12 97    11  0 7  2 7  4 7  5 7  7 7  8 7  9 7  10 7  11 7  13 7  14 7    8  0 96  3 96  4 96  5 96  6 96  8 96  9 96  10 96    8  0 15  1 15  2 15  4 15  10 15  11 15  12 15  14 15    10  0 73  2 73  3 73  4 73  5 73  6 73  7 73  8 73  13 73  14 73    7  0 43  6 43  7 43  9 43  10 43  11 43  13 43    6  0 32  3 32  7 32  8 32  10 32  12 32    8  4 22  5 22  6 22  8 22  9 22  12 22  13 22  14 22    7  0 42  1 42  4 42  11 42  12 42  13 42  14 42    7  0 94  1 94  2 94  6 94  10 94  12 94  13 94    5  2 23  7 23  9 23  11 23  13 23    6  4 86  7 86  9 86  10 86  12 86  14 86    9  1 78  2 78  3 78  6 78  8 78  10 78  12 78  13 78  14 78    7  3 24  5 24  6 24  7 24  9 24  10 24  12 24    7  1 31  3 31  4 31  10 31  11 31  13 31  14 31
15    8  0 72  1 72  2 72  4 72  5 72  6 72  13 72  14 72    3  0 88  5 88  14 88    5  2 93  5 93  7 93  8 93  14 93    5  2 13  3 13  6 13  11 13  13 13    7  1 44  4 44  6 44  10 44  12 44  13 44  14 44    3  7 66  8 66  14 66    4  3 63  6 63  10 63  12 63    8  0 14  1 14  3 14  4 14  7 14  9 14  11 14  12 14    8  1 67  3 67  5 67  6 67  8 67  9 67  12 67  14 67    10  1 17  3 17  4 17  6 17  7 17  8 17  10 17  12 17  13 17  14 17    6  0 85  2 85  4 85  7 85  9 85  11 85    2  0 35  14 35    6  2 68  3 68  6 68  8 68  11 68  12 68    7  1 5  3 5  5 5  9 5  10 5  11 5  12 5    5  0 49  8 49  9 49  12 49  14 49
15    8  0 15  1 15  2 15  4 15  9 15  10 15  11 15  13 15    4  2 82  7 82  9 82  10 82    8  2 21  3 21  5 21  6 21  8 21  10 21  11 21  13 21    8  1 53  3 53  4 53  5 53  6 53  8 53  9 53  14 53    8  2 72  3 72  4 72  6 72  7 72  12 72  13 72  14 72    6  2 49  4 49  7 49  9 49  12 49  13 49    4  2 99  6 99  7 99  13 99    6  4 26  6 26  8 26  10 26  12 26  13 26    10  1 56  2 56  3 56  4 56  8 56  9 56  10 56  12 56  13 56  14 56    9  0 45  1 45  2 45  3 45  5 45  7 45  8 45  9 45  11 45    5  1 68  3 68  8 68  9 68  12 68    10  1 51  2 51  4 51  5 51  6 51  7 51  8 51  10 51  12 51  13 51    6  0 8  1 8  3 8  6 8  11 8  12 8    3  0 27  2 27  5 27    6  2 96  4 96  6 96  11 96  12 96  14 96
15    7  0 54  1 54  3 54  8 54  12 54  13 54  14 54    6  1 24  5 24  7 24  8 24  10 24  13 24    6  0 14  4 14  6 14  7 14  11 14  13 14    3  2 38  7 38  8 38    9  0 36  2 36  3 36  5 36  6 36  7 36  11 36  12 36  13 36    10  0 52  2 52  3 52  4 52  6 52  7 52  8 52  9 52  11 52  12 52    6  3 55  7 55  8 55  9 55  13 55  14 55    9  0 37  1 37  2 37  3 37  5 37  9 37  10 37  12 37  14 37    6  0 48  2 48  7 48  11 48  13 48  14 48    4  0 93  9 93  13 93  14 93    8  0 60  1 60  4 60  6 60  9 60  12 60  13 60  14 60    6  0 70  1 70  4 70  9 70  10 70  14 70    8  0 23  1 23  2 23  6 23  9 23  11 23  12 23  14 23    6  1 23  3 23  4 23  6 23  10 23  14 23    6  3 83  7 83  8 83  9 83  11 83  13 83
15    7  0 12  2 12  3 12  7 12  8 12  9 12  10 12    6  4 69  8 69  10 69  11 69  13 69  14 69    8  1 26  3 26  4 26  6 26  8 26  9 26  13 26  14 26    6  0 23  2 23  4 23  5 23  8 23  9 23    8  0 28  3 28  4 28  6 28  8 28  10 28  12 28  14 28    6  1 82  2 82  3 82  5 82  8 82  11 82    5  1 33  3 33  4 33  5 33  9 33    5  4 45  6 45  7 45  10 45  11 45    4  5 64  8 64  13 64  14 64    7  0 15  3 15  4 15  6 15  7 15  10 15  13 15    3  8 9  10 9  11 9    3  2 73  7 73  12 73    6  3 59  4 59  7 59  8 59  10 59  12 59    9  0 37  2 37  5 37  7 37  8 37  9 37  11 37  13 37  14 37    6  0 62  3 62  5 62  6 62  9 62  14 62
15    8  0 87  1 87  2 87  6 87  7 87  10 87  13 87  14 87    8  2 12  4 12  5 12  6 12  7 12  10 12  12 12  13 12    4  1 80  7 80  11 80  14 80    7  2 50  4 50  5 50  6 50  8 50  10 50  14 50    6  2 48  6 48  10 48  12 48  13 48  14 48    5  1 90  5 90  6 90  11 90  12 90    8  0 72  1 72  4 72  5 72  6 72  7 72  10 72  11 72    5  1 24  7 24  9 24  12 24  13 24    7  0 14  3 14  6 14  8 14  9 14  13 14  14 14    4  0 71  1 71  8 71  13 71    6  0 44  6 44  11 44  12 44  13 44  14 44    6  3 46  5 46  7 46  8 46  9 46  10 46    5  0 15  2 15  5 15  8 15  9 15    7  0 61  1 61  6 61  7 61  8 61  9 61  14 61    9  0 92  1 92  2 92  3 92  4 92  5 92  8 92  10 92  13 92
15    5  0 54  2 54  4 54  5 54  9 54    6  0 22  4 22  7 22  9 22  10 22  11 22    9  0 61  1 61  3 61  5 61  6 61  10 61  12 61  13 61  14 61    5  0 46  2 46  4 46  7 46  12 46    6  3 73  4 73  7 73  11 73  12 73  14 73    5  2 16  3 16  5 16  8 16  14 16    6  2 6  3 6  4 6  6 6  12 6  13 6    7  1 94  3 94  4 94  7 94  9 94  11 94  14 94    3  4 93  12 93  14 93    5  0 67  2 67  9 67  13 67  14 67    6  2 54  3 54  6 54  8 54  11 54  14 54    6  2 75  5 75  7 75  9 75  11 75  12 75    7  0 32  1 32  2 32  5 32  6 32  11 32  14 32    7  0 40  1 40  3 40  5 40  9 40  10 40  13 40    8  0 97  1 97  2 97  4 97  7 97  8 97  13 97  14 97
15    3  8 92  10 92  11 92    9  2 36  3 36  5 36  7 36  8 36  10 36  11 36  12 36  14 36    7  2 22  4 22  5 22  6 22  7 22  12 22  14 22    10  1 9  2 9  6 9  7 9  8 9  9 9  11 9  12 9  13 9  14 9    8  0 47  1 47  2 47  3 47  7 47  8 47  11 47  12 47    4  1 77  2 77  3 77  12 77    8  0 79  1 79  6 79  7 79  8 79  9 79  12 79  13 79    6  0 36  4 36  11 36  12 36  13 36  14 36    9  0 30  1 30  3 30  5 30  6 30  9 30  10 30  11 30  12 30    7  0 98  1 98  3 98  6 98  8 98  10 98  12 98    8  3 79  5 79  6 79  7 79  8 79  10 79  11 79  12 79    5  7 7  8 7  9 7  10 7  11 7    6  0 55  1 55  3 55  4 55  5 55  14 55    7  2 6  3 6  4 6  9 6  10 6  13 6  14 6    4  0 30  2 30  3 30  7 30
15    7  0 49  4 49  5 49  7 49  11 49  13 49  14 49    5  0 83  4 83  7 83  8 83  13 83    5  0 73  1 73  3 73  11 73  13 73    8  0 82  1 82  3 82  5 82  6 82  7 82  10 82  11 82    6  0 82  1 82  2 82  4 82  11 82  12 82    6  4 92  8 92  9 92  10 92  13 92  14 92    5  5 73  7 73  11 73  12 73  13 73    8  1 31  4 31  5 31  6 31  10 31  11 31  13 31  14 31    5  1 35  3 35  9 35  10 35  14 35    4  3 54  4 54  9 54  14 54    8  2 7  4 7  5 7  6 7  7 7  8 7  10 7  14 7    8  1 37  2 37  6 37  7 37  8 37  11 37  13 37  14 37    9  0 72  1 72  4 72  5 72  6 72  7 72  8 72  9 72  10 72    6  2 52  4 52  6 52  8 52  11 52  12 52    7  0 76  2 76  3 76  5 76  10 76  12 76  13 76
15    4  9 98  10 98  11 98  12 98    6  0 34  3 34  4 34  8 34  12 34  13 34    5  5 52  8 52  9 52  13 52  14 52    8  0 26  2 26  3 26  4 26  7 26  10 26  11 26  13 26    7  1 28  3 28  5 28  6 28  7 28  12 28  13 28    6  2 39  3 39  5 39  8 39  10 39  14 39    7  2 80  6 80  7 80  8 80  9 80  13 80  14 80    5  2 29  3 29  5 29  6 29  7 29    7  2 70  5 70  9 70  10 70  11 70  13 70  14 70    5  0 43  3 43  6 43  7 43  11 43    6  0 48  5 48  6 48  8 48  10 48  13 48    10  0 58  2 58  3 58  5 58  6 58  7 58  9 58  12 58  13 58  14 58    8  0 45  2 45  4 45  5 45  9 45  10 45  11 45  14 45    5  1 94  3 94  12 94  13 94  14 94    7  1 96  2 96  6 96  8 96  10 96  11 96  14 96
15    8  1 70  5 70  6 70  8 70  10 70  12 70  13 70  14 70    4  0 17  8 17  10 17  12 17    9  0 90  4 90  6 90  7 90  8 90  9 90  10 90  11 90  12 90    7  0 67  1 67  7 67  9 67  10 67  12 67  13 67    6  3 14  4 14  8 14  9 14  11 14  14 14    6  2 23  3 23  7 23  8 23  10 23  11 23    5  3 21  4 21  12 21  13 21  14 21    7  0 18  2 18  4 18  7 18  11 18  12 18  14 18    9  0 43  4 43  6 43  7 43  10 43  11 43  12 43  13 43  14 43    6  3 84  5 84  7 84  8 84  10 84  11 84    6  0 26  5 26  8 26  9 26  11 26  12 26    4  2 36  8 36  9 36  11 36    9  0 93  2 93  3 93  5 93  7 93  9 93  10 93  11 93  14 93    6  2 84  5 84  8 84  11 84  12 84  14 84    7  0 42  2 42  3 42  8 42  9 42  10 42  13 42

0 23 4 5 22 15 20 14 5 24 13 8 9 18 20
11 0 9 25 4 19 25 14 16 12 17 18 24 2 22
22 19 0 19 20 20 24 18 5 22 9 9 12 7 11
13 22 6 0 11 6 19 1 18 23 17 9 8 19 7
16 6 9 16 0 24 24 21 25 10 1 25 5 3 4
18 12 11 2 8 0 13 21 8 22 7 5 6 15 8
9 17 22 7 15 9 0 6 14 23 8 24 17 18 14
20 23 15 16 22 20 10 0 23 5 15 15 21 8 7
14 8 10 3 18 1 17 1 0 9 13 10 12 7 17
12 17 4 17 15 23 5 8 4 0 4 21 2 2 24
12 24 4 24 2 17 5 5 13 5 0 5 2 5 12
23 14 25 10 1 13 24 7 25 3 25 0 18 8 7
9 16 23 16 11 22 24 22 21 5 14 20 0 22 22
12 19 1 3 20 4 21 15 24 14 9 7 11 0 17
22 8 16 15 15 9 19 25 13 23 13 14 14 21 0

0 11 12 1 24 16 1 24 3 6 25 6 10 6 6
2 0 14 25 1 22 20 14 21 5 22 23 18 8 22
2 14 0 13 7 10 2 11 24 12 12 20 15 15 1
4 3 5 0 13 16 8 19 22 18 24 2 23 9 20
16 10 14 12 0 21 19 5 5 5 11 5 21 4 13
2 3 22 23 24 0 12 22 8 14 9 23 22 4 4
5 5 12 3 15 23 0 25 16 10 21 24 12 13 10
13 2 2 16 13 17 12 0 10 13 15 6 3 17 18
21 6 23 10 3 14 14 25 0 10 15 1 16 24 14
8 7 4 14 12 20 10 5 18 0 22 6 11 11 15
5 20 25 14 18 3 2 14 24 4 0 19 2 1 14
9 23 14 8 12 13 22 20 19 10 4 0 1 2 6
10 24 6 17 1 22 6 23 14 14 15 25 0 4 2
4 14 12 7 24 21 19 19 10 8 18 6 19 0 15
8 25 1 2 11 19 3 11 25 13 23 18 19 6 0

0 19 8 20 25 6 4 10 8 5 19 8 7 22 3
20 0 8 9 24 8 9 22 18 18 3 2 6 7 1
11 17 0 25 24 4 17 13 4 20 24 10 16 7 15
2 25 24 0 17 9 20 13 15 11 8 7 11 20 13
21 10 9 7 0 25 16 19 3 3 5 24 14 3 3
8 13 11 25 21 0 15 22 2 24 18 25 4 21 10
17 4 16 2 7 15 0 17 21 20 18 16 22 19 17
14 6 21 11 9 12 20 0 25 11 16 20 22 24 3
9 20 13 21 15 13 14 5 0 7 23 11 12 3 6
9 7 10 17 10 12 20 9 22 0 22 12 10 1 14
19 21 23 17 13 4 15 3 3 12 0 17 7 16 2
25 16 1 3 4 25 24 11 5 12 9 0 10 2 18
15 6 7 6 3 8 11 23 11 4 20 18 0 12 1
13 17 10 23 21 25 9 12 6 4 10 16 13 0 13
18 23 4 17 24 8 24 6 20 16 14 13 16 24 0

0 2 19 12 22 16 16 19 25 15 3 24 21 8 17
2 0 21 14 21 4 16 22 9 13 6 17 18 11 6
6 8 0 22 19 24 24 13 17 8 14 4 15 12 1
24 8 7 0 3 3 21 3 21 3 2 21 11 19 5
3 11 5 23 0 15 7 6 14 18 23 18 12 2 15
14 15 21 18 12 0 7 11 2 24 5 23 18 17 3
15 3 12 25 22 25 0 19 11 14 9 7 10 12 6
2 14 15 21 17 10 25 0 21 2 8 3 18 13 15
16 17 1 10 21 22 20 14 0 15 10 16 19 18 17
4 4 8 3 10 8 4 3 10 0 22 3 5 8 2
16 7 9 25 8 13 23 21 1 1 0 22 19 14 14
20 13 1 16 16 9 24 19 4 3 11 0 9 13 17
25 23 18 2 21 10 4 15 11 20 12 15 0 23 3
7 17 14 4 8 24 12 23 14 7 12 3 5 0 7
23 23 12 17 16 19 16 22 16 11 13 9 18 20 0

0 11 8 17 21 25 18 18 20 21 15 22 18 1 21
14 0 24 25 11 1 18 23 16 17 20 5 1 3 24
4 24 0 24 7 25 16 8 6 8 17 11 11 11 16
21 4 5 0 17 8 11 1 20 4 11 25 14 2 6
13 3 18 15 0 2 3 21 5 19 25 10 20 4 4
20 6 8 24 11 0 23 17 22 5 6 5 18 7 16
6 7 5 25 19 9 0 6 23 17 10 21 2 15 4
14 14 3 20 6 22 18 0 14 15 15 13 2 2 2
25 23 5 25 20 13 13 15 0 15 24 7 25 18 6
14 12 12 3 13 8 7 19 13 0 8 5 4 21 18
9 8 13 23 3 22 4 15 25 14 0 17 18 25 21
3 11 6 12 3 5 12 8 16 15 1 0 8 17 15
4 13 16 21 20 20 15 3 14 5 3 7 0 8 14
17 21 1 6 4 17 1 20 7 4 12 13 8 0 23
8 16 22 14 14 14 24 8 2 17 9 10 4 13 0

0 6 1 1 2 3 9 3 11 14 1 11 10 10 5
12 0 19 24 5 25 8 4 12 24 19 20 11 19 15
9 5 0 22 16 2 18 13 5 22 2 9 17 5 8
22 4 23 0 18 7 4 15 5 11 11 14 24 1 9
2 2 25 10 0 12 6 20 4 20 21 12 2 24 15
3 23 20 22 2 0 19 8 8 16 15 8 17 11 11
3 12 19 20 6 15 0 13 13 6 23 10 25 21 11
10 19 15 20 10 5 14 0 2 16 9 22 23 24 14
24 10 10 7 11 14 19 14 0 15 12 7 21 7 12
1 7 19 5 21 24 6 16 22 0 4 8 17 17 6
15 5 21 22 9 19 19 2 12 10 0 19 21 10 19
18 16 20 18 10 7 20 24 16 23 6 0 9 3 7
20 22 11 25 7 9 6 11 16 18 13 15 0 14 7
2 7 21 19 25 7 18 2 16 7 14 1 18 0 12
24 5 11 1 9 19 23 25 7 19 6 4 17 21 0

0 1 16 2 6 23 9 5 25 22 9 4 25 18 12
13 0 13 25 13 3 9 9 9 9 18 3 12 2 23
18 12 0 20 5 24 24 4 7 1 16 2 11 23 10
6 1 14 0 12 18 11 9 13 17 14 25 10 4 16
25 11 24 12 0 25 8 11 19 14 3 1 11 11 8
6 23 5 13 21 0 22 10 12 11 20 4 14 21 1
24 20 15 22 14 20 0 25 7 14 15 5 20 9 10
2 18 9 8 23 16 20 0 7 12 7 10 8 15 25
24 20 25 10 5 10 23 16 0 4 1 20 25 6 12
1 7 15 3 23 18 9 13 11 0 13 18 17 6 7
9 20 18 20 15 9 7 14 9 21 0 2 14 16 18
17 18 3 2 24 22 17 24 5 1 13 0 9 20 21
20 2 20 13 17 16 8 21 4 24 14 25 0 15 1
2 7 9 22 15 23 14 4 2 5 5 12 24 0 10
5 17 25 18 9 8 22 8 20 11 6 19 24 11 0

0 21 11 22 1 10 5 16 18 3 3 9 19 2 6
21 0 9 15 24 6 22 3 19 18 14 17 23 7 14
14 10 0 16 20 9 11 22 2 25 19 19 13 8 7
5 22 3 0 21 22 21 18 12 15 13 12 22 4 23
21 24 12 15 0 19 11 11 13 2 18 5 12 6 7
6 1 1 3 16 0 15 23 4 14 14 20 13 21 11
8 17 8 4 16 19 0 21 1 6 11 25 14 18 10
11 12 15 6 18 13 21 0 20 16 2 6 15 8 3
12 9 9 13 14 10 1 25 0 19 22 17 21 1 15
12 18 10 17 23 2 20 10 19 0 10 10 2 18 23
5 18 12 14 12 4 22 10 23 6 0 6 1 9 14
1 14 18 19 11 7 7 2 1 19 25 0 6 7 8
23 17 24 6 18 18 21 21 21 13 25 3 0 23 20
16 23 15 15 18 25 17 17 22 22 23 23 6 0 5
4 8 24 16 23 17 6 8 18 25 14 19 9 9 0

0 20 16 9 17 22 5 6 21 14 7 4 12 24 11
17 0 21 13 12 4 23 5 20 3 20 24 8 2 10
2 9 0 23 9 12 19 3 4 24 14 11 3 10 12
18 11 23 0 8 4 10 4 20 11 23 5 11 12 19
6 20 24 18 0 3 7 15 4 23 13 14 13 11 20
1 8 25 20 1 0 13 17 14 3 18 11 13 15 5
3 3 15 19 23 24 0 10 4 5 21 8 17 2 10
25 23 8 19 23 1 5 0 12 12 11 1 3 13 7
21 22 19 15 9 24 13 12 0 12 11 16 23 19 11
4 1 3 21 20 25 7 20 11 0 17 18 23 20 21
8 7 17 15 2 7 20 18 9 13 0 3 23 24 7
10 8 17 9 1 24 22 14 11 11 9 0 5 15 21
22 15 17 13 22 4 13 13 20 6 23 5 0 19 7
9 11 20 12 18 24 14 7 18 13 10 19 11 0 21
6 2 14 15 2 24 10 17 9 4 2 1 13 16 0

0 9 2 5 10 24 3 19 5 16 12 20 2 3 13
23 0 8 9 9 3 5 22 2 15 2 4 11 18 2
13 5 0 24 22 23 24 15 14 7 7 9 6 5 8
21 9 25 0 7 3 13 11 14 16 17 16 15 21 2
13 9 22 2 0 12 3 20 10 23 9 15 23 12 13
17 11 22 3 18 0 4 11 12 15 12 7 14 16 2
16 18 20 14 15 17 0 13 7 7 11 16 18 10 23
11 21 2 15 23 20 22 0 14 25 4 2 12 18 7
2 21 21 1 9 2 25 22 0 15 13 10 6 15 17
15 13 19 14 12 9 4 25 18 0 16 3 6 21 15
1 20 23 2 17 3 17 13 8 10 0 20 5 24 2
11 22 6 14 25 23 10 12 4 4 2 0 8 15 18
18 2 17 17 20 17 15 14 18 19 17 2 0 6 25
25 23 3 3 13 8 3 23 4 10 20 5 8 0 3
4 2 9 1 10 23 17 8 6 18 3 14 1 15 0

0 1 20 5 6 14 5 2 25 24 17 17 1 16 15
23 0 7 5 20 17 24 13 20 4 16 20 24 17 6
6 21 0 9 20 5 9 17 3 8 3 8 25 16 5
11 8 22 0 20 4 13 9 19 12 14 11 7 22 10
3 25 19 11 0 17 20 20 21 9 22 20 23 18 25
2 3 23 1 10 0 6 13 12 24 13 19 1 1 14
6 20 14 12 17 21 0 16 24 2 7 17 3 7 5
12 10 23 25 9 23 4 0 15 1 2 12 22 24 18
17 18 9 20 13 20 6 1 0 10 10 5 5 15 6
7 16 3 7 3 1 1 9 25 0 22 18 24 20 7
4 25 13 8 3 11 22 24 21 12 0 23 6 13 15
11 21 22 10 16 2 4 17 4 20 20 0 18 15 12
6 23 17 10 12 21 12 7 2 13 24 2 0 10 7
12 10 17 19 18 25 17 2 25 8 25 19 13 0 3
7 13 24 19 9 4 20 7 2 21 14 19 1 9 0

0 11 19 14 17 5 7 8 11 6 24 13 17 7 13
24 0 17 23 11 2 3 14 18 11 4 16 3 16 12
8 4 0 11 4 4 23 7 13 24 25 23 5 16 20
12 17 3 0 23 3 9 22 9 4 24 9 19 8 23
16 2 9 22 0 2 25 7 11 1 8 7 2 18 6
22 25 11 20 21 0 1 11 18 24 23 25 9 8 9
15 19 5 18 1 25 0 12 6 16 1 16 10 17 19
12 17 14 24 19 20 17 0 2 11 15 18 17 17 3
19 23 14 5 4 16 19 12 0 19 8 7 20 1 1
10 1 18 13 12 9 24 21 4 0 11 3 3 8 4
11 22 11 21 17 21 24 23 9 13 0 17 16 3 13
4 4 10 2 2 18 1 14 14 9 17 0 22 23 1
4 16 20 20 3 17 20 21 17 20 21 3 0 6 17
15 20 25 23 12 11 16 23 3 9 3 2 21 0 20
15 9 16 17 8 12 10 1 14 23 6 5 12 20 0

0 4 5 15 14 7 16 17 6 25 7 1 23 18 24
25 0 22 20 23 13 17 6 10 11 11 21 19 14 1
13 7 0 12 17 13 3 21 23 8 7 23 8 1 3
16 17 8 0 13 20 6 8 13 1 21 6 7 21 6
17 24 11 18 0 9 17 18 7 12 2 12 1 25 7
12 21 6 17 17 0 23 20 16 24 10 24 9 9 6
4 18 20 14 12 10 0 14 12 17 17 16 24 21 19
18 20 25 17 22 17 17 0 12 2 6 13 19 25 13
16 15 8 19 8 1 6 23 0 15 10 21 7 14 1
17 4 3 2 13 1 22 11 23 0 24 18 8 1 22
18 6 16 21 14 19 6 12 7 19 0 5 6 16 19
14 12 25 15 13 9 18 2 7 8 9 0 5 19 23
15 20 3 14 7 12 21 16 2 16 2 1 0 16 24
13 11 4 7 6 11 9 14 15 17 7 18 20 0 11
17 6 25 4 13 14 19 16 4 15 2 12 4 24 0

0 23 3 1 9 9 23 8 20 10 7 24 22 21 3
11 0 12 12 7 5 12 17 24 6 21 1 1 1 20
2 5 0 13 12 8 22 5 3 21 18 19 16 21 25
16 15 18 0 6 4 5 6 25 7 4 3 1 4 8
23 7 13 23 0 21 7 6 8 9 5 11 9 13 21
3 18 18 2 10 0 7 5 7 19 16 13 20 7 18
13 10 6 1 23 19 0 16 9 5 5 2 16 19 7
25 4 17 3 24 7 18 0 16 17 16 5 24 4 20
6 12 4 24 16 5 7 11 0 10 23 19 4 23 12
23 20 9 18 25 22 25 9 21 0 23 8 3 3 23
4 23 6 3 16 15 8 17 22 6 0 4 21 3 25
15 22 9 22 20 15 1 24 25 13 11 0 25 3 9
25 13 7 8 6 1 21 11 22 25 17 24 0 25 16
11 6 1 22 4 22 11 15 8 18 25 11 9 0 5
1 7 2 16 19 8 13 15 22 8 8 17 4 2 0

0 9 20 3 11 11 5 16 14 23 5 4 13 17 23
17 0 25 23 9 11 25 12 15 6 10 6 16 23 6
22 13 0 15 13 7 6 16 24 17 22 23 22 8 23
4 15 14 0 8 19 10 6 25 3 7 8 10 12 4
17 9 24 3 0 19 8 16 15 10 7 17 3 6 7
23 10 19 13 17 0 24 16 1 17 4 6 21 21 18
2 11 10 7 14 18 0 20 10 9 19 1 22 4 5
19 23 25 7 7 15 10 0 23 14 8 3 18 15 11
9 22 1 21 14 9 4 2 0 22 1 16 21 23 3
5 8 20 19 25 2 13 17 9 0 12 7 3 6 6
15 8 14 24 22 18 17 5 19 23 0 3 9 23 6
9 22 4 23 12 6 22 9 19 3 9 0 3 22 16
22 8 24 12 5 18 17 10 25 9 7 10 0 13 7
23 7 2 19 17 15 13 5 24 17 6 12 14 0 25
19 13 25 9 14 19 20 9 19 15 19 12 11 18 0
