20 10 3
10    1  8 32    1  1 81    1  4 55    1  7 40    2  0 6  7 6    1  5 19    1  9 81    1  3 37    1  2 40    1  6 9
10    1  2 70    1  3 55    2  7 21  5 21    1  4 64    1  1 46    1  8 25    2  9 65  5 65    1  0 77    1  5 65    1  6 15
10    1  7 84    2  4 89  9 89    1  3 24    1  1 44    1  2 85    1  8 31    1  9 29    1  6 83    2  5 37  3 37    1  0 40
10    1  4 80    2  5 59  2 59    1  0 8    1  2 30    1  6 77    1  3 38    1  1 80    1  7 56    1  9 41    1  8 97
10    1  6 40    1  2 71    2  0 91  8 91    1  7 7    2  9 59  4 59    1  8 80    1  3 50    1  5 56    2  1 17  8 17    1  4 88
10    2  7 36  2 36    1  9 10    1  0 45    1  6 9    1  4 54    1  8 96    1  2 8    1  5 77    1  1 29    1  3 58
10    1  6 99    1  8 86    1  3 92    1  0 28    1  1 98    1  4 70    1  5 87    1  9 96    1  2 73    1  7 27
10    2  1 95  0 95    1  3 85    1  5 56    1  4 52    1  0 59    1  2 41    1  6 81    1  8 39    1  9 32    1  7 92
10    2  1 7  9 7    1  7 69    1  4 93    1  6 27    1  5 22    1  0 88    1  8 45    1  3 60    1  9 49    1  2 12
10    1  7 33    2  2 61  9 61    1  8 44    1  5 26    1  1 84    1  6 82    1  3 68    1  0 21    1  9 71    1  4 99
10    1  8 43    1  0 72    1  4 30    2  5 98  7 98    1  9 75    1  1 26    1  7 8    1  6 74    1  3 19    1  2 38
10    2  6 19  1 19    1  2 67    1  8 73    1  1 85    1  9 26    1  4 39    1  7 9    1  0 23    1  5 13    1  3 43
10    1  8 72    2  7 46  8 46    1  5 80    1  3 93    2  2 61  6 61    1  4 7    1  9 42    2  1 50  0 50    1  0 55    1  6 57
10    1  4 99    2  0 91  7 91    1  9 11    1  5 68    1  7 43    1  3 96    1  2 72    2  8 11  9 11    1  6 60    1  1 68
10    1  9 69    1  0 43    2  3 12  2 12    1  8 40    1  1 70    1  6 74    1  2 34    1  5 7    1  4 30    1  7 84
10    2  7 99  8 99    1  3 27    1  4 59    1  5 72    1  2 9    1  6 45    1  0 49    1  9 63    1  1 69    1  8 60
10    1  0 75    2  3 17  8 17    1  2 91    1  7 50    1  8 65    1  5 37    1  9 98    1  1 90    1  6 71    1  4 8
10    1  9 72    1  1 9    1  3 31    1  6 49    1  2 91    1  8 62    1  7 90    1  0 72    3  5 98  7 98  4 98    1  4 38
10    1  4 35    1  2 63    2  5 25  4 25    1  6 35    1  8 21    1  7 47    1  3 52    1  1 80    1  0 39    1  9 74
10    1  2 68    1  5 24    1  9 58    1  8 52    1  0 5    1  6 20    1  3 50    1  7 57    1  1 88    1  4 53

0 23 12 26 2 16 18 18 5 27 21 19 27 19 21 13 14 10 6 11
27 0 17 7 5 2 5 26 3 11 18 11 12 26 22 23 20 11 6 2
23 19 0 6 22 10 18 9 26 2 3 1 27 20 14 5 12 17 9 1
14 20 14 0 2 5 18 22 11 25 17 13 24 25 8 16 12 20 4 25
5 12 25 17 0 12 5 9 26 5 3 6 18 27 25 21 1 3 6 18
13 12 14 20 6 0 8 25 16 23 23 11 20 19 25 15 19 14 1 16
17 19 26 20 17 8 0 14 20 20 23 1 15 8 4 3 27 27 15 15
3 26 24 15 20 18 27 0 15 23 14 27 11 1 23 9 7 24 3 1
4 16 3 13 9 7 14 11 0 15 11 23 18 3 20 11 7 19 1 20
17 13 23 17 6 2 14 23 23 0 6 21 26 1 26 15 16 26 3 8
12 2 21 24 20 19 8 13 7 20 0 6 26 2 12 1 27 24 4 20
14 17 25 21 13 25 14 10 18 27 21 0 21 11 16 9 11 19 26 12
19 10 5 21 18 9 21 9 12 12 1 15 0 7 8 26 7 3 16 15
20 23 21 6 11 8 17 1 1 12 16 17 15 0 13 6 5 8 2 20
10 7 21 1 1 12 4 8 3 20 12 12 11 5 0 19 3 4 23 20
21 26 10 1 2 8 8 13 15 21 11 18 27 24 25 0 12 1 8 19
25 19 1 14 11 10 14 23 16 26 12 4 27 3 13 24 0 23 6 12
23 5 14 18 10 20 12 17 27 17 25 13 8 18 9 6 7 0 16 22
19 8 9 3 20 14 14 20 4 15 25 22 17 8 11 27 4 21 0 26
17 21 11 21 3 17 23 17 19 21 10 21 10 2 5 26 24 9 18 0

0 6 8 9 6 18 11 26 6 24 14 4 26 2 15 6 7 4 21 14
25 0 22 13 2 23 11 21 6 7 6 18 4 15 6 26 10 17 26 2
3 13 0 2 19 8 17 18 8 24 8 1 26 7 4 21 13 21 22 18
9 8 9 0 25 10 1 18 14 12 8 10 7 21 18 15 7 24 4 19
26 9 13 18 0 12 11 17 19 15 17 22 19 14 5 2 11 4 27 9
22 17 18 19 15 0 16 18 8 18 24 17 24 22 2 8 9 25 22 21
12 25 13 8 10 13 0 5 19 13 19 12 18 6 24 11 17 2 13 2
12 27 27 5 13 10 23 0 11 4 9 16 5 3 10 17 8 13 15 18
21 6 24 10 10 22 16 2 0 23 4 23 1 9 17 5 23 6 26 25
26 26 5 27 13 23 15 16 17 0 20 3 12 6 15 15 7 9 11 12
18 22 6 22 25 8 26 20 17 17 0 24 1 8 19 14 21 18 7 12
7 1 22 27 22 3 21 9 10 27 8 0 5 23 25 2 10 14 8 4
5 2 25 25 11 24 27 6 12 3 25 23 0 25 13 19 4 7 11 24
11 9 2 21 26 21 25 18 20 25 4 5 24 0 14 24 9 23 7 2
20 7 19 15 2 4 17 24 10 23 22 12 17 8 0 15 17 24 11 10
5 1 20 23 1 26 2 14 10 7 19 10 16 22 13 0 26 21 26 25
11 21 18 12 7 2 13 24 19 13 23 7 20 11 4 23 0 27 21 20
19 3 5 15 3 7 3 17 9 12 26 22 27 21 22 27 8 0 25 16
14 8 26 10 19 23 10 26 7 8 21 3 9 27 11 9 8 9 0 18
19 27 26 3 15 14 22 1 24 4 26 10 10 20 16 20 8 20 26 0

0 21 21 20 11 24 8 9 8 27 7 20 1 25 4 17 14 2 24 12
19 0 2 25 10 13 19 27 2 8 9 19 18 17 24 11 12 11 9 18
6 27 0 15 21 2 22 10 20 23 5 18 15 21 26 4 24 27 8 25
7 19 15 0 26 13 17 20 6 4 14 8 7 25 24 4 21 5 25 3
18 10 18 3 0 13 7 1 17 24 7 7 9 15 27 5 10 12 25 14
19 13 16 15 5 0 11 22 13 4 15 18 7 6 8 13 21 3 19 13
11 16 21 21 14 15 0 21 21 23 1 23 5 6 2 17 4 8 26 26
6 14 5 5 19 20 12 0 19 15 18 17 2 19 18 5 9 21 3 18
27 5 25 7 6 23 8 4 0 23 24 17 13 26 5 22 6 9 16 23
10 1 14 13 14 23 1 21 6 0 21 14 1 19 19 24 18 22 16 25
22 6 24 1 22 22 1 8 25 16 0 2 5 17 12 25 5 27 15 10
8 24 3 13 17 8 24 22 5 21 7 0 26 18 26 6 13 27 14 26
12 9 9 18 16 17 2 27 18 21 19 16 0 22 24 9 16 15 3 26
12 15 26 21 11 16 16 3 7 3 17 14 18 0 24 5 23 24 12 2
8 19 20 17 10 13 1 20 19 16 7 6 14 7 0 27 27 16 11 7
27 4 1 20 16 23 13 25 7 24 22 16 26 9 15 0 7 13 7 19
27 25 24 9 19 17 27 15 10 21 25 12 6 19 5 23 0 14 16 4
9 11 9 6 12 16 7 25 25 5 8 14 26 7 3 14 9 0 15 11
27 20 17 9 19 26 18 21 15 1 24 17 22 5 27 12 15 22 0 8
18 18 24 8 16 27 6 2 27 24 19 5 15 22 9 20 19 13 14 0

0 22 11 6 7 11 16 8 25 10 9 16 19 13 3 13 25 15 21 15
18 0 7 19 13 27 16 24 19 12 8 22 7 18 25 24 24 25 7 20
24 13 0 8 24 17 25 4 14 27 11 4 19 7 20 22 23 27 11 10
21 10 2 0 18 12 5 4 14 11 6 6 7 6 23 25 27 2 13 6
7 23 2 18 0 16 23 16 9 24 4 17 8 6 25 15 20 11 15 6
4 23 25 23 22 0 6 15 6 27 2 23 2 11 21 24 8 18 10 10
7 9 17 4 15 16 0 21 9 7 27 18 27 14 19 3 10 9 26 23
12 11 10 25 9 24 25 0 26 13 14 9 18 5 11 19 19 10 2 7
1 25 6 20 21 21 3 5 0 11 2 20 17 7 2 5 15 7 13 4
26 10 27 26 1 19 25 4 13 0 27 9 9 8 25 9 11 18 11 26
22 14 4 14 7 1 13 3 10 13 0 1 18 15 10 17 5 1 25 11
8 27 18 6 18 15 16 12 18 20 23 0 19 12 8 27 9 11 27 27
10 24 21 21 7 16 26 7 1 14 18 14 0 19 17 14 4 16 24 7
9 4 4 25 2 8 19 4 3 24 18 11 6 0 4 20 2 20 5 12
21 9 22 1 23 10 15 14 4 14 21 9 26 15 0 10 15 6 4 23
3 5 5 7 14 19 22 13 19 17 20 24 16 26 11 0 24 18 3 26
12 26 26 5 1 19 26 8 4 9 1 18 2 5 13 6 0 23 18 18
7 1 10 26 15 1 24 18 5 10 4 17 20 21 4 18 5 0 15 16
9 27 6 13 6 4 8 26 16 20 10 17 15 23 10 25 20 12 0 17
27 23 8 15 20 15 24 24 14 11 8 17 18 15 5 22 16 22 19 0

0 1 19 9 12 19 9 27 6 21 7 6 18 4 27 19 27 23 10 23
19 0 23 19 26 7 13 5 7 21 11 7 21 23 7 26 1 12 8 24
26 4 0 25 26 2 2 9 27 23 24 22 20 3 24 20 4 14 4 25
15 17 1 0 7 5 5 1 6 7 13 24 7 19 13 12 7 5 22 25
13 4 6 5 0 3 17 4 8 26 15 15 15 13 23 1 23 13 25 15
16 7 8 4 22 0 18 24 19 21 5 2 19 6 21 3 18 12 12 22
15 14 6 1 27 1 0 27 3 15 24 16 24 18 23 11 5 4 21 7
25 12 13 17 2 27 26 0 19 9 5 5 9 3 7 24 16 12 18 21
26 15 13 24 24 2 6 12 0 20 21 14 13 19 5 24 1 2 13 19
18 2 21 12 22 15 20 5 21 0 15 24 2 15 19 4 19 2 26 20
20 20 16 7 9 16 18 27 14 5 0 21 19 27 12 9 26 7 27 22
3 13 17 14 13 16 17 12 20 1 18 0 12 20 12 11 3 13 26 3
3 1 24 16 12 6 11 9 1 1 18 5 0 14 5 22 6 8 21 5
18 26 27 26 24 5 11 26 19 20 16 19 27 0 13 14 1 21 12 8
15 5 11 13 15 7 19 27 21 2 22 22 16 4 0 15 27 5 7 12
17 3 2 11 25 7 3 1 1 13 24 5 9 23 16 0 4 19 11 17
1 27 21 19 21 27 16 21 5 19 9 3 12 7 16 13 0 20 23 21
3 25 7 5 5 18 11 21 19 21 11 22 18 6 22 27 12 0 11 17
13 18 12 4 3 4 16 23 25 5 25 14 21 5 25 20 4 17 0 14
15 11 4 18 4 9 11 22 6 22 5 16 19 15 7 24 18 21 6 0

0 12 26 25 23 18 21 11 21 25 19 17 21 11 12 21 13 22 16 3
4 0 9 5 18 7 3 9 9 1 20 26 1 14 14 17 22 1 3 16
11 22 0 12 14 26 1 16 5 11 18 1 8 14 12 16 19 17 16 4
16 12 3 0 8 7 1 5 20 22 3 26 22 19 6 26 15 8 27 17
3 7 17 27 0 16 8 23 10 7 13 2 23 4 14 3 22 11 14 13
1 26 26 20 4 0 8 6 3 10 24 4 24 15 19 15 27 23 3 5
7 19 22 13 6 10 0 19 4 14 26 26 3 2 12 25 21 13 9 9
15 23 24 24 6 27 8 0 25 23 2 11 19 4 19 20 14 3 12 5
27 26 4 12 15 1 16 9 0 15 25 1 25 8 7 19 19 5 14 22
17 21 8 23 4 1 24 9 22 0 23 5 23 8 2 14 10 20 19 11
27 19 18 11 21 25 18 11 16 3 0 18 2 20 1 19 14 1 26 21
13 15 18 7 12 10 8 24 21 25 18 0 8 6 22 14 16 20 5 7
9 1 3 10 13 1 24 23 13 24 4 7 0 23 17 24 9 9 5 3
1 9 1 8 9 20 5 8 12 19 23 20 13 0 1 2 26 25 5 7
6 12 14 23 9 25 14 4 14 19 19 18 17 5 0 25 13 20 15 3
13 14 9 25 19 21 22 11 8 26 27 14 9 25 1 0 15 18 6 26
13 22 7 21 19 5 17 22 11 9 27 11 20 9 20 3 0 15 16 12
4 16 26 10 1 15 14 1 24 25 13 14 15 17 17 16 2 0 16 21
19 5 5 26 4 16 16 2 27 23 23 21 8 6 8 17 22 27 0 12
25 2 5 8 10 5 9 7 25 13 19 7 12 17 11 20 3 10 20 0

0 5 2 2 20 2 1 18 12 21 7 8 8 10 7 2 21 12 9 11
4 0 24 10 16 20 1 12 26 19 7 25 18 19 27 23 3 17 16 18
8 7 0 11 4 2 3 11 10 16 10 13 23 9 23 7 11 19 11 21
17 22 12 0 18 8 3 20 13 14 13 21 4 12 11 16 21 17 17 13
14 10 10 22 0 16 10 17 4 25 13 24 3 14 17 18 13 16 19 27
18 23 21 1 11 0 26 16 6 11 7 2 7 27 14 22 8 18 13 15
24 1 21 2 27 13 0 12 12 16 13 11 14 26 11 7 12 22 21 23
7 5 12 18 23 8 8 0 21 21 21 15 14 6 16 5 17 18 7 13
9 5 6 15 12 10 23 26 0 25 14 16 5 20 20 20 15 11 26 25
8 14 26 23 26 5 23 24 27 0 19 4 16 7 4 12 2 23 14 1
12 20 19 21 7 7 19 14 3 5 0 22 22 16 16 14 9 16 7 15
13 11 3 24 8 9 26 15 16 15 3 0 22 15 24 27 2 8 22 4
27 13 15 11 9 26 13 10 10 16 20 26 0 19 23 1 9 19 19 26
3 6 4 23 1 4 23 20 14 7 9 22 23 0 19 17 11 3 19 5
14 6 16 15 14 16 27 8 22 1 14 8 23 14 0 2 26 27 5 19
5 18 6 7 27 12 25 14 14 10 24 14 13 18 25 0 7 16 24 25
21 12 14 6 12 23 12 23 21 7 18 5 6 12 7 2 0 4 21 11
26 27 1 10 4 1 8 11 18 18 21 15 7 11 21 3 7 0 11 18
20 2 15 2 25 15 10 2 12 17 13 6 25 3 9 15 5 2 0 7
9 15 2 18 10 18 21 6 1 16 18 21 10 4 2 17 27 17 8 0

0 11 15 13 27 26 19 17 12 15 7 27 18 26 15 14 17 23 13 3
23 0 16 19 5 12 4 12 6 14 4 26 26 1 18 13 14 11 7 3
26 13 0 23 27 13 1 17 3 17 21 21 8 13 12 7 13 16 26 13
25 4 21 0 24 14 8 23 15 25 18 5 6 20 16 3 20 26 26 20
9 1 10 21 0 13 7 4 10 7 5 9 21 20 17 4 18 23 9 6
18 23 14 24 3 0 17 23 11 23 6 22 12 9 27 6 20 10 24 23
11 4 17 7 8 22 0 3 26 15 11 8 22 15 16 4 14 14 9 14
24 8 7 1 15 8 12 0 10 20 13 5 7 2 2 26 5 11 13 3
15 13 12 26 22 18 20 9 0 4 11 25 6 12 16 20 19 11 18 24
17 16 10 24 5 18 18 13 12 0 5 19 3 27 14 10 4 20 9 7
16 3 18 19 19 17 25 21 10 9 0 5 1 6 2 23 17 18 16 17
23 8 17 24 4 1 22 15 20 12 22 0 11 7 8 14 2 2 10 1
18 12 25 5 12 20 7 24 10 16 13 20 0 12 18 23 26 18 8 6
25 25 25 9 18 26 2 1 22 23 12 13 3 0 14 25 25 5 15 5
10 23 19 26 19 14 26 24 3 18 13 19 25 16 0 23 17 25 20 2
12 6 15 4 21 15 23 26 5 25 21 2 24 27 6 0 27 4 27 5
14 23 1 9 13 14 4 3 14 11 21 1 23 13 16 17 0 23 8 15
18 26 7 23 4 14 19 4 15 25 4 24 26 8 16 17 6 0 16 16
13 21 27 23 2 16 17 21 6 23 3 17 27 4 10 1 27 23 0 9
25 8 18 4 5 21 7 3 25 2 11 3 18 18 25 27 15 7 18 0

0 22 20 3 19 16 13 22 22 17 14 13 18 19 8 21 14 11 26 20
2 0 23 12 16 8 21 4 21 17 11 25 10 7 10 10 24 25 25 19
13 5 0 23 22 1 12 23 1 21 20 5 18 19 18 14 14 26 26 25
12 27 14 0 7 1 5 7 5 18 16 2 27 4 25 27 26 6 6 17
12 20 23 17 0 1 10 25 25 9 16 1 17 7 12 12 4 7 20 24
18 3 25 21 8 0 20 8 22 7 27 26 1 16 4 21 24 8 6 14
23 14 21 4 7 26 0 8 13 23 2 27 5 12 22 6 6 19 14 21
4 15 15 9 16 3 19 0 19 5 19 2 27 17 26 9 11 20 14 17
27 5 8 14 15 1 23 1 0 6 16 16 6 20 7 7 20 16 26 27
22 17 25 2 22 1 15 10 13 0 3 11 15 14 2 22 25 2 10 9
9 21 18 10 3 18 1 13 21 5 0 5 20 25 15 18 15 16 3 2
15 10 16 1 27 27 21 13 11 6 13 0 5 19 24 9 18 20 16 16
25 2 7 15 23 4 7 6 2 1 27 12 0 5 6 5 18 19 26 25
25 20 3 5 16 3 18 10 13 16 14 18 23 0 7 6 1 4 13 8
21 19 3 25 26 13 19 25 20 10 11 3 5 6 0 10 10 2 2 10
9 1 24 2 19 4 7 17 22 12 13 12 24 11 6 0 6 17 5 22
11 25 2 15 2 6 6 7 4 5 24 4 24 10 12 24 0 3 12 4
18 20 7 18 16 25 26 9 25 15 5 7 7 14 12 13 1 0 1 27
2 20 7 6 3 4 26 18 23 3 20 13 4 25 22 19 10 15 0 11
3 17 3 13 7 2 17 25 16 24 2 13 8 19 25 2 11 2 27 0

0 11 26 1 8 17 26 11 12 25 13 24 17 27 8 26 27 11 16 16
26 0 9 17 25 12 17 27 18 27 2 5 4 2 27 26 16 25 12 2
15 25 0 9 16 24 19 19 23 18 7 5 11 1 10 4 11 18 10 24
3 24 10 0 3 7 26 21 22 12 11 1 4 15 11 14 21 7 22 16
14 15 22 1 0 9 9 14 6 5 1 19 10 21 14 19 8 13 7 2
14 15 14 3 5 0 25 27 3 22 14 24 23 23 13 23 5 23 10 14
5 10 22 3 27 12 0 2 9 8 12 12 21 2 10 26 9 9 16 11
25 26 5 2 15 8 17 0 2 9 18 17 12 9 11 23 17 26 10 17
11 18 23 3 11 27 1 25 0 23 10 7 6 19 2 1 11 7 5 13
3 7 13 27 10 12 20 27 23 0 6 26 22 5 7 2 5 7 12 12
5 20 8 12 5 6 6 19 17 12 0 22 14 18 19 10 10 5 2 8
12 7 26 7 4 20 1 19 16 14 25 0 18 22 4 14 21 7 27 2
19 15 22 27 22 1 7 2 7 19 17 26 0 13 16 2 13 22 27 12
18 25 11 20 26 16 11 3 21 9 14 25 4 0 6 15 17 23 16 4
23 5 15 11 5 13 16 7 7 24 6 26 7 19 0 12 25 9 5 21
10 12 3 19 20 10 15 4 23 20 12 20 23 20 2 0 8 20 14 23
27 26 15 23 16 1 24 27 8 13 10 13 21 4 11 27 0 11 9 18
20 15 19 24 4 8 27 14 13 15 11 14 13 25 9 13 26 0 11 13
18 13 21 21 17 4 11 24 8 27 20 11 6 11 14 5 1 2 0 11
9 10 18 8 21 5 17 16 16 26 2 4 4 23 11 20 4 13 25 0
