10 5 5
5    2  1 21  3 21    2  0 53  3 53    2  1 95  4 95    2  0 55  3 55    2  0 34  2 34
5    4  0 21  2 21  3 21  4 21    3  2 52  3 52  4 52    4  1 16  2 16  3 16  4 16    4  0 26  1 26  2 26  4 26    4  0 71  1 71  3 71  4 71
5    1  3 39    1  4 98    4  0 42  1 42  2 42  3 42    3  0 31  1 31  2 31    3  0 12  1 12  4 12
5    3  1 77  2 77  4 77    4  0 55  1 55  3 55  4 55    3  2 79  3 79  4 79    3  0 66  1 66  2 66    1  3 77
5    4  0 83  1 83  3 83  4 83    3  0 34  1 34  3 34    2  2 64  4 64    3  1 19  2 19  4 19    5  0 37  1 37  2 37  3 37  4 37
5    3  0 54  1 54  3 54    1  2 43    3  0 79  2 79  4 79    3  0 92  2 92  3 92    3  0 62  2 62  3 62
5    4  0 69  2 69  3 69  4 69    3  0 77  2 77  4 77    3  1 87  2 87  4 87    3  0 87  1 87  2 87    3  0 93  3 93  4 93
5    4  0 38  1 38  2 38  4 38    1  0 60    5  0 41  1 41  2 41  3 41  4 41    4  0 24  1 24  3 24  4 24    3  0 83  1 83  4 83
5    3  1 17  3 17  4 17    4  0 49  1 49  3 49  4 49    1  4 25    3  0 44  1 44  2 44    2  2 98  3 98
5    4  0 77  2 77  3 77  4 77    2  3 79  4 79    1  2 43    2  1 75  2 75    2  0 96  1 96

0 23 6 26 27 4 1 25 11 18
23 0 22 11 5 13 27 2 12 17
5 19 0 19 24 24 8 10 3 27
15 13 10 0 18 17 2 28 7 12
12 24 12 19 0 6 2 22 3 18
8 5 20 8 22 0 15 10 23 19
14 1 6 6 16 4 0 23 7 5
7 23 17 21 23 7 18 0 20 10
24 23 2 28 15 1 24 26 0 1
23 3 21 19 11 17 18 13 14 0

0 4 13 3 24 2 1 23 24 28
6 0 20 19 26 15 11 7 18 10
4 18 0 3 15 25 26 2 9 13
14 1 20 0 9 7 25 5 22 5
22 23 27 22 0 28 5 6 19 11
27 7 19 25 4 0 13 26 27 11
8 22 13 11 3 26 0 8 23 24
2 4 12 25 26 3 14 0 5 25
2 22 20 13 13 16 19 9 0 28
24 26 20 25 24 28 9 6 23 0

0 15 20 1 5 5 19 13 9 16
19 0 25 24 16 1 26 17 26 18
23 2 0 7 3 22 2 6 9 20
3 23 26 0 11 17 27 8 14 10
5 10 9 28 0 23 17 14 21 18
17 10 6 3 26 0 19 20 5 25
4 7 14 1 24 18 0 6 23 9
5 20 25 19 6 11 15 0 11 17
6 24 2 10 5 15 21 20 0 5
9 11 4 9 2 18 22 26 16 0

0 17 21 6 17 28 15 18 8 10
5 0 12 9 3 6 8 18 10 17
9 20 0 20 5 6 25 9 20 13
23 21 19 0 26 16 21 5 4 11
6 19 13 10 0 19 23 23 9 17
27 23 15 8 6 0 22 22 13 6
24 25 16 18 28 10 0 6 9 5
18 8 10 12 12 18 12 0 15 18
26 22 26 22 14 4 17 11 0 6
8 11 18 14 14 19 21 13 12 0

0 4 9 21 3 27 13 19 20 12
6 0 9 1 3 19 17 7 1 19
9 13 0 22 2 5 1 15 28 17
12 1 28 0 21 10 11 15 2 26
24 3 9 18 0 10 24 1 14 4
7 7 9 3 17 0 5 8 18 27
14 14 3 25 13 9 0 27 8 14
15 13 1 16 28 12 7 0 24 2
26 17 16 14 3 5 28 10 0 6
1 8 19 20 13 5 21 12 2 0
