15 8 8
15    2  1 27  3 27    6  0 64  1 62  2 64  4 59  5 60  6 66    2  1 32  2 35    4  0 80  1 75  3 80  6 83    4  1 26  3 26  4 24  7 27    5  0 65  3 64  4 61  5 63  7 62    2  1 35  4 32    3  0 16  1 16  7 13    6  0 61  1 62  2 58  4 59  6 64  7 61    5  0 95  1 90  3 90  5 85  7 87    7  0 42  1 42  2 42  3 42  4 42  6 44  7 38    2  2 91  3 84    2  3 67  6 60    6  0 47  1 47  2 46  3 49  4 46  6 46    4  2 87  5 84  6 87  7 88
20    6  0 73  1 74  2 66  3 68  6 75  7 68    4  0 33  1 33  2 33  4 33    3  0 94  3 94  5 92    5  0 16  1 16  2 16  5 18  7 19    4  2 24  5 26  6 26  7 19    6  0 91  1 90  3 90  4 88  5 83  7 86    5  0 27  1 22  3 26  6 20  7 20    4  0 73  2 71  3 77  7 73    2  0 39  4 39    5  2 67  4 64  5 67  6 64  7 68    3  4 47  5 49  7 49    3  1 53  4 51  6 57    5  0 40  2 45  3 40  5 40  6 37    7  0 50  1 47  2 50  3 45  4 50  5 49  7 55    4  1 68  4 67  5 67  7 65    4  3 67  4 73  5 68  6 68    2  3 77  5 74    6  1 80  2 84  4 80  5 80  6 80  7 81    6  1 38  2 41  4 38  5 41  6 41  7 41    5  0 96  1 89  2 94  5 94  7 98
23    3  3 69  5 67  7 67    5  0 27  1 23  2 27  5 27  6 27    5  0 85  1 88  2 82  5 85  6 83    5  0 69  1 75  2 71  5 74  6 67    5  0 41  1 45  2 49  3 45  6 43    2  0 60  4 56    3  0 56  2 53  3 58    4  1 41  2 32  3 39  4 32    3  4 94  5 90  6 88    6  0 36  1 36  3 39  4 38  6 37  7 36    2  1 55  5 55    4  2 67  4 64  6 67  7 67    3  3 62  4 65  7 64    6  1 56  2 59  4 56  5 53  6 58  7 53    1  6 31    5  0 22  1 24  2 21  3 22  4 22    4  0 36  1 37  3 40  6 32    6  0 73  2 71  3 71  4 70  5 71  6 71    7  0 79  1 76  2 81  3 75  4 74  6 77  7 76    1  7 70    6  0 60  1 64  2 68  3 66  4 66  5 64    5  0 49  3 45  5 44  6 45  7 43    6  0 58  1 60  2 57  3 59  4 56  7 54
18    4  2 62  4 60  5 56  6 59    3  1 70  3 68  6 72    5  1 90  2 91  3 89  5 88  7 90    7  0 28  1 36  2 29  3 33  5 31  6 31  7 29    1  4 66    1  0 26    4  0 61  1 57  3 61  7 61    3  4 32  6 33  7 39    4  2 91  4 91  6 92  7 91    5  0 33  2 36  4 33  5 34  6 29    5  0 79  1 79  3 75  6 79  7 75    2  5 42  7 44    3  0 59  6 59  7 65    5  0 91  1 89  4 91  6 91  7 91    1  4 66    4  1 87  3 92  4 92  6 82    3  4 45  5 44  7 44    4  0 38  2 34  4 34  7 34
21    5  0 54  2 49  4 54  5 54  6 50    6  0 92  1 88  2 86  5 87  6 85  7 84    5  0 41  2 36  4 41  5 41  7 41    4  2 81  5 81  6 77  7 81    4  1 38  2 36  3 36  6 37    3  2 87  5 91  7 93    2  2 62  4 64    2  0 94  5 94    2  5 49  6 46    4  1 28  3 34  6 27  7 32    3  1 56  5 59  6 59    3  1 90  3 92  5 92    5  0 64  2 67  3 67  4 67  5 68    4  0 60  2 60  6 60  7 64    5  0 93  1 91  3 91  5 95  7 95    2  0 44  2 38    4  0 95  3 96  5 95  6 90    4  0 68  2 72  3 67  4 63    5  0 79  1 80  2 80  3 80  6 82    5  0 68  1 68  2 68  4 63  5 68    5  0 18  1 21  3 18  5 22  7 18
15    3  0 30  2 30  6 30    6  0 34  2 37  4 27  5 32  6 27  7 32    4  0 28  1 19  3 29  5 27    4  1 95  2 95  5 95  7 92    3  2 83  4 84  6 84    2  2 66  3 61    4  2 24  3 18  4 18  7 15    7  0 82  1 83  2 82  3 83  4 83  5 83  7 83    3  1 35  3 38  7 38    3  1 74  2 68  4 74    5  0 47  1 43  3 48  4 42  6 45    6  0 91  2 95  4 95  5 92  6 98  7 95    4  0 22  1 23  4 24  5 30    4  1 35  2 37  4 35  7 35    5  2 88  3 87  5 89  6 87  7 88
17    4  0 73  2 77  3 73  4 72    4  0 87  1 86  3 86  6 82    5  0 49  2 49  3 48  4 49  5 45    5  2 38  4 39  5 36  6 38  7 31    5  0 43  2 47  5 51  6 47  7 49    5  0 61  1 66  3 61  5 65  6 61    6  1 56  2 62  3 58  4 56  6 54  7 56    5  1 93  3 89  4 94  5 93  7 95    4  0 70  1 71  4 71  6 71    6  0 76  1 75  3 79  4 76  6 76  7 79    1  3 13    5  0 37  1 34  2 34  3 35  6 38    3  3 59  6 55  7 59    4  0 53  3 49  5 53  7 56    2  3 26  4 20    4  0 57  1 57  2 55  4 53    2  1 82  2 87
25    2  3 48  7 45    6  0 71  1 67  3 75  4 71  5 75  6 69    5  1 33  2 30  3 31  6 35  7 33    3  1 44  3 48  5 52    4  0 48  5 50  6 51  7 55    3  3 43  4 34  7 39    6  0 75  1 75  2 70  5 73  6 77  7 68    3  2 40  3 38  5 34    3  3 69  4 66  6 69    3  0 63  3 65  5 69    3  1 40  4 45  7 40    5  0 26  1 22  2 16  5 26  7 24    3  2 33  4 33  6 33    4  0 43  1 42  3 43  4 44    2  2 90  7 87    4  0 58  1 53  4 62  6 58    3  0 41  3 37  6 38    5  0 67  3 67  5 72  6 65  7 65    5  0 29  1 27  2 25  3 30  6 25    6  0 29  1 27  4 29  5 26  6 29  7 29    3  0 65  1 63  5 64    3  2 58  3 57  5 56    4  1 62  2 68  4 62  7 62    3  0 33  3 38  5 39    1  2 42
23    3  1 79  4 79  7 79    7  0 43  1 43  3 45  4 42  5 47  6 43  7 43    4  1 78  5 83  6 80  7 83    2  0 56  1 53    2  0 68  3 73    5  1 32  2 37  3 35  5 33  7 37    5  1 75  2 80  5 74  6 76  7 76    7  0 44  1 43  2 45  3 42  4 45  5 44  7 41    3  1 79  6 78  7 80    1  3 41    2  2 22  4 17    2  0 62  1 62    6  0 94  2 92  3 94  4 96  6 93  7 94    2  2 17  4 22    3  1 32  4 35  6 37    5  2 89  3 95  4 94  5 94  7 99    6  0 86  1 83  2 82  3 87  5 85  6 83    6  1 47  2 47  3 47  4 48  5 44  6 48    5  1 78  3 80  4 78  6 82  7 79    4  0 43  1 43  2 48  7 40    3  0 54  1 53  6 55    5  0 59  4 56  5 60  6 56  7 60    6  1 31  2 36  3 33  4 36  5 37  6 29
19    4  1 61  3 60  5 60  7 56    2  1 52  4 52    5  1 83  2 88  3 88  5 87  7 84    4  0 34  1 34  3 33  4 36    5  1 75  3 77  4 77  6 79  7 76    3  0 42  3 44  7 40    5  0 33  1 35  2 33  5 31  6 34    7  0 47  1 42  2 46  3 39  4 42  5 40  7 44    4  3 77  4 77  6 73  7 79    5  1 70  2 68  3 70  5 69  6 65    3  0 63  1 67  2 62    3  0 74  3 77  6 72    5  0 28  2 26  4 27  5 27  7 26    5  1 47  2 48  3 48  4 50  6 51    4  0 18  1 18  2 18  6 20    5  1 43  2 36  4 39  5 43  6 41    1  6 24    3  1 71  2 77  4 75    5  0 90  1 90  2 90  4 90  6 90
19    4  0 60  2 60  3 60  4 64    2  1 90  5 87    3  0 53  5 56  7 51    3  0 79  1 82  6 79    4  0 60  1 56  4 64  7 55    4  1 59  4 59  6 54  7 60    3  2 89  6 92  7 89    4  0 50  4 46  5 50  6 54    5  0 80  2 77  3 75  4 77  5 79    3  2 68  3 67  6 72    4  0 44  1 44  2 41  5 39    6  1 90  2 92  3 92  4 94  5 93  7 95    1  3 90    4  0 38  4 38  5 40  6 42    4  0 71  1 66  4 72  7 67    2  0 14  2 17    4  0 53  1 53  2 55  5 55    5  2 24  3 19  5 22  6 19  7 22    2  3 60  4 60
21    6  0 19  1 22  2 22  3 25  5 23  6 21    3  2 86  4 85  6 81    2  1 26  2 23    4  2 81  5 83  6 83  7 84    3  0 46  4 47  7 50    4  1 47  3 50  4 49  7 50    3  1 63  3 62  5 61    4  0 22  1 24  5 22  6 20    4  1 64  2 69  6 64  7 66    5  1 73  2 65  3 72  5 69  6 67    5  0 46  1 48  4 46  5 44  6 44    5  3 47  4 51  5 47  6 42  7 51    4  0 40  3 40  4 39  5 38    5  0 19  1 14  2 12  5 14  6 17    5  1 84  2 80  3 80  4 81  6 79    3  2 16  5 20  6 18    4  1 96  3 91  5 92  7 92    6  2 33  3 29  4 25  5 33  6 27  7 29    5  1 85  2 81  4 81  5 80  7 81    4  0 38  1 33  4 38  6 36    5  0 46  1 40  4 47  5 42  7 43
16    3  0 45  3 43  5 50    5  0 51  1 51  3 51  4 46  7 51    5  2 54  3 58  4 55  5 61  6 62    4  1 57  3 54  4 57  6 56    3  0 25  2 29  7 30    4  0 88  3 88  4 92  7 94    6  0 88  2 87  3 89  5 85  6 88  7 90    6  2 43  3 43  4 44  5 45  6 46  7 45    2  0 63  4 62    4  2 80  3 80  4 80  7 79    2  5 99  6 91    2  3 87  4 86    4  0 86  2 86  4 86  7 82    3  0 61  2 58  3 62    5  2 19  4 19  5 19  6 19  7 19    4  3 91  4 93  5 91  6 95
16    5  2 60  4 63  5 64  6 64  7 64    5  0 76  2 75  5 71  6 71  7 66    4  0 92  1 96  6 91  7 89    4  3 48  4 43  6 44  7 44    8  0 49  1 53  2 53  3 53  4 53  5 56  6 49  7 52    6  0 61  1 57  2 60  3 62  5 56  7 63    3  2 29  3 26  4 26    4  2 86  5 82  6 86  7 86    5  1 18  2 16  3 11  4 15  6 20    4  0 20  2 13  4 15  5 17    5  0 66  1 66  3 70  4 69  7 66    5  0 55  2 62  4 63  5 61  7 58    6  1 40  2 42  3 46  4 42  5 40  6 45    2  5 68  6 68    5  0 75  2 77  4 70  5 77  7 73    5  0 52  1 49  3 49  4 49  6 49
25    5  0 23  1 22  2 27  4 24  5 21    3  1 53  2 50  3 50    3  2 73  3 74  4 73    5  0 30  1 28  2 30  4 28  6 31    5  0 37  1 40  2 42  6 37  7 41    4  2 18  3 16  4 12  6 19    4  0 45  2 50  4 47  6 47    3  0 22  6 26  7 19    4  1 73  2 68  3 70  4 70    3  0 36  1 31  3 37    6  0 89  1 85  2 88  3 86  4 88  5 87    2  4 18  6 20    7  0 55  2 53  3 53  4 50  5 53  6 56  7 58    2  2 47  6 50    5  1 80  2 78  3 78  5 80  7 76    3  4 77  6 78  7 78    5  0 74  3 73  5 73  6 77  7 72    1  0 83    4  0 32  1 40  5 36  7 38    6  0 57  1 54  2 54  4 56  5 51  7 54    4  1 25  3 28  4 20  7 28    4  0 48  3 48  4 45  6 48    5  0 34  2 34  4 36  5 34  7 31    4  1 46  2 41  4 45  7 43    2  1 32  7 32

0 7 26 24 13 15 17 14 19 19 17 3 6 10 26
28 0 5 13 25 17 24 18 22 22 8 19 14 1 23
14 18 0 4 26 19 13 6 16 6 20 3 1 1 25
4 21 5 0 11 15 24 4 15 11 15 26 23 23 17
24 10 9 6 0 27 3 10 26 14 18 12 3 2 13
12 18 26 8 11 0 18 12 12 2 6 3 28 5 12
13 26 10 2 4 4 0 13 26 27 25 19 13 17 3
23 6 16 17 3 25 2 0 13 28 4 16 21 15 27
23 16 23 16 27 5 6 8 0 28 7 28 25 16 13
27 17 2 20 22 24 28 24 18 0 19 12 16 7 16
3 25 5 3 18 11 26 7 6 2 0 24 22 10 10
11 16 1 20 27 6 12 5 16 2 27 0 8 1 19
1 1 25 4 15 3 24 25 28 22 12 13 0 17 2
21 24 22 18 17 20 2 14 25 5 15 24 10 0 23
27 11 17 7 5 8 26 18 6 23 8 19 11 1 0

0 11 10 5 5 7 1 27 20 9 18 17 28 9 16
2 0 18 20 7 23 21 28 7 5 21 23 28 13 22
1 14 0 15 17 13 26 17 12 9 6 12 21 2 7
12 26 14 0 17 2 14 24 17 4 1 7 9 1 22
28 18 27 20 0 21 4 21 23 3 3 22 18 20 6
14 26 16 9 25 0 15 21 19 14 2 12 6 7 2
3 13 6 20 7 15 0 16 17 7 10 24 15 4 10
18 25 1 27 17 24 15 0 10 22 19 6 26 7 26
15 24 18 17 14 24 16 23 0 26 17 13 28 1 20
19 12 27 23 8 21 23 6 3 0 27 20 20 23 7
8 2 28 24 17 11 22 1 14 8 0 12 15 13 28
25 16 27 11 16 12 19 6 19 22 8 0 16 3 9
7 10 12 9 20 10 11 11 5 8 7 6 0 3 18
26 2 6 6 26 20 17 16 14 11 13 5 20 0 28
23 23 12 17 27 23 3 10 4 6 18 2 14 25 0

0 20 15 23 5 14 1 7 19 11 7 20 16 16 19
2 0 17 22 18 6 3 8 10 24 6 18 22 21 22
3 22 0 15 20 25 24 17 13 28 18 27 12 14 27
5 16 19 0 5 10 2 4 21 24 25 23 24 20 24
27 11 19 2 0 17 22 23 16 11 14 3 1 28 9
28 10 18 4 1 0 6 5 25 18 1 18 18 12 9
17 17 16 2 22 10 0 14 13 19 19 26 23 18 3
23 19 8 9 5 7 20 0 14 1 23 6 11 23 7
1 1 7 19 13 16 10 3 0 2 7 20 21 11 20
9 28 4 14 26 12 20 24 7 0 23 9 24 25 11
10 13 12 13 14 15 6 16 10 11 0 12 19 7 23
23 1 22 13 19 6 10 21 24 4 11 0 27 14 3
21 13 10 8 22 1 12 14 14 7 2 9 0 16 7
2 14 24 8 17 25 18 4 14 20 18 10 3 0 7
1 2 13 22 26 7 11 28 9 26 6 22 4 10 0

0 20 4 15 1 15 25 16 1 21 23 6 1 14 20
26 0 27 22 15 12 12 16 1 28 7 10 23 13 8
18 24 0 6 5 1 26 17 22 11 23 24 15 21 11
3 23 6 0 13 27 16 5 27 8 25 7 21 11 18
14 10 19 28 0 10 5 2 16 12 21 9 5 15 12
25 19 8 27 16 0 24 6 16 15 25 9 5 7 5
7 11 21 14 21 28 0 5 17 12 20 9 19 13 3
8 6 26 2 9 24 28 0 2 13 25 8 5 10 7
4 13 24 5 28 25 26 11 0 14 1 11 23 26 28
3 18 16 11 23 20 5 28 27 0 5 18 4 16 24
6 3 23 18 2 18 4 15 2 21 0 24 24 27 20
7 17 20 16 3 16 23 9 17 12 15 0 28 19 20
6 17 5 26 9 1 24 14 14 6 22 10 0 19 19
11 11 26 21 16 17 18 28 13 9 23 25 17 0 26
13 20 9 22 3 3 12 27 16 22 27 23 21 12 0

0 19 26 12 9 9 2 23 25 25 13 5 21 8 1
10 0 18 2 12 14 6 20 16 12 27 3 26 23 25
2 3 0 10 3 28 9 15 26 14 11 26 25 11 4
6 1 8 0 3 26 1 1 28 13 7 9 6 17 22
11 3 5 21 0 9 1 5 17 7 26 7 20 7 6
8 12 21 25 20 0 4 14 17 7 27 26 9 21 13
2 27 2 13 12 18 0 12 4 28 13 16 8 27 25
26 12 27 23 16 27 27 0 4 11 15 14 26 21 23
27 3 23 6 6 22 12 6 0 20 17 25 28 11 5
6 10 25 1 10 12 4 22 6 0 9 18 12 18 22
4 15 10 27 22 7 26 14 6 8 0 12 19 24 4
11 27 25 27 8 1 1 9 25 8 19 0 22 15 23
8 2 16 6 23 27 13 26 2 15 13 6 0 4 8
24 10 13 1 6 22 19 25 28 21 2 22 2 0 28
10 26 4 25 7 15 12 3 6 17 5 25 23 25 0

0 10 19 18 14 1 13 25 25 1 13 1 18 20 22
12 0 14 5 22 28 10 12 22 15 9 15 5 7 3
18 19 0 7 27 12 21 11 2 18 20 4 1 4 24
17 19 9 0 5 4 20 5 24 17 18 6 25 4 14
5 6 11 10 0 14 3 13 27 2 25 17 17 16 15
24 13 23 16 1 0 1 27 8 18 26 8 19 7 23
15 22 12 10 5 8 0 14 9 3 5 14 3 13 14
28 17 26 1 18 10 1 0 8 13 2 7 15 28 17
1 14 8 18 23 18 2 1 0 8 7 28 14 16 9
8 3 22 17 15 3 20 20 8 0 3 6 8 25 13
4 8 22 17 3 28 4 18 7 12 0 28 27 25 20
21 7 25 6 7 6 6 14 10 22 24 0 21 2 9
1 10 26 4 20 8 18 7 23 28 25 23 0 17 14
2 15 16 17 19 28 10 25 10 26 1 22 3 0 6
20 15 14 2 24 9 14 25 1 20 1 16 4 18 0

0 23 20 17 12 12 9 2 1 14 9 25 12 20 25
8 0 20 10 10 7 21 23 11 5 24 21 16 2 3
24 17 0 3 10 15 24 23 4 6 1 23 2 25 16
16 28 14 0 15 1 8 23 4 24 4 20 17 22 9
9 10 7 20 0 6 5 14 4 12 16 3 18 6 15
22 12 1 14 4 0 21 12 3 16 6 25 21 25 3
7 26 26 16 19 4 0 13 27 4 27 8 26 8 26
15 22 25 6 17 22 9 0 22 4 28 10 12 25 1
6 18 18 13 9 11 28 14 0 6 18 14 28 27 28
11 17 26 3 1 5 26 3 14 0 14 2 8 7 3
1 3 14 11 24 17 24 12 8 15 0 23 20 14 8
14 21 22 6 18 6 26 28 20 4 27 0 20 20 15
23 11 10 16 27 7 15 17 10 16 11 28 0 18 26
12 24 12 12 8 13 20 28 10 6 20 3 15 0 25
21 14 20 4 9 6 5 5 7 18 2 24 1 26 0

0 2 9 27 3 9 17 25 8 17 17 18 26 15 9
27 0 24 7 5 26 27 25 18 1 27 17 26 7 16
18 19 0 11 13 9 11 13 24 25 25 16 24 24 16
11 14 24 0 4 24 15 2 12 12 12 19 28 20 27
13 12 22 9 0 25 24 26 14 8 3 28 19 28 6
26 20 13 13 4 0 24 21 15 2 15 1 4 15 25
2 24 22 17 23 10 0 19 24 1 15 20 24 18 4
18 4 4 10 19 5 25 0 27 13 24 17 12 11 5
21 16 8 3 5 4 25 8 0 9 15 28 22 9 19
15 7 8 3 1 20 20 7 9 0 15 16 9 20 10
1 25 12 27 10 13 10 28 25 5 0 14 21 17 19
19 18 2 11 14 22 21 10 14 19 8 0 22 21 21
17 19 1 15 6 11 4 18 4 2 25 1 0 21 3
27 23 11 10 9 26 17 6 1 26 23 6 7 0 14
20 20 18 16 10 28 22 8 19 20 6 12 1 14 0
