15 5 3
5    1  1 21    1  2 34    2  4 95  2 95    2  0 53  1 53    2  3 55  0 55
5    1  3 52    3  4 16  1 16  3 16    2  1 71  0 71    3  2 26  1 26  4 26    2  0 21  4 21
5    2  2 31  1 31    2  0 12  3 12    2  1 42  0 42    1  3 39    2  4 98  3 98
5    1  3 77    1  1 77    3  4 79  3 79  0 79    2  0 55  3 55    3  2 66  3 66  4 66
5    1  4 37    3  3 34  4 34  2 34    2  2 64  0 64    1  1 19    1  0 83
5    3  2 43  1 43  4 43    3  1 54  4 54  3 54    3  0 92  4 92  1 92    1  3 62    3  4 79  1 79  2 79
5    2  0 93  2 93    1  3 69    3  1 87  3 87  2 87    2  4 77  2 77    1  2 87
5    1  0 60    2  1 41  0 41    2  2 38  0 38    2  4 83  1 83    1  3 24
5    2  2 98  3 98    2  3 17  0 17    1  4 25    1  0 44    2  1 49  3 49
5    2  0 96  2 96    2  4 77  0 77    2  3 79  1 79    3  1 75  3 75  0 75    3  2 43  4 43  1 43
5    1  4 28    1  2 35    1  0 95    2  3 76  4 76    1  1 7
5    2  0 61  4 61    2  4 10  2 10    3  2 95  0 95  1 95    2  1 9  2 9    2  3 35  1 35
5    3  4 59  1 59  3 59    2  3 16  0 16    1  1 91    1  2 59    3  0 46  2 46  4 46
5    2  4 43  0 43    1  1 52    2  0 28  1 28    3  2 27  0 27  4 27    2  3 50  1 50
5    2  0 87  2 87    1  1 45    1  2 39    3  4 9  1 9  0 9    1  3 41

0 17 10 6 21 12 13 14 3 26 26 19 16 17 20
10 0 7 5 16 25 13 10 8 18 14 8 24 10 26
12 7 0 14 26 12 2 9 16 15 19 11 7 13 4
17 5 12 0 7 11 22 1 18 13 18 17 15 8 22
22 25 25 13 0 25 12 9 26 22 8 8 26 18 20
3 14 9 3 3 0 4 5 27 11 17 4 2 9 5
6 9 23 24 9 20 0 11 24 24 27 19 23 27 15
3 22 10 21 18 26 19 0 3 14 14 22 12 10 3
25 16 10 5 13 21 3 4 0 14 15 13 15 7 19
11 3 13 16 27 4 17 10 25 0 12 6 2 15 16
12 20 22 3 23 8 18 21 24 15 0 11 2 8 21
20 18 19 5 22 4 11 4 11 22 8 0 10 10 9
15 6 16 22 17 23 16 24 25 13 23 4 0 13 9
6 21 14 2 8 10 14 13 22 14 14 25 19 0 8
2 4 11 25 10 18 10 20 1 25 2 13 1 5 0

0 19 7 23 8 17 3 2 3 21 13 19 4 3 25
5 0 14 26 16 24 16 5 2 22 12 15 12 27 5
22 15 0 15 18 25 15 21 13 8 21 23 4 5 19
16 11 12 0 4 24 27 19 24 17 16 22 12 5 25
10 13 9 20 0 3 18 2 17 18 10 12 8 18 25
24 11 1 17 5 0 1 23 17 20 6 17 13 15 3
13 10 23 13 6 16 0 6 25 11 14 13 14 17 6
7 14 27 13 1 16 16 0 25 16 1 24 7 25 19
25 27 18 18 8 12 12 7 0 11 14 27 12 2 27
18 15 23 25 13 20 18 3 10 0 27 14 6 2 14
25 18 9 20 22 6 6 8 24 19 0 10 17 12 6
23 21 6 25 19 2 2 5 27 7 10 0 15 6 12
26 17 5 19 21 23 21 4 20 23 14 13 0 19 12
4 3 24 8 12 7 24 5 4 23 12 18 13 0 10
12 1 1 6 2 5 4 10 14 27 11 21 11 8 0

0 22 1 21 2 25 2 18 26 6 11 17 20 10 1
14 0 25 17 19 25 6 7 9 6 20 27 5 19 3
6 26 0 19 13 21 21 5 12 2 16 21 25 17 23
18 21 4 0 18 17 14 6 12 9 18 8 7 26 1
1 6 9 16 0 7 9 8 6 14 3 24 11 18 3
10 18 11 20 20 0 19 20 21 3 8 27 15 6 19
3 16 11 11 17 11 0 23 16 14 2 5 8 9 10
4 8 19 12 7 26 10 0 26 18 2 26 21 4 22
26 12 14 6 4 18 23 20 0 4 26 6 19 19 11
17 13 4 1 8 19 23 16 15 0 5 27 17 9 15
10 19 14 8 26 26 7 11 5 10 0 12 24 27 27
19 7 22 22 22 20 25 2 27 17 14 0 12 21 10
12 11 26 25 21 12 13 16 20 16 9 20 0 19 19
16 7 8 27 14 19 14 17 21 18 18 6 9 0 20
15 5 27 27 14 26 3 4 17 10 16 3 1 13 0

0 13 4 26 11 27 5 4 9 20 12 25 4 26 21
15 0 12 8 9 25 14 7 9 2 27 18 27 7 13
8 26 0 26 9 24 5 4 16 4 7 22 3 20 23
27 11 4 0 7 27 16 3 18 22 24 4 3 3 27
12 1 21 20 0 8 3 14 12 12 16 15 12 1 23
4 5 16 26 14 0 25 14 2 13 10 20 19 24 4
23 11 27 18 10 6 0 3 6 27 15 23 18 3 11
6 22 4 9 26 4 7 0 23 9 15 9 7 7 12
16 23 10 27 24 4 12 3 0 23 6 14 21 12 2
1 17 17 12 17 19 5 9 12 0 8 17 6 5 27
10 16 15 19 1 5 19 2 8 15 0 4 25 20 12
15 22 14 20 19 20 26 6 24 23 1 0 24 27 11
27 25 3 27 2 1 22 10 22 14 24 2 0 15 17
10 11 8 13 14 21 2 20 19 4 4 3 5 0 9
6 18 8 3 11 2 25 8 25 13 20 4 24 21 0

0 17 15 4 11 10 5 25 4 4 23 13 7 14 24
22 0 12 18 20 25 25 3 17 3 7 12 18 19 21
11 20 0 4 20 3 19 7 2 19 8 8 12 6 3
3 11 23 0 19 20 18 5 19 9 23 21 18 23 16
24 17 10 3 0 6 7 7 16 22 13 5 17 22 12
20 25 23 3 4 0 13 12 4 13 24 3 17 14 15
5 17 10 6 7 13 0 8 24 20 26 12 24 10 23
7 14 9 18 10 11 17 0 9 4 11 5 8 16 22
19 18 16 3 26 1 14 3 0 9 24 15 6 8 14
11 5 22 7 27 13 15 17 22 0 16 20 9 21 27
11 27 4 1 8 27 22 17 14 9 0 12 6 15 14
4 17 3 14 27 18 19 26 1 15 1 0 20 13 2
20 5 16 20 11 21 18 26 14 25 21 11 0 25 21
24 8 12 18 21 14 5 10 21 27 6 13 15 0 5
11 9 15 22 21 22 20 14 26 24 21 12 27 25 0
