30 10 3
10    1  2 51    1  7 59    2  1 35  2 35    2  5 73  0 73    2  9 65  7 65    2  0 27  7 27    3  6 13  9 13  3 13    2  3 81  0 81    3  8 32  6 32  2 32    2  4 74  2 74
10    2  4 64  5 64    2  7 33  3 33    3  5 75  8 75  3 75    3  2 33  3 33  7 33    2  8 10  6 10    1  0 28    3  3 38  8 38  0 38    2  6 53  8 53    3  9 49  3 49  7 49    3  1 55  3 55  9 55
10    1  6 83    2  1 23  5 23    1  2 72    1  3 7    3  9 72  2 72  1 72    1  0 6    2  4 39  9 39    3  5 52  1 52  9 52    1  8 90    3  7 21  9 21  1 21
10    1  3 82    3  1 23  2 23  9 23    2  2 93  4 93    3  4 78  1 78  3 78    3  6 88  4 88  2 88    1  7 53    1  9 28    2  8 65  0 65    2  5 21  0 21    2  0 61  9 61
10    2  4 41  0 41    2  6 12  3 12    2  9 12  0 12    1  3 77    1  1 70    2  7 24  1 24    2  0 81  4 81    3  5 73  7 73  6 73    2  2 62  9 62    3  8 6  5 6  4 6
10    2  4 98  2 98    3  3 28  7 28  2 28    1  6 42    2  9 72  4 72    1  0 15    2  8 15  5 15    3  5 94  6 94  9 94    1  2 33    2  1 51  2 51    3  7 99  5 99  1 99
10    2  0 32  2 32    2  8 22  6 22    3  9 96  6 96  1 96    3  4 15  2 15  0 15    1  6 78    1  3 31    3  5 7  2 7  7 7    1  1 94    2  2 23  0 23    1  7 86
10    2  7 93  6 93    3  2 97  0 97  9 97    2  3 43  1 43    2  5 73  7 73    1  0 24    1  8 68    3  9 88  1 88  4 88    3  1 42  9 42  7 42    3  4 35  1 35  8 35    1  6 72
10    3  2 14  8 14  9 14    1  0 44    2  8 13  0 13    3  5 67  0 67  8 67    2  1 63  8 63    3  3 49  2 49  1 49    1  7 5    1  4 17    3  6 85  0 85  7 85    3  9 66  0 66  4 66
10    1  7 82    3  9 15  0 15  4 15    2  3 72  4 72    2  4 26  5 26    1  0 8    1  1 68    1  6 21    3  8 45  3 45  6 45    3  2 99  3 99  6 99    3  5 27  0 27  1 27
10    1  4 93    2  6 23  1 23    1  0 51    1  8 54    2  3 49  7 49    2  1 96  4 96    2  2 56  4 56    3  9 36  1 36  8 36    1  5 53    3  7 52  5 52  9 52
10    3  8 60  1 60  3 60    1  0 14    3  4 70  7 70  5 70    2  9 55  8 55    2  1 23  5 23    1  5 83    3  3 38  5 38  9 38    3  2 24  4 24  7 24    3  7 37  0 37  8 37    2  6 48  3 48
10    1  0 62    1  7 15    2  8 69  2 69    1  9 23    1  1 82    1  6 26    3  4 45  2 45  0 45    2  5 33  4 33    2  3 12  8 12    2  2 37  6 37
10    1  6 72    2  1 9  7 9    2  7 15  5 15    1  5 28    3  8 92  3 92  4 92    3  9 12  4 12  7 12    3  0 59  7 59  9 59    1  3 64    3  4 87  9 87  8 87    3  2 73  3 73  0 73
10    2  0 50  9 50    1  1 14    2  7 90  2 90    3  5 46  7 46  1 46    2  3 71  5 71    1  4 48    3  2 80  8 80  0 80    2  9 61  4 61    1  8 24    2  6 44  3 44
10    3  0 22  8 22  9 22    2  9 94  8 94    3  5 16  0 16  8 16    3  3 73  5 73  8 73    1  2 54    3  8 54  2 54  1 54    2  4 46  2 46    3  1 97  2 97  6 97    2  6 61  1 61    2  7 75  6 75
10    1  9 55    1  3 67    3  6 77  8 77  4 77    1  4 30    2  7 6  8 6    1  1 32    2  8 47  2 47    1  5 93    1  2 6    3  0 40  6 40  5 40
10    1  1 30    3  3 98  7 98  0 98    2  7 79  9 79    3  0 22  7 22  8 22    1  6 79    1  2 7    1  8 36    3  9 36  4 36  3 36    3  5 9  4 9  9 9    2  4 92  3 92
10    2  8 37  0 37    2  7 72  5 72    1  2 52    2  4 31  2 31    2  1 82  7 82    2  9 54  5 54    1  5 7    1  6 82    1  3 73    2  0 49  3 49
10    2  1 73  6 73    2  3 83  0 83    1  7 45    1  2 76    3  4 43  9 43  5 43    2  9 29  0 29    3  0 35  4 35  7 35    2  5 92  7 92    1  8 39    3  6 28  4 28  9 28
10    3  2 58  6 58  0 58    2  0 26  7 26    3  1 48  5 48  0 48    1  8 52    2  7 34  5 34    2  6 96  9 96    2  5 70  7 70    3  4 98  6 98  2 98    1  3 80    1  9 94
10    1  1 70    2  8 23  6 23    2  5 26  8 26    3  4 14  7 14  2 14    2  6 90  9 90    2  2 93  1 93    3  3 21  7 21  9 21    3  0 42  7 42  9 42    1  7 18    2  9 36  8 36
10    2  4 28  6 28    2  6 76  8 76    2  7 25  1 25    2  0 17  3 17    2  1 84  4 84    2  2 67  3 67    1  8 87    1  3 43    2  9 88  4 88    1  5 84
10    3  7 30  4 30  2 30    3  3 91  1 91  7 91    2  8 52  6 52    2  4 80  5 80    1  0 21    1  5 8    3  9 37  2 37  6 37    1  2 15    1  6 12    1  1 92
10    2  1 28  0 28    1  4 7    2  7 46  1 46    1  6 92    2  2 77  9 77    2  3 15  1 15    1  9 69    1  8 54    3  0 47  7 47  1 47    2  5 39  8 39
10    3  9 50  3 50  5 50    1  5 44    3  2 64  8 64  0 64    2  8 38  9 38    3  4 93  7 93  1 93    1  6 33    1  7 75    1  0 41    2  1 24  5 24    2  3 5  5 5
10    2  7 94  0 94    1  0 17    2  6 87  8 87    2  2 21  6 21    1  8 92    2  9 28  6 28    1  1 61    1  4 63    1  3 34    2  5 77  8 77
10    1  3 72    1  8 98    2  9 5  2 5    2  4 28  9 28    2  2 9  5 9    2  5 95  6 95    2  6 64  7 64    2  1 43  9 43    3  0 50  5 50  9 50    2  7 96  4 96
10    3  0 85  3 85  2 85    2  2 85  4 85    2  8 39  3 39    1  1 98    2  7 24  1 24    2  3 71  4 71    1  5 60    1  4 55    3  9 22  1 22  3 22    1  6 35
10    2  3 78  8 78    2  6 49  1 49    1  2 46    3  1 11  6 11  3 11    3  0 90  3 90  2 90    1  5 20    3  9 34  4 34  1 34    3  7 6  8 6  3 6    1  4 70    3  8 74  6 74  2 74

0 13 21 10 12 17 2 9 25 22 12 20 20 9 22 12 3 1 24 21 2 4 5 25 9 16 18 3 25 17
12 0 19 11 7 7 3 19 15 13 5 15 7 12 21 7 3 1 2 20 9 16 24 19 16 14 18 1 24 17
13 2 0 19 15 12 16 5 11 15 9 2 6 25 5 11 20 7 16 23 14 19 5 12 16 26 2 26 10 14
2 23 25 0 19 20 21 3 5 1 24 3 10 4 3 6 12 6 10 4 17 5 2 11 25 15 22 17 2 12
4 23 13 24 0 4 12 19 16 24 21 24 18 16 21 13 24 13 19 20 1 21 15 14 26 21 9 25 23 11
14 1 11 18 11 0 6 22 8 21 13 6 24 19 26 17 4 4 18 14 5 1 6 16 3 10 9 16 5 1
25 4 16 23 23 8 0 16 16 22 8 20 23 6 7 22 21 16 12 13 14 9 7 1 3 9 1 19 19 26
14 26 14 26 21 22 24 0 13 5 9 11 2 24 14 5 25 5 12 3 18 3 2 23 13 9 24 12 16 18
22 4 6 25 16 17 26 12 0 21 10 2 22 25 3 21 26 8 5 2 3 10 18 14 25 18 22 1 25 22
19 25 13 15 10 1 19 13 22 0 17 21 15 3 21 1 11 13 14 7 13 5 21 22 22 18 9 2 24 9
13 15 7 6 16 18 3 14 20 14 0 22 3 16 12 12 17 2 15 4 9 22 17 18 14 1 15 20 11 7
17 8 18 15 16 9 5 20 7 15 25 0 18 3 22 3 15 11 12 26 13 6 23 25 10 22 15 14 11 23
13 8 12 20 14 17 6 25 23 18 11 16 0 17 17 12 17 10 3 16 3 21 24 10 14 10 13 21 4 4
16 16 8 21 12 4 7 6 14 25 15 3 8 0 7 4 7 24 18 13 13 22 2 17 14 25 14 22 19 5
9 26 22 22 3 21 15 4 10 26 2 6 25 7 0 15 22 13 6 9 17 25 4 20 2 6 22 1 18 4
23 13 6 14 7 24 2 24 12 8 3 21 20 13 16 0 14 26 1 11 25 22 10 18 5 7 1 20 17 17
12 20 15 26 3 7 19 20 12 17 15 7 11 3 4 21 0 11 23 11 8 18 26 10 11 12 4 15 6 23
20 12 2 1 16 12 11 9 18 25 5 2 9 22 2 25 4 0 11 15 19 6 5 17 19 5 13 13 20 16
11 19 24 2 8 2 11 9 26 15 11 6 14 24 14 6 10 20 0 19 26 14 9 20 6 15 3 23 14 8
8 26 22 4 2 22 15 23 25 5 9 11 20 3 26 23 24 15 17 0 18 20 8 2 26 11 23 15 26 20
23 8 15 12 22 18 10 24 25 15 18 6 19 11 7 18 11 25 10 18 0 11 6 20 20 18 26 10 2 11
7 26 25 24 6 17 23 5 20 10 9 3 5 3 1 26 1 24 18 25 6 0 9 19 7 2 22 21 3 13
1 18 17 19 11 16 8 12 17 8 11 3 14 7 26 14 17 19 7 10 19 16 0 11 22 17 23 16 21 5
24 26 6 11 12 22 5 18 1 17 9 6 16 14 4 11 8 5 3 19 18 15 26 0 21 21 4 19 3 16
6 6 19 3 11 26 25 12 9 23 1 5 9 15 10 23 20 17 21 3 15 25 18 22 0 9 25 11 9 20
23 17 12 19 10 10 2 25 9 3 7 6 15 11 22 23 25 17 8 19 18 1 3 24 25 0 23 15 15 23
21 13 13 9 21 14 9 3 1 14 9 23 15 4 15 1 10 13 26 10 25 19 22 24 4 10 0 11 21 14
23 6 26 3 17 23 26 8 16 6 23 23 9 22 20 10 6 21 24 9 1 24 6 4 9 13 2 0 20 10
2 13 15 18 8 20 26 23 2 4 26 2 22 25 16 9 18 3 10 7 20 9 17 11 18 13 26 18 0 1
26 6 7 18 10 14 18 5 17 21 23 8 5 4 20 23 6 15 25 19 26 5 10 1 7 1 19 18 11 0

0 20 26 22 21 5 11 20 23 14 21 6 8 18 21 24 2 11 16 15 20 3 23 18 22 8 22 24 2 6
12 0 26 16 3 26 8 17 26 2 15 1 11 3 11 7 26 12 6 9 26 23 1 6 8 25 9 11 23 22
2 12 0 5 3 2 11 20 13 12 2 1 24 2 25 7 21 25 19 13 18 1 13 1 21 5 16 22 25 24
16 7 2 0 21 17 7 20 6 25 12 15 10 26 11 1 3 17 5 13 6 4 7 23 23 8 5 4 16 7
22 14 20 18 0 7 17 5 25 1 24 8 9 6 22 4 13 20 26 12 8 11 18 22 15 5 24 12 10 17
16 26 20 20 21 0 12 20 2 1 15 4 8 20 14 14 14 8 8 11 18 15 3 1 17 3 14 13 18 4
2 22 8 6 10 20 0 4 23 20 8 22 10 17 16 19 18 2 14 8 9 4 4 26 9 6 25 5 9 14
25 11 3 2 25 23 21 0 13 9 22 6 8 15 18 24 14 11 19 24 21 12 18 11 9 12 16 19 26 19
16 10 21 9 13 4 10 14 0 25 3 24 25 4 3 5 13 6 15 14 4 9 19 12 15 24 5 5 24 10
25 22 13 20 10 19 2 16 5 0 14 26 14 8 6 23 15 8 7 19 12 16 2 11 15 16 8 20 1 17
4 18 21 18 20 8 14 18 16 20 0 25 14 7 7 17 22 25 20 21 10 6 17 4 16 13 18 5 7 11
26 25 2 7 26 18 15 5 7 2 9 0 19 12 18 8 14 15 12 7 19 26 16 7 9 3 5 4 14 19
2 24 11 18 3 13 8 2 19 14 23 24 0 22 8 23 10 6 5 19 13 4 24 9 14 26 9 24 17 8
14 22 18 16 13 17 3 20 11 23 18 14 15 0 25 1 20 20 12 17 26 14 18 9 21 9 5 3 15 24
14 20 10 12 7 18 12 22 2 3 4 14 16 9 0 26 19 3 14 3 25 15 6 16 3 19 10 26 6 23
17 19 17 11 19 22 10 11 5 4 21 13 25 3 16 0 20 16 7 11 21 21 25 24 6 25 25 25 1 9
19 20 24 11 26 17 13 13 22 6 23 4 19 23 10 24 0 13 16 2 5 24 15 19 11 2 11 17 6 14
26 7 17 26 7 24 4 1 17 7 19 17 3 6 4 7 3 0 13 6 1 2 23 19 13 25 1 9 4 21
26 26 13 8 13 23 23 22 25 13 24 9 17 12 9 22 5 8 0 16 3 16 12 11 4 3 15 14 10 18
21 26 3 8 18 23 25 14 6 3 25 7 12 6 13 1 21 12 23 0 25 22 25 3 17 13 9 9 6 9
10 8 13 14 5 17 2 15 9 12 7 3 10 18 24 21 18 3 10 14 0 1 4 11 22 4 25 12 26 25
24 6 24 18 23 22 5 16 22 6 22 20 21 15 20 17 12 11 11 15 8 0 3 1 3 24 12 11 8 1
22 8 17 9 7 5 25 8 2 3 14 18 11 9 16 9 4 12 16 10 3 19 0 16 12 24 18 3 10 26
13 2 17 2 5 23 5 13 24 1 5 7 6 26 2 8 23 16 7 10 21 24 22 0 12 6 21 8 1 13
25 8 2 6 21 9 19 15 18 25 2 23 25 2 14 8 24 23 21 21 17 14 20 25 0 21 5 11 19 16
20 17 12 12 21 9 21 18 3 17 11 20 19 11 15 5 20 14 19 9 5 9 10 19 8 0 14 6 11 7
2 15 3 11 21 11 12 19 25 13 1 8 3 21 14 25 16 4 20 21 2 21 13 12 4 6 0 1 9 10
1 11 10 2 17 5 11 24 6 1 16 25 21 3 4 13 21 26 9 19 3 11 25 20 2 4 2 0 23 13
22 22 9 18 13 23 18 4 22 3 21 23 5 7 5 8 20 15 19 5 5 8 25 4 6 16 15 5 0 26
7 26 4 13 7 18 14 18 25 26 8 4 15 18 9 26 5 17 18 19 10 26 20 5 20 12 7 12 23 0

0 17 25 12 14 11 20 16 1 1 26 14 3 1 14 18 19 23 24 17 10 11 14 11 16 5 2 11 8 21
19 0 16 12 7 24 1 19 11 6 24 16 14 9 21 4 11 11 17 17 1 7 16 11 9 7 26 12 15 11
19 26 0 18 6 14 24 20 22 10 12 26 14 10 20 2 5 7 13 17 8 25 1 23 4 15 23 21 4 19
12 15 12 0 8 15 19 12 21 3 20 20 17 3 9 24 21 19 15 24 6 25 18 6 15 9 20 23 26 1
1 9 9 7 0 14 1 6 6 21 26 19 12 24 18 26 7 18 5 1 6 26 24 20 11 3 22 19 25 15
2 2 12 19 12 0 14 5 8 5 23 6 17 16 14 6 15 2 24 10 20 22 22 25 4 14 7 22 18 12
12 20 17 2 22 3 0 3 3 25 23 22 24 20 26 11 24 7 12 11 20 24 16 13 16 17 18 10 12 5
4 12 24 8 25 5 19 0 24 4 20 12 8 23 7 14 7 6 8 13 2 4 12 9 25 25 9 20 10 23
22 5 25 10 4 24 13 3 0 25 1 20 2 1 23 18 11 3 7 5 16 10 18 16 3 10 15 17 2 18
8 2 23 21 1 21 20 3 8 0 13 6 4 6 18 10 21 15 25 22 19 23 21 5 16 3 21 15 26 15
23 5 23 10 14 1 8 16 15 1 0 5 19 18 23 1 12 26 2 5 15 21 16 11 20 24 13 13 6 11
9 9 4 24 26 14 4 8 11 10 8 0 10 9 9 14 23 5 1 6 4 14 22 26 5 11 10 14 21 8
13 20 14 20 21 11 23 23 13 5 18 12 0 26 22 24 14 17 2 20 11 14 3 3 2 16 12 5 1 14
19 11 20 8 2 23 12 7 19 24 19 14 19 0 12 19 10 20 10 5 7 18 18 6 26 15 21 26 11 8
10 5 18 7 4 11 10 11 21 1 7 21 14 7 0 12 11 10 26 10 13 25 12 12 3 19 24 13 10 24
16 18 16 1 14 12 23 26 20 24 16 10 3 14 13 0 21 25 18 15 18 25 9 15 14 2 25 3 13 6
19 15 26 8 6 1 22 10 3 21 12 26 14 5 13 14 0 4 13 1 19 20 4 5 8 3 18 4 12 5
1 6 20 10 11 4 23 12 16 23 6 18 6 6 21 22 23 0 19 2 17 12 18 21 7 12 18 23 13 14
5 11 18 12 22 8 22 5 19 25 9 16 3 24 1 25 19 7 0 13 23 6 1 17 17 2 9 19 8 15
17 2 8 3 26 17 3 11 24 21 22 3 4 1 6 22 24 16 10 0 2 18 3 6 20 20 21 12 15 7
14 25 18 19 15 24 10 23 20 21 20 7 15 4 1 6 20 16 19 18 0 8 3 4 1 24 14 23 25 10
4 18 16 23 7 19 17 11 10 21 8 2 24 10 25 17 16 15 14 15 15 0 16 17 25 5 22 1 15 14
21 24 14 21 20 19 17 5 9 17 21 21 18 8 8 20 22 19 25 10 8 13 0 13 10 24 19 25 13 20
5 9 20 14 9 10 10 11 21 11 1 19 7 9 1 14 16 11 21 23 11 13 17 0 19 18 17 12 3 2
4 12 17 4 22 3 9 26 9 20 13 2 20 22 7 23 14 21 24 22 24 7 13 17 0 21 23 18 25 12
7 12 9 10 26 18 14 22 2 16 16 17 13 3 20 25 17 25 16 8 22 7 25 24 19 0 14 1 6 2
17 25 4 18 8 18 19 6 23 3 14 23 23 16 10 1 19 24 2 13 9 22 18 26 25 12 0 8 10 1
5 9 13 15 5 19 5 9 15 8 7 8 13 25 3 20 8 10 24 19 11 13 15 13 9 19 10 0 9 22
26 10 11 11 10 9 17 4 21 20 5 2 18 1 25 6 20 21 4 8 2 23 18 20 10 23 10 18 0 2
23 13 13 5 26 26 12 19 12 16 22 6 15 10 22 9 1 22 17 5 19 22 13 21 21 25 8 2 26 0

0 22 17 8 6 3 20 26 6 25 21 26 8 17 1 10 21 9 4 24 23 2 22 25 17 1 5 6 6 3
5 0 3 13 11 1 10 15 10 26 8 6 1 19 25 23 10 19 2 24 17 24 25 15 18 15 23 19 8 22
11 17 0 26 18 16 26 22 14 19 18 14 3 3 9 22 18 9 21 16 3 3 8 15 21 16 26 18 11 9
17 5 20 0 10 15 23 11 23 22 22 22 18 24 25 17 21 7 25 16 12 1 18 10 15 24 12 20 24 13
9 21 6 2 0 23 21 20 24 15 9 25 13 24 8 11 14 7 14 23 2 25 24 15 12 1 25 3 1 24
8 4 8 25 2 0 8 26 22 19 21 15 6 24 7 14 24 16 14 3 6 9 20 8 13 3 17 4 17 20
24 19 17 4 15 20 0 7 17 26 13 18 20 8 18 18 16 19 5 26 7 21 19 18 12 13 12 2 2 16
9 15 7 20 25 15 23 0 14 18 17 4 23 17 8 6 13 11 9 21 2 7 19 12 23 10 24 16 9 18
1 24 18 13 13 8 15 18 0 3 3 6 23 6 26 23 13 8 3 23 21 21 10 12 23 19 9 9 22 1
23 26 11 19 5 12 25 18 19 0 25 18 13 16 24 22 13 22 12 15 10 25 13 3 1 23 10 15 8 18
10 22 6 5 6 10 12 19 20 15 0 20 23 3 5 5 4 13 24 20 24 22 22 15 13 8 20 12 1 19
16 22 10 20 4 22 8 14 25 24 12 0 23 8 20 3 26 10 18 1 26 13 25 8 10 22 15 23 18 3
19 2 26 14 8 20 2 1 21 11 12 1 0 8 2 21 7 1 15 23 17 19 14 12 3 6 5 4 23 3
1 1 9 12 6 21 23 18 14 21 25 26 22 0 25 18 15 4 14 6 11 25 6 25 25 1 25 2 1 10
2 2 7 16 6 23 8 14 10 19 19 1 6 17 0 15 23 12 26 15 21 26 23 17 6 4 21 17 8 13
21 15 20 2 18 12 2 18 19 11 18 23 4 2 6 0 22 9 5 19 15 3 25 20 4 25 8 15 25 18
6 3 2 18 1 9 5 5 16 19 20 14 26 20 7 3 0 26 20 23 20 25 24 7 22 14 16 6 9 22
1 21 7 26 3 17 23 1 16 16 19 10 22 20 11 16 3 0 11 17 24 20 5 23 25 4 5 8 26 15
25 17 15 4 15 21 26 11 11 10 26 3 11 1 8 15 4 15 0 16 1 14 13 1 4 13 13 26 3 17
16 14 3 15 17 19 26 10 12 3 25 2 22 25 8 11 19 11 21 0 20 18 18 9 13 20 24 15 25 10
2 7 3 2 16 3 2 8 1 24 5 19 24 8 25 15 16 4 12 18 0 19 3 24 9 12 2 22 23 13
5 22 16 5 22 12 23 17 4 26 16 5 22 7 4 12 3 12 10 9 17 0 26 17 16 5 23 5 2 4
10 8 15 11 10 14 15 2 24 20 17 20 18 3 25 22 11 14 24 25 10 9 0 5 8 24 12 4 18 11
8 23 7 17 22 23 21 26 9 8 25 12 11 20 25 12 18 12 4 15 17 26 23 0 14 20 21 20 5 22
6 14 12 2 25 9 2 24 14 9 10 8 15 12 9 16 21 22 11 13 15 8 25 16 0 19 6 6 22 7
24 6 24 23 19 15 7 3 22 24 3 18 8 13 7 19 9 19 19 8 24 26 18 26 22 0 9 10 13 11
1 21 13 11 10 2 25 23 14 7 18 11 24 5 5 2 26 10 3 14 3 10 23 11 17 21 0 22 18 15
1 24 5 24 8 2 9 25 17 3 26 16 17 24 20 21 11 9 14 6 15 4 15 2 5 23 1 0 17 15
10 5 16 19 9 7 4 5 21 9 9 26 24 6 12 21 1 25 12 16 26 13 6 21 17 4 12 21 0 19
13 17 15 1 22 12 23 10 1 9 9 19 19 20 5 11 12 25 8 18 24 8 4 22 23 2 2 2 10 0

0 10 11 6 16 6 21 16 26 5 23 2 22 11 14 23 16 9 9 13 8 14 25 20 19 16 21 21 9 26
7 0 5 18 22 14 13 21 2 25 25 5 5 10 7 1 18 7 20 19 12 8 22 19 11 6 18 23 8 5
22 4 0 1 25 17 4 23 6 22 24 15 3 14 18 8 10 23 8 22 25 11 20 1 2 5 12 21 6 19
13 2 14 0 9 5 2 10 21 3 25 21 20 12 20 14 16 7 9 24 10 5 11 22 15 20 26 23 12 10
2 23 5 12 0 11 26 7 9 6 15 6 25 6 2 18 10 7 11 20 9 21 14 19 21 15 5 24 1 5
1 18 1 8 9 0 12 11 9 24 6 12 24 21 18 14 13 9 10 16 22 17 19 21 18 5 9 2 9 5
21 18 18 18 13 20 0 4 9 13 7 12 8 24 25 9 7 25 17 12 3 5 15 5 10 24 7 22 11 10
10 17 23 20 18 20 25 0 13 2 2 14 22 2 7 18 9 10 24 6 10 10 20 16 18 9 2 8 17 14
23 24 26 10 19 2 5 26 0 8 26 2 13 7 18 17 2 17 18 9 26 6 11 8 16 5 5 3 1 16
2 18 21 2 3 3 5 8 8 0 2 11 24 7 5 17 14 12 6 22 1 4 22 13 8 14 7 13 3 14
8 12 12 12 9 10 6 10 26 7 0 1 13 20 26 8 15 7 18 10 1 17 23 17 8 25 5 19 24 4
22 19 22 17 6 1 12 17 12 3 14 0 26 13 13 17 7 19 8 25 20 8 16 23 7 8 14 3 25 6
20 13 18 22 5 19 18 5 19 8 17 17 0 9 20 19 2 2 15 26 6 7 12 2 25 1 12 23 21 22
21 2 1 12 14 17 7 24 14 18 13 9 5 0 10 17 23 13 26 1 26 3 17 5 11 15 4 11 26 15
15 5 1 26 7 21 3 20 16 11 24 22 24 1 0 8 17 6 18 20 26 25 17 15 6 14 24 9 26 7
17 14 5 21 9 26 8 24 8 14 26 7 14 21 19 0 13 21 7 21 25 1 21 21 25 11 5 22 2 18
8 19 17 25 10 1 10 9 1 9 26 12 11 2 11 3 0 19 6 10 12 20 17 20 24 23 20 9 25 23
4 22 16 20 16 5 2 19 11 25 20 1 17 8 13 8 17 0 7 20 8 13 23 11 10 8 12 11 23 18
21 8 23 17 20 3 17 23 8 15 19 10 12 18 5 23 1 24 0 4 24 15 1 19 24 16 16 12 9 18
16 26 4 9 8 23 12 18 14 6 2 23 7 16 6 19 23 19 26 0 11 1 26 4 4 20 22 15 14 2
22 21 6 15 20 14 7 8 17 4 13 3 19 2 23 18 16 22 10 25 0 12 22 13 2 24 6 7 6 2
14 20 12 7 13 9 1 6 5 26 22 14 16 16 15 26 24 7 14 8 23 0 15 24 8 13 12 9 26 25
4 8 20 20 2 17 14 11 22 21 17 11 13 16 10 16 2 7 6 3 15 4 0 10 20 24 4 14 6 3
19 2 22 14 7 25 6 19 2 7 16 13 18 5 20 7 25 4 21 19 18 20 7 0 14 9 5 19 18 16
1 24 18 22 8 15 23 20 19 12 25 1 6 19 7 21 7 13 6 25 17 7 24 15 0 15 25 5 10 26
23 25 11 5 4 13 7 12 2 8 8 4 16 17 19 25 21 3 9 1 19 15 24 2 8 0 23 20 24 5
15 22 1 13 13 1 11 7 8 11 8 14 22 9 12 4 23 22 6 10 23 18 26 5 22 22 0 2 4 17
4 12 2 10 24 12 9 19 15 24 19 9 11 1 22 14 20 13 23 26 23 18 23 19 8 21 17 0 20 16
12 7 15 16 3 7 2 4 24 8 7 5 3 22 17 24 19 18 10 1 11 25 4 9 18 16 5 7 0 5
4 12 17 26 17 5 25 14 3 7 5 20 26 14 22 2 22 11 5 10 11 3 7 6 1 7 8 4 5 0

0 21 10 20 18 3 11 7 24 7 11 18 10 1 3 7 3 2 22 12 24 16 2 12 4 1 22 13 21 14
10 0 1 23 9 1 8 14 1 16 4 26 5 1 6 9 16 14 17 1 4 21 21 16 15 12 4 5 19 21
17 7 0 19 17 10 4 15 15 20 25 5 5 19 6 12 16 9 12 18 16 3 11 23 16 13 5 15 12 14
20 15 23 0 22 14 13 3 18 6 13 20 18 6 15 12 13 9 2 10 3 2 2 18 4 18 4 7 8 25
25 1 9 24 0 20 26 18 5 18 23 5 13 7 9 19 26 6 12 3 6 8 3 14 8 6 1 5 17 18
17 22 17 14 14 0 20 1 2 8 26 17 25 8 24 14 26 10 1 21 21 8 9 23 7 25 21 26 5 3
5 5 24 10 16 15 0 21 25 21 21 24 17 21 12 7 26 8 3 18 15 4 18 9 10 8 21 25 20 15
16 8 11 21 2 16 2 0 3 14 2 20 14 26 18 3 18 17 22 11 13 6 17 2 15 4 19 19 20 19
8 1 4 23 7 22 6 20 0 15 5 1 22 4 7 1 21 14 6 2 19 25 16 7 20 2 16 5 2 15
16 4 7 20 15 6 7 25 26 0 15 20 7 1 12 13 20 15 3 23 14 3 23 7 23 18 18 5 13 25
14 12 4 16 6 13 23 15 8 12 0 26 1 1 12 26 20 3 11 3 14 8 14 10 13 25 7 21 13 9
19 12 14 21 15 22 11 18 11 19 1 0 12 22 15 3 17 19 9 3 16 1 21 19 24 19 24 4 3 6
21 8 8 21 4 23 4 6 20 9 20 13 0 24 12 21 13 10 7 8 21 8 2 13 8 5 21 5 21 6
6 5 7 18 5 1 17 18 10 7 26 8 9 0 25 24 24 4 9 9 26 13 23 26 24 6 7 4 7 10
12 13 2 11 16 18 20 3 22 20 8 14 3 10 0 11 18 7 17 17 8 17 5 9 9 23 12 5 19 23
19 16 6 10 6 1 20 2 12 10 3 25 8 3 19 0 6 8 7 4 22 18 5 26 25 14 24 12 1 12
8 16 17 9 10 26 22 26 18 18 6 17 22 19 1 13 0 23 18 19 17 22 20 5 12 24 11 5 15 20
9 1 1 23 13 9 26 9 21 15 7 16 2 9 3 3 3 0 4 26 10 8 26 6 12 6 10 2 11 16
19 19 11 24 6 26 10 6 4 14 10 10 1 12 26 16 9 12 0 15 3 3 17 14 17 10 18 13 2 9
24 11 21 24 23 13 25 17 23 16 21 17 10 1 16 6 21 2 15 0 3 6 1 21 21 15 1 5 10 10
15 21 2 24 23 22 21 21 22 4 14 20 16 1 6 8 1 21 5 8 0 10 11 8 10 5 22 17 5 2
11 6 23 24 17 16 21 6 16 8 25 16 8 21 19 14 16 25 2 6 7 0 16 13 2 12 18 7 9 7
18 15 16 8 7 2 24 15 12 16 1 8 17 17 8 7 22 17 9 8 8 26 0 11 6 22 12 4 22 2
5 5 7 14 24 8 11 20 12 20 21 26 6 6 2 12 22 3 4 4 26 10 5 0 6 8 11 2 19 10
14 22 18 20 4 14 15 19 8 5 6 17 11 3 15 21 17 9 8 8 13 12 25 4 0 19 18 11 21 19
19 22 12 11 10 12 16 5 4 16 9 26 10 13 8 7 2 25 16 5 12 21 12 15 14 0 5 16 4 7
17 25 3 23 12 12 22 9 14 11 3 2 8 17 7 11 6 8 18 19 22 15 16 9 4 26 0 16 16 18
26 8 9 20 23 12 18 24 3 15 7 12 7 20 1 21 1 25 10 8 18 14 13 13 2 18 18 0 6 18
9 19 6 20 26 12 10 8 25 13 9 7 12 11 25 11 18 12 16 22 25 12 10 11 15 12 19 4 0 21
25 21 1 6 10 15 16 15 20 20 21 9 2 26 18 15 4 18 20 21 14 6 12 16 21 15 8 5 8 0

0 3 6 14 5 17 19 13 23 9 15 11 24 4 25 18 9 19 11 23 1 9 10 26 22 13 16 5 13 6
8 0 22 17 13 22 17 4 19 23 1 21 26 13 25 3 23 21 19 20 23 12 3 23 19 13 1 24 5 22
22 18 0 6 22 19 16 14 1 12 3 14 14 13 18 12 8 13 24 7 2 20 15 24 3 24 4 25 10 19
24 15 18 0 25 8 2 13 17 24 24 2 3 5 4 17 16 14 15 26 1 12 22 10 23 20 13 6 5 26
25 26 11 1 0 18 5 12 23 4 1 19 22 21 15 24 1 25 19 17 19 5 18 6 15 5 14 19 2 2
3 3 13 21 20 0 25 14 3 15 18 9 8 21 23 1 9 18 12 3 2 23 26 11 6 25 14 25 2 21
21 10 11 23 17 18 0 23 25 4 21 5 14 7 26 4 9 2 15 12 25 17 10 13 2 4 15 19 23 9
16 23 11 18 2 4 15 0 4 8 3 19 9 23 5 6 15 12 19 8 12 23 16 7 8 17 7 19 14 18
19 7 4 26 18 22 14 11 0 21 19 26 21 25 8 1 3 24 22 2 10 9 22 1 10 15 9 5 5 1
19 17 9 15 1 1 5 4 20 0 8 18 14 20 11 9 2 20 26 11 19 8 18 24 20 25 25 17 21 14
11 18 9 9 21 10 15 13 6 4 0 9 26 20 10 11 2 3 14 15 12 22 10 4 16 8 19 8 20 23
4 21 1 10 26 15 8 17 20 13 19 0 1 7 23 10 11 5 10 8 11 11 26 2 14 12 17 19 15 11
25 10 22 16 26 26 15 22 1 5 21 11 0 15 14 19 15 24 19 23 8 26 9 17 6 20 20 7 14 4
24 11 18 1 5 4 7 24 20 21 19 3 2 0 5 23 14 8 7 9 23 14 20 6 22 10 20 18 9 19
23 8 25 4 16 8 26 11 12 22 16 19 18 22 0 8 20 9 3 16 25 8 19 15 1 1 19 3 14 8
13 20 21 9 3 12 25 15 8 20 13 3 8 1 18 0 20 18 13 22 18 21 21 9 15 26 10 26 1 10
3 24 19 13 26 22 10 20 6 19 20 26 25 11 2 23 0 18 1 6 8 24 11 8 13 23 6 1 16 12
7 13 25 16 22 2 19 9 19 17 21 8 3 20 16 10 13 0 26 4 17 7 3 10 2 24 16 11 13 14
1 10 26 15 19 16 14 5 4 12 26 19 5 17 4 8 10 9 0 15 20 22 19 6 11 25 21 5 6 18
17 21 24 15 22 19 14 1 10 14 10 24 23 26 2 8 5 16 7 0 16 20 1 21 1 21 6 17 5 7
18 19 12 16 4 3 8 21 10 23 9 19 14 21 4 26 6 1 8 17 0 10 9 15 11 1 1 11 19 20
23 11 15 17 21 22 7 18 5 19 22 19 21 21 5 22 23 8 17 16 10 0 2 25 16 21 22 8 23 25
14 24 20 18 21 26 9 13 16 26 2 16 1 6 5 19 4 17 8 11 17 2 0 17 11 20 22 13 9 3
19 2 17 11 2 13 19 26 3 11 5 21 15 20 2 6 22 5 24 4 7 7 2 0 26 4 24 6 21 25
20 2 13 11 23 21 26 15 21 26 1 23 18 4 8 8 14 17 13 11 8 23 15 3 0 25 15 12 7 15
4 7 17 26 8 1 6 11 6 24 22 18 5 11 12 4 8 4 19 19 20 20 15 17 20 0 22 15 17 10
12 20 24 5 23 1 10 3 7 23 23 18 24 8 14 8 12 11 19 13 13 1 13 18 24 13 0 22 20 6
24 18 18 26 21 11 22 14 21 1 16 15 22 1 12 23 21 17 18 12 14 19 3 19 16 22 24 0 1 12
13 16 9 15 19 3 16 17 13 15 12 4 6 26 23 17 3 10 25 17 25 19 24 10 25 17 12 3 0 14
17 18 20 6 26 21 20 6 12 3 19 12 17 16 19 11 18 4 13 26 22 17 4 20 7 10 17 6 22 0

0 4 9 6 9 10 21 16 7 19 19 25 4 7 8 25 6 15 19 18 11 22 9 4 20 14 21 11 25 9
18 0 3 18 3 1 18 7 7 21 18 22 16 16 22 9 15 17 1 11 26 20 1 24 6 21 9 19 1 2
24 1 0 23 22 16 5 6 11 8 3 15 7 3 19 26 8 23 19 14 2 2 26 24 10 6 22 17 22 3
16 19 3 0 22 2 12 3 25 5 15 8 14 26 4 7 24 1 9 1 6 20 20 24 23 3 19 2 16 8
6 22 25 26 0 5 1 8 26 13 24 21 20 26 4 21 12 15 4 8 17 23 18 2 11 3 24 11 8 2
5 2 1 7 19 0 13 24 9 5 14 9 20 8 21 15 7 11 15 12 16 4 17 15 6 5 24 15 18 2
11 26 1 14 23 23 0 1 1 19 24 10 2 22 2 25 16 6 4 4 22 2 16 20 10 1 16 1 5 11
19 25 21 10 21 6 21 0 10 6 13 10 21 5 12 24 17 25 17 20 7 5 23 21 13 13 13 14 2 9
15 18 7 13 1 5 4 11 0 8 19 1 23 25 26 21 9 17 3 19 5 16 19 20 1 3 20 2 8 1
14 12 5 22 14 13 11 11 5 0 17 3 22 4 3 11 15 18 7 8 6 3 25 20 19 12 21 11 25 2
17 6 14 9 24 19 17 24 7 6 0 8 8 14 3 22 15 25 7 9 12 8 6 23 7 3 26 8 16 11
3 18 4 2 12 25 23 26 26 21 25 0 7 16 23 21 18 17 6 21 2 22 4 14 4 22 12 21 11 22
3 10 9 24 12 15 20 7 13 20 15 14 0 17 15 14 10 5 8 1 19 12 4 10 4 5 19 10 14 2
19 21 26 2 23 2 10 4 4 2 10 23 25 0 16 16 11 5 26 9 3 6 26 11 14 22 25 13 13 9
3 22 1 8 11 14 24 25 16 23 12 24 11 3 0 1 3 5 19 2 7 18 18 17 16 12 26 21 26 1
14 5 10 6 15 3 11 18 23 24 26 6 25 25 2 0 19 16 1 12 18 21 17 13 10 16 26 20 2 22
12 1 18 17 16 26 21 8 4 21 18 21 22 16 12 23 0 19 10 25 15 18 17 23 4 9 7 1 11 14
11 26 22 21 18 15 6 9 12 20 3 7 4 7 12 23 17 0 4 9 20 15 15 22 13 24 6 18 2 1
26 18 10 6 16 5 17 19 2 13 5 17 11 2 5 5 12 20 0 24 21 21 16 10 26 10 10 18 21 11
25 13 20 3 10 21 14 5 8 18 12 12 25 23 25 16 3 4 24 0 13 15 12 1 10 20 17 22 8 6
7 3 14 9 4 6 4 25 22 26 10 18 26 13 19 19 13 17 23 4 0 21 20 23 24 7 19 15 13 3
5 11 14 25 17 8 24 15 5 19 1 10 13 23 24 12 25 11 4 9 16 0 18 2 10 3 25 11 1 21
9 7 11 2 19 3 23 26 3 12 14 11 4 25 12 26 19 6 19 17 3 16 0 23 2 19 10 1 13 11
25 14 3 12 16 1 3 14 26 13 26 12 16 24 18 23 20 24 9 9 4 15 8 0 6 9 24 11 17 10
2 23 20 8 14 8 23 23 20 22 17 5 6 20 13 5 12 16 13 10 4 2 14 6 0 20 6 17 5 21
9 4 9 26 3 20 11 11 3 2 20 15 12 8 14 24 23 17 14 24 6 10 12 18 11 0 8 4 6 19
5 18 14 26 6 13 2 15 17 14 21 9 5 10 8 13 8 9 6 4 13 21 7 18 15 7 0 4 10 20
12 24 17 1 8 1 1 13 8 4 15 2 8 17 18 10 14 11 1 2 13 2 17 12 15 12 17 0 25 20
6 13 8 11 7 7 26 23 21 7 6 15 22 23 4 3 10 3 16 21 26 25 22 3 12 12 23 7 0 7
13 9 14 21 13 22 18 5 24 3 12 9 23 3 25 24 10 26 13 7 18 15 7 4 16 24 7 10 26 0

0 11 3 21 18 20 7 14 7 18 17 12 25 16 26 8 22 15 8 17 17 5 4 18 14 3 8 1 18 14
19 0 16 21 5 16 25 13 7 23 23 26 13 8 4 13 26 11 18 17 4 6 16 1 14 5 11 7 11 12
15 14 0 18 10 14 16 15 19 21 11 3 16 1 10 10 16 21 1 6 23 23 3 1 5 6 2 5 25 5
1 15 10 0 19 20 1 19 5 23 25 11 11 1 19 15 3 23 11 3 13 10 17 12 15 20 26 2 26 5
12 11 12 8 0 12 5 19 2 10 13 16 17 26 20 20 18 13 18 8 12 7 17 9 13 12 24 17 2 11
18 20 24 18 24 0 12 5 13 23 15 10 18 7 26 12 2 26 7 13 25 8 9 7 7 11 17 18 11 5
11 3 4 22 14 19 0 26 14 9 18 24 16 12 20 16 16 8 14 19 3 18 3 17 16 11 2 1 3 7
14 18 3 18 6 17 17 0 9 15 26 26 25 6 23 25 17 21 5 25 7 21 26 1 21 13 2 25 1 23
9 9 7 3 6 12 9 18 0 24 11 3 11 12 23 5 16 19 13 5 22 24 14 6 11 25 25 6 5 19
14 20 26 26 26 23 4 6 26 0 13 19 14 14 9 8 24 23 20 21 17 1 10 13 7 19 10 14 5 17
9 16 13 19 8 5 20 4 6 24 0 7 14 4 14 2 17 25 10 23 26 16 18 5 7 16 1 13 14 26
2 24 21 2 15 2 11 10 7 23 5 0 22 14 4 8 1 22 11 19 25 23 15 12 14 6 16 24 20 12
23 18 16 6 20 9 26 23 7 14 2 26 0 19 14 15 10 15 4 20 11 4 3 22 23 11 20 13 9 26
10 13 22 3 10 1 24 4 5 14 19 12 13 0 13 19 15 17 19 14 20 21 3 25 26 25 19 20 11 21
1 4 10 12 5 14 1 24 9 24 23 9 15 5 0 16 15 13 7 9 2 11 23 13 11 2 2 5 15 1
5 3 19 4 6 17 12 7 16 23 10 2 25 20 17 0 9 6 8 19 18 20 13 22 10 10 13 13 17 24
13 10 14 9 20 16 25 14 21 19 24 15 16 25 15 14 0 15 24 6 18 18 8 9 17 14 23 21 15 19
14 20 26 10 20 20 5 26 10 16 24 8 17 1 11 19 2 0 10 9 16 18 12 21 23 25 1 16 25 7
12 10 20 16 3 6 14 8 6 3 7 11 24 23 20 12 8 10 0 3 13 9 21 5 19 19 15 19 18 5
12 7 7 24 19 3 10 11 20 14 9 9 11 26 10 21 1 1 25 0 17 5 2 11 19 11 14 3 25 1
18 16 15 7 20 14 23 21 1 1 16 11 22 22 10 10 26 7 12 4 0 16 18 15 24 16 22 24 11 4
26 9 15 12 20 1 17 10 15 20 25 8 2 21 25 23 24 13 2 3 14 0 25 25 8 10 23 5 26 14
10 16 21 8 12 11 22 19 22 3 25 25 2 23 15 22 9 10 4 24 10 19 0 6 6 2 17 11 4 9
5 6 26 20 24 17 18 8 2 7 17 21 23 14 2 4 20 16 22 20 8 26 10 0 24 1 7 1 12 6
10 14 24 3 6 8 21 24 10 5 21 18 21 1 7 23 3 3 10 18 2 15 3 15 0 14 20 26 2 16
6 5 20 13 16 14 9 8 7 17 24 3 24 5 16 25 12 12 4 14 5 26 13 8 16 0 13 21 20 23
5 11 19 16 15 17 16 11 19 19 21 19 26 18 22 2 24 2 3 22 9 17 20 21 18 25 0 15 8 18
15 13 5 21 10 3 3 6 11 5 11 9 4 20 8 12 20 15 25 19 14 24 23 18 20 6 11 0 19 21
3 16 5 2 18 13 10 2 18 13 1 11 10 4 20 24 9 24 11 15 21 11 18 24 8 6 20 11 0 18
17 9 13 15 9 12 12 8 14 22 10 3 9 17 13 15 24 3 24 23 1 3 11 14 21 15 4 24 21 0

0 26 22 5 14 7 12 5 2 6 10 6 4 7 5 11 25 18 15 14 9 14 7 23 20 17 17 23 21 24
12 0 16 20 22 8 23 2 16 18 13 5 17 26 8 22 9 6 25 17 5 23 10 14 4 7 6 22 10 12
17 1 0 8 1 22 8 9 12 5 22 21 17 18 20 5 12 6 19 4 12 23 8 11 17 10 2 18 4 12
5 14 4 0 14 17 21 5 1 26 25 21 21 19 24 3 3 6 10 25 21 13 14 19 21 5 26 25 26 11
2 18 10 13 0 23 22 19 25 7 24 13 21 8 15 14 13 9 17 16 5 13 17 22 24 20 5 16 2 4
26 15 8 13 9 0 25 9 16 20 22 22 19 12 18 23 3 15 1 23 19 3 8 3 8 21 20 22 22 24
8 16 13 14 15 12 0 23 22 17 6 26 18 11 25 18 23 3 13 19 1 23 4 24 19 15 13 9 24 24
1 24 15 2 14 8 3 0 10 6 11 18 19 10 14 16 22 17 20 18 4 18 16 24 24 13 17 21 14 22
11 9 21 22 7 22 2 7 0 26 15 25 4 7 16 12 25 10 10 24 26 13 4 23 16 25 6 13 19 25
6 1 17 21 7 23 17 14 15 0 13 23 20 2 9 24 9 6 6 5 22 4 10 13 8 7 3 3 12 1
14 7 26 1 21 9 26 5 8 22 0 5 3 20 16 26 19 13 18 25 13 1 15 26 7 21 4 25 9 7
7 7 22 17 12 3 12 24 10 25 12 0 10 19 3 23 15 13 3 7 14 8 3 16 17 21 5 18 7 15
2 23 5 10 9 9 10 8 16 1 5 18 0 20 23 16 2 4 20 11 16 22 18 24 14 20 23 1 23 19
12 2 10 26 7 20 17 9 24 1 23 17 18 0 17 22 24 8 6 13 13 17 23 15 23 2 15 21 8 3
11 1 3 2 18 10 8 18 7 15 9 7 13 2 0 9 8 14 7 4 14 13 14 25 1 21 3 5 17 14
18 3 11 6 19 10 2 19 21 19 20 2 2 20 21 0 16 15 25 25 2 26 6 10 20 22 4 10 20 20
21 6 26 5 19 22 17 19 11 4 2 19 6 15 5 22 0 7 24 12 8 18 12 11 18 5 8 18 17 4
11 12 15 25 20 22 16 2 9 10 13 4 17 22 6 16 11 0 16 12 23 2 26 25 1 13 13 22 4 2
1 4 1 26 13 20 15 25 6 5 1 8 18 13 21 7 25 8 0 6 6 18 20 4 20 22 21 6 9 7
6 12 3 1 13 11 9 1 18 15 23 23 2 22 21 20 9 6 6 0 18 13 20 17 22 1 18 19 11 11
8 23 10 11 19 26 6 2 17 24 1 20 22 9 7 26 23 19 9 2 0 26 22 3 11 6 18 6 24 23
14 16 14 19 21 22 4 20 16 19 14 7 4 4 9 4 5 11 4 17 11 0 25 4 12 11 19 1 17 18
24 19 17 25 17 19 2 12 13 23 15 10 24 15 2 13 14 1 9 11 21 24 0 22 14 26 9 8 9 11
20 15 24 14 4 4 17 18 18 11 7 2 16 3 26 16 23 11 17 16 19 3 19 0 11 25 12 26 8 24
13 7 24 14 14 24 20 21 17 24 6 3 7 6 15 5 12 5 17 11 21 2 13 3 0 17 17 21 13 26
26 23 18 7 23 2 19 8 8 2 20 2 3 21 7 25 19 1 20 7 3 15 1 23 7 0 26 19 11 20
1 24 7 21 11 16 12 12 5 13 19 18 17 8 7 6 12 17 2 26 26 5 24 15 7 10 0 17 22 6
6 17 3 5 5 18 2 25 22 7 23 26 9 24 20 20 5 19 6 15 17 22 4 5 5 24 3 0 22 18
11 5 25 9 11 17 20 2 11 12 7 16 7 2 16 17 1 2 25 5 6 4 3 23 26 8 5 9 0 10
6 2 11 5 1 8 10 17 24 21 6 2 23 19 5 5 23 26 18 10 20 13 20 12 20 11 19 14 3 0
