10 5 3
5    1  1 23    1  2 45    2  0 82  2 82    2  4 84  0 84    1  3 38
5    2  2 21  0 21    1  1 29    3  0 18  4 18  1 18    3  4 41  3 41  0 41    3  3 50  1 50  2 50
5    2  2 38  4 38    2  3 54  1 54    2  4 16  0 16    3  0 52  3 52  2 52    2  1 52  4 52
5    3  4 37  3 37  0 37    2  0 54  3 54    3  2 74  3 74  4 74    1  1 62    3  3 57  4 57  2 57
5    2  4 57  0 57    1  0 81    1  1 61    3  3 68  2 68  1 68    1  2 30
5    2  4 81  1 81    2  0 79  3 79    3  1 89  4 89  0 89    3  2 89  1 89  4 89    2  3 11  4 11
5    3  3 33  1 33  2 33    2  2 20  1 20    1  0 91    2  4 20  0 20    2  1 66  0 66
5    2  4 24  1 24    1  1 84    2  0 32  3 32    2  2 55  0 55    1  3 8
5    1  4 56    2  0 7  1 7    2  3 54  4 54    3  2 64  0 64  1 64    2  1 39  4 39
5    3  4 40  0 40  3 40    2  1 83  2 83    2  0 19  1 19    1  2 8    1  3 7

0 1 16 19 24 3 10 14 1 7
16 0 2 15 24 18 16 18 22 24
10 3 0 8 13 1 6 24 21 22
3 22 16 0 13 21 1 11 1 2
23 9 8 5 0 7 14 9 21 18
22 17 21 2 25 0 22 11 16 18
17 18 10 25 25 12 0 14 24 9
5 22 23 23 19 6 12 0 9 2
17 12 13 24 5 25 14 23 0 24
20 1 18 14 9 20 24 15 12 0

0 10 19 7 8 4 6 1 20 24
8 0 24 14 22 4 7 21 21 1
4 19 0 3 14 2 13 6 11 7
8 18 22 0 21 11 21 19 16 17
23 11 15 12 0 11 6 19 10 4
13 5 9 15 15 0 13 9 16 8
3 23 15 20 10 14 0 18 18 14
18 4 24 10 5 15 10 0 5 16
3 1 17 18 5 22 18 8 0 10
8 6 2 1 17 24 4 12 8 0

0 23 9 10 1 13 11 18 20 12
20 0 1 10 22 7 1 24 18 1
4 15 0 9 13 8 20 8 2 3
17 21 25 0 20 13 24 24 4 24
18 8 11 5 0 16 16 11 16 11
23 22 3 15 17 0 2 8 2 2
21 14 25 19 18 24 0 14 3 24
19 6 9 20 8 22 12 0 6 9
21 9 19 3 14 18 17 20 0 15
24 23 19 2 11 23 8 2 24 0

0 9 13 22 3 14 15 17 1 6
7 0 13 5 24 8 5 7 13 16
1 11 0 20 4 18 17 3 14 10
15 14 5 0 1 21 17 11 6 20
24 21 19 14 0 23 21 7 4 11
17 19 3 7 11 0 20 2 12 5
1 19 16 6 20 8 0 20 20 10
5 13 13 14 12 2 3 0 24 20
19 21 24 3 3 10 6 15 0 17
3 3 12 2 24 2 8 14 13 0

0 12 20 11 17 20 19 22 1 10
10 0 9 15 5 1 6 14 20 6
6 9 0 9 5 17 1 13 17 13
21 1 4 0 17 22 16 22 4 23
1 16 12 7 0 20 18 20 24 24
6 6 25 1 10 0 3 19 18 8
12 13 13 2 25 16 0 7 22 19
13 16 1 24 19 21 20 0 12 19
15 4 10 19 23 14 2 3 0 19
20 7 9 1 19 9 17 16 10 0
