15 10 3
10    1  8 14    1  4 75    2  3 12  2 12    2  2 38  5 38    1  0 76    2  5 97  7 97    2  9 12  7 12    3  1 29  9 29  6 29    3  7 44  3 44  9 44    2  6 66  0 66
10    3  5 38  2 38  9 38    2  3 82  4 82    2  2 85  1 85    2  4 58  5 58    3  6 87  3 87  0 87    1  9 89    2  0 43  8 43    1  1 80    1  7 69    3  8 92  0 92  4 92
10    3  9 5  3 5  7 5    3  1 84  3 84  9 84    1  0 43    2  6 48  5 48    1  4 8    1  7 7    3  3 41  2 41  1 41    1  5 61    2  8 66  9 66    3  2 14  1 14  9 14
10    1  2 42    3  1 8  9 8  0 8    3  0 96  1 96  2 96    2  5 19  2 19    1  4 59    3  7 97  1 97  3 97    3  9 73  4 73  2 73    1  8 43    1  3 74    2  6 41  0 41
10    2  6 55  0 55    2  2 70  9 70    2  3 75  0 75    2  8 42  3 42    2  4 37  0 37    1  7 23    1  1 48    2  5 5  1 5    2  9 38  4 38    3  0 7  7 7  5 7
10    2  8 9  1 9    3  2 72  8 72  5 72    3  7 31  4 31  2 31    3  0 79  7 79  2 79    1  5 73    2  3 95  4 95    1  4 25    2  6 43  5 43    3  9 60  6 60  4 60    2  1 56  2 56
10    3  0 97  7 97  5 97    2  2 64  1 64    2  3 78  6 78    1  5 21    2  4 94  8 94    3  9 31  1 31  8 31    2  8 53  0 53    1  6 16    1  7 86    3  1 7  2 7  7 7
10    1  3 86    2  7 85  0 85    1  9 63    2  0 61  6 61    3  2 65  0 65  9 65    2  4 30  1 30    2  5 32  7 32    1  1 33    1  8 44    3  6 59  1 59  4 59
10    3  2 44  9 44  7 44    3  3 16  1 16  8 16    1  4 11    3  6 45  8 45  9 45    1  1 30    2  9 84  0 84    3  8 93  0 93  5 93    2  0 60  1 60    1  5 61    1  7 90
10    3  7 36  0 36  4 36    1  8 31    3  4 47  0 47  9 47    1  6 52    2  0 32  3 32    3  5 11  2 11  4 11    1  2 28    1  9 35    3  3 20  6 20  4 20    1  1 49
10    3  8 20  2 20  0 20    3  6 49  5 49  1 49    1  7 74    1  4 10    2  5 17  7 17    2  3 34  4 34    2  0 85  4 85    3  2 77  1 77  8 77    1  9 68    3  1 84  5 84  9 84
10    3  1 85  8 85  3 85    1  5 7    3  8 71  7 71  5 71    2  6 59  8 59    2  4 76  5 76    1  0 17    3  3 29  5 29  9 29    3  2 17  4 17  7 17    3  7 48  0 48  8 48    2  9 13  3 13
10    1  2 15    1  6 87    2  7 11  2 11    1  1 39    1  4 39    1  8 43    3  0 19  2 19  4 19    3  3 32  0 32  4 32    2  9 16  8 16    2  5 64  6 64
10    1  6 32    2  2 92  1 92    2  5 33  6 33    2  8 82  1 82    3  1 83  3 83  4 83    3  7 57  4 57  9 57    1  9 99    3  4 91  9 91  8 91    3  3 99  0 99  9 99    3  0 8  2 8  7 8
10    2  4 88  0 88    3  7 7  1 7  4 7    2  8 27  7 27    3  1 38  8 38  0 38    2  3 91  4 91    1  2 69    2  6 21  3 21    3  9 62  8 62  0 62    1  5 39    2  0 48  8 48

0 8 25 11 9 6 9 11 2 10 9 1 20 16 20
5 0 14 25 3 16 8 12 19 3 22 16 1 8 20
6 22 0 24 6 3 18 2 11 24 8 21 7 12 14
17 1 23 0 23 6 14 11 22 11 10 22 9 5 20
12 24 20 8 0 1 18 16 8 15 13 10 2 11 6
9 4 7 2 23 0 10 7 25 25 9 10 14 18 16
8 2 12 17 18 12 0 13 6 25 6 22 15 18 23
7 11 24 1 20 1 15 0 7 24 19 5 16 9 9
15 6 3 1 21 2 2 17 0 2 11 20 7 16 10
24 20 23 25 18 2 1 13 3 0 15 8 7 15 16
12 14 20 1 21 4 7 3 6 12 0 14 12 6 11
12 11 1 1 13 1 4 25 13 12 5 0 24 18 3
22 4 22 4 17 5 5 22 19 7 4 8 0 7 12
22 24 16 11 14 10 10 24 1 15 9 3 9 0 24
11 5 10 5 18 21 3 23 8 15 23 21 14 16 0

0 24 9 13 9 10 3 21 25 20 16 9 11 10 17
3 0 8 13 6 15 18 20 18 5 23 6 1 19 3
22 12 0 17 21 24 11 2 22 7 6 16 6 16 1
20 18 25 0 5 19 25 16 25 22 6 6 24 10 23
16 9 22 4 0 20 23 1 4 16 21 7 6 20 10
15 20 9 2 23 0 20 25 20 4 7 24 18 10 7
16 2 7 15 15 20 0 22 12 25 23 20 17 19 2
4 8 6 20 5 7 10 0 15 24 6 10 7 16 18
18 18 16 1 11 16 18 13 0 24 10 17 13 8 8
9 7 10 4 13 3 12 17 25 0 6 8 1 24 10
2 6 15 8 2 15 15 24 13 16 0 15 22 22 23
2 21 14 6 9 9 13 24 6 8 7 0 20 9 11
17 7 15 12 24 19 16 13 24 2 12 12 0 13 17
24 8 19 10 10 1 3 10 15 10 12 18 14 0 23
23 8 5 6 5 24 6 3 9 22 7 6 25 2 0

0 19 11 19 15 24 20 9 18 17 25 24 15 12 14
7 0 17 6 4 6 16 25 5 3 15 24 14 16 10
3 12 0 13 3 5 3 9 4 16 15 25 7 12 2
8 23 22 0 14 13 1 21 14 10 12 2 17 11 14
6 2 24 11 0 2 14 2 10 9 1 10 21 14 20
13 15 8 23 25 0 11 20 17 9 11 20 12 14 7
20 10 19 17 12 23 0 13 10 3 15 6 1 10 3
1 5 8 22 15 15 18 0 12 7 3 15 14 15 1
21 5 23 1 14 12 9 15 0 14 9 10 4 22 19
10 16 7 10 23 9 20 6 7 0 2 10 8 23 14
10 23 23 22 8 4 12 7 19 2 0 15 18 21 12
13 10 9 7 3 24 15 23 15 6 25 0 8 16 20
9 2 18 10 5 16 3 2 24 19 9 23 0 7 19
22 13 8 14 9 3 3 8 9 11 16 8 7 0 10
18 7 1 9 13 24 19 11 21 4 5 13 17 8 0

0 20 7 17 2 4 17 24 5 6 15 8 10 9 13
23 0 24 8 21 7 5 10 10 4 8 13 18 2 17
17 4 0 13 2 17 13 12 13 2 23 17 13 7 21
7 25 12 0 3 23 17 17 18 9 3 24 22 10 18
3 4 2 1 0 3 21 22 1 17 8 21 6 18 13
17 9 7 20 21 0 13 15 9 24 11 16 20 17 20
11 4 25 12 3 14 0 11 3 5 1 21 10 10 20
8 24 5 1 2 6 4 0 20 2 15 11 4 25 24
13 2 20 22 5 16 23 25 0 20 18 2 24 14 13
2 17 7 18 22 14 5 20 13 0 4 21 24 18 23
1 6 1 13 24 21 5 14 1 9 0 12 8 20 17
2 1 22 18 17 8 8 21 3 18 23 0 11 3 13
24 6 16 3 25 14 2 1 6 25 16 1 0 21 3
2 1 7 25 13 19 11 23 22 9 15 25 20 0 23
16 15 4 11 22 8 6 24 5 23 7 6 9 8 0

0 13 8 5 23 17 10 14 15 15 4 23 10 22 16
12 0 25 16 1 13 4 23 10 25 8 9 20 1 14
1 3 0 20 6 2 13 16 6 25 5 1 19 6 23
15 4 11 0 14 3 18 23 14 20 24 16 23 14 22
16 7 8 9 0 18 1 4 11 11 4 10 2 12 6
24 24 6 7 7 0 8 12 19 18 5 16 10 8 2
19 10 22 4 12 20 0 18 9 2 15 16 17 23 7
12 4 19 18 25 4 10 0 13 25 12 11 22 4 4
5 2 22 22 2 2 13 20 0 22 25 13 14 7 13
6 17 19 11 1 3 19 1 2 0 13 2 22 24 22
17 8 22 6 11 17 23 1 14 25 0 9 8 14 9
25 18 1 15 7 21 15 18 7 18 12 0 16 22 4
1 4 23 4 3 11 12 20 24 14 12 8 0 3 24
16 14 2 15 21 17 4 4 3 4 2 18 24 0 3
5 13 1 2 19 10 18 21 4 3 5 14 16 5 0

0 1 22 1 20 23 8 8 17 15 23 12 24 21 25
1 0 23 1 17 18 10 16 4 23 21 18 11 19 3
4 13 0 4 2 23 23 13 23 12 25 18 13 9 12
22 3 17 0 7 21 2 10 5 2 22 4 13 21 2
12 15 15 11 0 9 23 12 7 19 22 5 1 8 3
4 7 10 11 15 0 3 17 10 16 5 2 21 1 12
4 20 23 19 18 1 0 9 23 8 21 25 18 1 12
5 17 14 10 18 6 3 0 6 12 8 10 2 16 13
25 25 21 21 6 1 7 13 0 6 8 25 20 24 1
19 18 25 24 18 25 14 17 4 0 10 14 22 7 11
3 16 4 2 17 7 18 6 23 2 0 12 1 4 8
7 2 11 19 12 9 21 3 24 18 3 0 21 13 16
5 9 15 6 23 5 8 4 2 10 21 16 0 14 8
6 19 23 13 25 25 1 13 5 3 5 13 13 0 2
9 13 3 17 19 7 19 16 7 14 24 25 9 8 0

0 12 16 12 4 1 18 12 22 3 3 15 5 25 10
23 0 11 18 16 12 2 2 1 13 4 11 14 13 21
3 6 0 8 7 22 12 7 11 14 2 11 12 22 7
24 7 4 0 12 19 17 10 25 12 19 19 14 19 4
9 8 19 16 0 8 8 2 6 19 19 22 16 21 11
18 4 2 7 6 0 13 24 9 6 20 10 19 16 14
23 2 21 19 8 9 0 21 16 13 17 16 25 19 20
21 2 22 11 22 8 4 0 7 20 8 9 22 14 15
21 1 22 2 9 10 22 25 0 4 10 22 11 11 2
15 19 15 9 2 21 11 1 10 0 11 22 10 21 19
21 9 10 2 14 13 17 2 19 4 0 1 6 3 5
2 12 4 2 12 14 4 9 23 25 15 0 7 16 17
21 24 13 4 17 1 11 5 17 1 17 8 0 7 6
8 4 13 22 7 4 21 13 13 22 22 14 8 0 3
25 20 12 14 24 1 7 24 12 8 18 14 12 12 0

0 24 8 24 2 11 1 25 22 13 23 19 10 9 16
2 0 14 4 4 24 9 18 22 1 9 17 11 21 12
22 1 0 21 18 4 4 21 3 18 19 22 15 11 4
13 4 12 0 15 11 22 15 15 22 13 13 15 5 19
12 8 23 15 0 4 23 4 5 22 23 4 17 4 24
23 8 10 2 2 0 6 11 18 8 15 21 6 19 15
1 20 9 2 14 25 0 15 13 25 22 6 23 11 1
22 3 14 1 17 21 18 0 25 2 3 5 19 4 9
24 13 7 12 10 20 3 10 0 17 19 8 23 6 3
14 7 11 9 24 19 11 9 23 0 6 11 16 17 7
2 20 11 24 6 11 7 11 4 9 0 18 23 14 15
15 10 12 23 16 9 8 20 2 15 2 0 14 4 20
8 20 2 4 18 16 4 8 9 7 19 20 0 7 15
1 21 4 17 9 22 2 2 20 25 2 8 9 0 13
24 21 8 11 5 10 5 9 11 20 25 11 15 9 0

0 15 17 18 19 24 23 6 19 10 20 11 8 20 17
12 0 23 6 7 12 8 1 20 9 25 21 1 8 13
15 13 0 20 20 22 25 21 23 8 8 5 5 21 24
8 24 8 0 25 15 20 10 11 8 14 2 13 7 21
22 6 18 6 0 1 16 19 17 9 22 14 17 2 6
23 3 17 1 5 0 20 19 24 3 1 8 2 17 16
23 11 5 3 7 20 0 13 7 10 7 9 3 7 11
1 12 18 11 13 23 9 0 14 5 20 8 2 25 17
17 7 25 7 15 19 17 12 0 2 6 23 12 18 3
15 16 4 5 6 18 25 1 7 0 1 14 5 21 19
11 6 9 11 24 24 17 1 12 13 0 16 10 8 9
12 3 3 12 22 25 13 15 10 25 12 0 11 23 18
2 14 17 21 8 5 15 10 8 1 3 14 0 6 8
24 16 22 19 9 8 18 21 8 10 7 20 14 0 7
9 16 18 6 11 7 10 17 25 12 23 12 4 19 0

0 8 4 8 19 1 20 6 6 7 9 15 21 12 15
12 0 6 23 13 20 1 2 9 3 6 22 5 20 14
20 8 0 19 14 5 15 25 10 2 11 20 16 15 1
22 25 14 0 22 7 11 20 13 25 18 14 13 23 10
21 17 8 21 0 1 1 17 8 23 12 14 7 21 15
21 2 9 21 15 0 21 17 13 9 15 8 1 15 4
19 22 5 13 25 18 0 16 14 4 23 10 23 23 7
19 8 25 3 12 21 19 0 11 16 8 2 2 11 22
23 17 13 13 7 7 25 23 0 23 21 13 16 14 16
9 18 5 13 22 17 8 19 16 0 23 19 2 3 14
24 19 19 25 14 6 16 9 6 16 0 25 1 25 11
4 20 14 18 14 18 13 4 17 24 14 0 3 13 23
12 11 9 25 4 24 4 5 13 2 1 19 0 7 12
17 25 24 3 4 24 25 17 25 18 20 16 21 0 23
25 7 11 20 12 16 4 2 13 15 13 6 25 12 0
