10 5 5
15    3  0 42  1 42  2 42    1  2 62    1  2 22    2  0 16  3 16    3  0 96  2 96  4 96    3  1 24  3 24  4 24    2  1 63  4 63    4  0 29  1 29  2 29  4 29    3  1 83  3 83  4 83    3  0 23  1 23  4 23    1  2 66    1  4 29    1  4 11    3  0 62  2 62  4 62    2  0 94  3 94
20    3  1 41  2 41  3 41    5  0 90  1 90  2 90  3 90  4 90    3  1 63  3 63  4 63    1  0 45    5  0 91  1 91  2 91  3 91  4 91    3  0 73  1 73  3 73    1  0 31    4  0 97  1 97  2 97  4 97    3  0 11  1 11  4 11    1  0 20    3  1 90  2 90  4 90    1  2 21    3  0 78  2 78  3 78    2  1 37  2 37    4  0 68  1 68  2 68  4 68    2  1 48  4 48    2  3 55  4 55    1  0 38    4  0 49  1 49  2 49  4 49    4  1 69  2 69  3 69  4 69
23    2  1 73  3 73    5  0 80  1 80  2 80  3 80  4 80    3  0 83  2 83  3 83    2  1 39  2 39    1  1 98    2  2 71  4 71    4  0 24  1 24  2 24  3 24    2  0 89  4 89    3  2 73  3 73  4 73    4  0 44  1 44  2 44  3 44    4  1 61  2 61  3 61  4 61    2  0 53  2 53    2  1 35  4 35    2  1 95  4 95    3  0 33  1 33  4 33    2  1 59  4 59    3  2 68  3 68  4 68    4  0 61  1 61  3 61  4 61    4  0 56  2 56  3 56  4 56    2  1 28  4 28    4  0 18  1 18  3 18  4 18    2  3 35  4 35    1  3 73
18    1  4 78    4  1 70  2 70  3 70  4 70    1  4 65    3  0 44  2 44  4 44    2  2 56  4 56    3  1 60  3 60  4 60    3  1 69  2 69  4 69    5  0 94  1 94  2 94  3 94  4 94    2  1 28  3 28    3  1 63  2 63  4 63    2  3 17  4 17    2  0 61  1 61    2  1 34  3 34    2  2 96  3 96    4  0 31  1 31  2 31  3 31    4  0 82  1 82  3 82  4 82    5  0 40  1 40  2 40  3 40  4 40    2  2 63  4 63
21    1  3 95    4  0 68  2 68  3 68  4 68    3  0 91  3 91  4 91    3  1 43  2 43  3 43    3  1 32  2 32  4 32    3  0 54  1 54  4 54    4  0 92  2 92  3 92  4 92    2  0 40  3 40    2  0 84  4 84    1  3 38    2  0 94  1 94    3  2 63  3 63  4 63    1  0 99    2  3 45  4 45    3  0 28  2 28  3 28    4  0 59  1 59  3 59  4 59    1  1 97    1  0 69    3  0 61  2 61  4 61    2  0 98  4 98    2  0 42  3 42
15    4  0 100  1 100  3 100  4 100    2  0 68  1 68    1  3 83    5  0 69  1 69  2 69  3 69  4 69    2  3 17  4 17    2  1 26  4 26    3  1 29  3 29  4 29    4  0 20  1 20  2 20  4 20    4  0 100  1 100  2 100  3 100    2  0 87  1 87    1  4 67    5  0 16  1 16  2 16  3 16  4 16    2  0 86  3 86    3  1 36  3 36  4 36    5  0 73  1 73  2 73  3 73  4 73
17    2  0 41  3 41    3  1 100  3 100  4 100    2  0 23  3 23    2  0 33  3 33    3  1 92  2 92  3 92    4  0 74  2 74  3 74  4 74    4  0 90  1 90  3 90  4 90    1  0 49    1  0 34    1  3 47    3  1 62  2 62  3 62    2  0 59  4 59    1  4 98    2  1 73  2 73    3  0 79  2 79  4 79    3  0 10  1 10  3 10    4  0 32  1 32  2 32  4 32
25    2  0 55  2 55    2  0 53  1 53    2  2 19  4 19    1  0 55    4  1 88  2 88  3 88  4 88    2  2 46  4 46    1  0 73    1  0 30    3  0 48  2 48  3 48    1  0 50    3  1 37  2 37  4 37    3  0 75  2 75  4 75    2  2 36  3 36    4  0 71  2 71  3 71  4 71    3  1 66  2 66  3 66    4  1 39  2 39  3 39  4 39    3  1 17  3 17  4 17    2  1 30  4 30    3  2 42  3 42  4 42    3  1 94  2 94  3 94    1  1 59    2  0 36  3 36    2  0 68  3 68    2  0 21  4 21    1  4 25
23    1  4 65    2  1 58  2 58    2  0 65  2 65    3  0 36  1 36  3 36    2  2 45  3 45    2  1 82  3 82    2  0 42  3 42    4  0 82  1 82  2 82  3 82    2  1 51  3 51    3  2 75  3 75  4 75    3  0 35  2 35  4 35    3  1 78  2 78  4 78    1  0 43    2  2 77  4 77    3  0 42  2 42  4 42    2  0 18  1 18    4  0 63  1 63  2 63  3 63    3  1 99  3 99  4 99    3  0 16  2 16  3 16    3  1 34  2 34  4 34    3  1 99  3 99  4 99    1  1 87    3  0 46  2 46  4 46
19    4  1 81  2 81  3 81  4 81    3  0 41  1 41  3 41    2  0 58  4 58    2  0 57  3 57    2  0 30  3 30    2  0 60  2 60    2  1 52  2 52    1  4 92    3  0 32  1 32  4 32    5  0 80  1 80  2 80  3 80  4 80    3  0 42  2 42  4 42    1  1 33    3  0 40  2 40  3 40    2  0 80  4 80    3  0 72  2 72  3 72    3  0 64  2 64  4 64    4  1 77  2 77  3 77  4 77    3  0 23  1 23  4 23    2  0 50  4 50

0 18 10 1 18 27 11 15 5 23
14 0 20 15 17 26 25 26 26 21
18 7 0 7 19 17 3 4 26 3
26 17 11 0 25 17 13 1 25 3
22 16 25 28 0 24 11 19 15 25
23 1 16 11 12 0 25 3 16 13
20 4 24 10 16 25 0 28 25 6
9 20 20 5 29 11 12 0 11 9
28 21 23 6 3 24 9 8 0 1
18 5 19 12 19 11 19 20 8 0

0 9 1 23 1 17 21 5 29 29
13 0 6 4 22 14 18 9 27 10
18 23 0 18 23 7 7 28 7 16
22 28 15 0 8 21 11 11 29 13
19 9 27 8 0 23 23 18 5 12
26 28 8 28 22 0 16 5 19 26
4 1 4 23 1 23 0 28 21 23
6 6 29 12 26 16 22 0 16 10
9 23 23 28 18 12 11 1 0 26
8 2 1 9 1 26 9 27 23 0

0 10 4 18 28 4 6 6 24 14
11 0 14 3 3 18 7 23 22 11
21 14 0 27 13 29 19 21 27 11
28 26 7 0 28 18 1 12 3 12
15 23 20 13 0 16 24 14 8 5
6 15 3 11 9 0 29 1 6 28
15 21 11 25 19 11 0 22 16 1
15 19 19 6 1 22 8 0 27 20
6 26 26 23 18 17 7 7 0 27
3 28 12 11 9 3 4 16 25 0

0 12 29 28 29 23 18 19 13 8
8 0 26 5 12 8 7 11 6 13
1 13 0 13 6 2 9 14 1 17
29 23 6 0 2 28 8 8 6 28
20 21 5 11 0 5 17 7 4 14
20 13 5 23 16 0 21 15 10 23
23 21 1 4 19 13 0 20 29 24
28 12 6 3 15 13 19 0 10 21
6 21 24 9 24 18 20 21 0 15
24 9 3 9 16 9 21 6 1 0

0 2 4 8 9 11 18 28 17 27
26 0 26 7 27 2 24 8 4 1
16 23 0 26 18 2 16 25 22 17
2 29 3 0 5 21 11 28 19 5
22 22 3 7 0 6 9 18 20 4
18 16 12 25 13 0 16 19 2 9
17 17 23 19 19 10 0 14 26 28
8 13 16 12 5 26 27 0 21 28
11 25 25 15 24 19 16 3 0 9
28 9 6 10 1 1 2 21 12 0
