20 5 5
5    3  1 34  2 34  3 34    3  1 21  3 21  4 21    5  0 53  1 53  2 53  3 53  4 53    2  3 55  4 55    2  3 95  4 95
5    3  0 21  3 21  4 21    4  0 52  1 52  3 52  4 52    2  1 71  4 71    1  4 16    3  2 26  3 26  4 26
5    4  0 12  1 12  3 12  4 12    2  0 42  1 42    4  0 31  1 31  2 31  4 31    2  0 98  4 98    2  0 39  3 39
5    2  1 66  2 66    2  3 77  4 77    4  0 79  1 79  3 79  4 79    2  0 55  1 55    4  0 77  1 77  3 77  4 77
5    3  0 83  1 83  3 83    3  2 37  3 37  4 37    1  3 34    2  1 19  2 19    1  2 64
5    2  3 79  4 79    1  2 43    2  0 92  3 92    3  1 62  3 62  4 62    2  0 54  1 54
5    4  0 93  1 93  2 93  3 93    1  4 77    2  1 87  2 87    3  0 87  1 87  3 87    3  0 69  2 69  3 69
5    3  1 83  3 83  4 83    5  0 24  1 24  2 24  3 24  4 24    2  0 41  1 41    1  2 38    4  0 60  1 60  2 60  4 60
5    3  0 25  1 25  4 25    2  1 49  4 49    2  0 44  3 44    1  2 98    4  0 17  2 17  3 17  4 17
5    2  0 96  4 96    2  1 75  4 75    3  2 43  3 43  4 43    4  1 77  2 77  3 77  4 77    2  1 79  3 79
5    3  0 95  2 95  4 95    2  1 76  3 76    2  0 7  1 7    2  3 28  4 28    3  2 35  3 35  4 35
5    2  2 10  4 10    2  2 95  4 95    3  0 61  1 61  4 61    2  0 9  1 9    3  0 35  3 35  4 35
5    3  1 91  2 91  4 91    2  0 59  2 59    2  2 59  4 59    3  0 46  1 46  2 46    1  3 16
5    1  2 27    2  1 52  4 52    2  2 43  4 43    3  0 28  1 28  3 28    3  2 50  3 50  4 50
5    4  0 9  2 9  3 9  4 9    3  0 87  1 87  2 87    2  1 41  3 41    5  0 39  1 39  2 39  3 39  4 39    3  0 45  1 45  3 45
5    3  1 54  2 54  4 54    2  0 20  4 20    4  1 43  2 43  3 43  4 43    4  0 14  1 14  2 14  3 14    2  1 71  2 71
5    3  1 33  3 33  4 33    2  0 28  1 28    1  3 26    3  0 78  1 78  4 78    1  2 37
5    3  0 89  1 89  4 89    2  0 33  3 33    3  0 8  2 8  4 8    1  3 66    2  3 42  4 42
5    1  4 84    2  0 69  1 69    3  0 94  2 94  4 94    3  0 74  1 74  3 74    2  0 27  3 27
5    3  2 81  3 81  4 81    2  2 45  4 45    3  0 78  1 78  2 78    4  0 69  1 69  3 69  4 69    2  0 96  3 96

0 16 13 26 23 11 24 12 11 14 4 25 11 6 3 26 6 26 14 5
16 0 22 7 22 21 9 22 11 26 21 23 7 20 19 7 18 10 20 19
11 26 0 16 14 2 10 21 17 1 10 24 10 9 27 15 24 22 24 18
1 20 15 0 23 23 25 17 22 7 22 10 2 26 27 2 12 16 13 6
3 5 26 26 0 27 20 4 5 9 16 9 9 10 20 15 10 2 17 14
11 20 11 4 17 0 4 18 8 16 21 17 27 16 6 14 1 4 17 11
18 6 24 26 7 9 0 14 27 7 16 22 19 24 19 27 12 26 4 1
1 19 15 23 10 24 11 0 12 13 6 5 25 18 3 25 16 4 15 23
17 6 12 22 6 9 8 10 0 18 12 19 14 6 2 4 2 14 3 14
4 3 15 27 20 4 16 22 8 0 9 16 21 23 22 5 15 6 5 5
12 25 7 23 7 4 23 16 4 8 0 23 16 8 27 2 2 7 13 25
23 2 13 7 26 22 17 20 20 3 2 0 24 18 27 22 12 9 5 17
2 15 9 10 12 21 22 24 19 3 25 3 0 14 24 3 1 1 15 11
9 24 4 16 2 21 12 2 19 1 27 1 14 0 5 20 15 27 20 16
4 1 8 27 7 26 12 25 4 22 8 23 20 8 0 23 14 18 16 2
13 3 12 5 9 24 24 22 27 11 20 14 5 26 9 0 10 25 11 12
16 2 25 26 21 1 6 5 4 16 11 19 25 1 16 11 0 4 21 23
9 16 19 9 27 25 6 19 12 12 23 1 14 19 23 13 24 0 6 27
26 15 3 1 4 3 9 25 25 12 14 27 20 18 19 2 3 13 0 1
18 22 25 3 26 17 24 23 11 20 20 4 27 11 19 16 5 11 19 0

0 20 1 15 20 4 10 11 8 9 7 14 16 19 20 20 11 18 16 3
3 0 26 20 3 15 4 17 18 11 17 24 9 21 13 2 23 7 16 26
13 8 0 18 26 14 4 26 2 4 26 24 3 12 14 1 1 22 15 18
26 2 10 0 2 24 23 12 19 27 8 16 2 4 3 14 3 16 10 19
13 17 18 16 0 17 4 26 24 24 11 23 4 24 20 8 2 16 3 19
18 8 25 22 20 0 14 23 24 27 2 13 17 26 27 17 27 7 6 16
3 12 24 12 9 23 0 4 18 8 27 25 16 16 7 6 11 14 15 26
6 3 6 14 25 14 8 0 2 25 10 13 3 5 10 1 18 10 8 22
11 26 22 2 17 5 25 19 0 14 24 20 18 23 14 3 12 24 21 3
3 11 9 10 10 18 17 9 3 0 17 23 4 21 12 13 7 23 21 25
17 22 12 22 17 16 9 12 5 9 0 5 22 24 27 7 27 8 25 5
19 26 15 11 5 19 16 2 18 3 2 0 19 20 13 14 13 20 21 25
11 6 24 9 11 3 18 25 24 14 15 3 0 17 24 17 1 26 17 2
24 26 14 6 5 14 26 2 27 12 27 2 19 0 26 20 25 14 8 11
5 6 8 21 27 5 26 14 10 19 27 9 23 10 0 13 5 24 17 25
27 14 27 7 24 20 15 5 24 8 18 24 2 6 19 0 14 17 20 26
22 7 11 2 7 13 18 17 12 20 24 11 8 20 16 8 0 12 5 19
16 11 13 22 17 27 4 21 4 24 8 24 14 20 5 3 27 0 10 15
5 14 10 3 1 5 4 8 18 8 12 14 1 2 24 26 16 6 0 16
3 22 21 18 17 11 27 9 10 19 17 4 8 19 14 2 14 6 11 0

0 3 14 9 20 26 5 9 24 23 17 7 6 11 11 25 7 14 20 24
4 0 27 14 20 15 22 20 2 4 13 17 16 11 20 5 15 13 14 7
10 25 0 10 20 14 17 16 19 15 1 10 9 14 18 19 12 17 8 3
7 21 27 0 23 4 21 20 25 1 2 6 5 7 10 3 25 5 22 19
20 18 22 25 0 4 11 2 26 19 16 3 9 3 8 11 3 10 2 17
14 21 2 14 13 0 16 18 2 11 27 6 11 21 1 5 19 3 12 2
27 3 9 24 16 21 0 10 22 3 25 17 7 21 5 10 11 17 9 21
23 7 27 4 19 22 21 0 27 25 25 6 24 16 22 10 16 1 16 13
16 7 18 1 4 9 3 2 0 27 5 1 20 4 26 18 27 2 21 15
18 11 15 18 6 19 23 20 20 0 8 9 5 25 24 24 8 9 7 10
20 17 12 9 27 18 8 4 20 1 0 6 5 11 16 11 4 7 11 7
26 6 15 5 6 27 11 20 23 19 17 0 25 25 22 11 3 26 2 7
10 3 10 15 18 4 14 8 14 14 14 6 0 1 13 18 26 1 19 5
27 22 20 16 12 9 5 23 13 13 24 10 2 0 25 7 3 12 22 4
14 21 8 6 12 18 23 12 1 7 25 7 7 18 0 9 1 4 6 25
7 4 24 13 10 19 10 10 4 17 21 8 5 27 22 0 12 25 11 17
17 20 3 7 10 8 9 14 1 13 27 12 3 21 17 9 0 15 10 25
7 1 16 4 23 10 20 10 17 20 14 3 25 13 19 14 26 0 1 15
25 19 14 2 14 6 8 6 13 1 1 19 4 1 6 27 10 18 0 22
10 22 27 14 26 1 15 23 3 26 10 21 10 23 26 20 4 17 6 0

0 17 17 11 3 16 8 25 1 6 26 18 14 27 9 17 10 20 8 4
26 0 9 18 20 23 16 15 21 3 9 19 15 11 17 8 14 1 8 12
19 3 0 14 5 19 10 11 9 26 19 23 9 6 6 24 27 1 6 23
27 22 11 0 26 11 13 9 2 27 8 20 24 12 10 7 15 13 11 1
8 7 15 19 0 1 17 15 26 16 17 6 27 18 4 13 26 23 8 8
19 20 9 19 25 0 18 15 6 24 1 20 25 1 24 6 12 4 12 27
22 16 15 22 7 18 0 21 14 8 9 14 18 24 22 14 21 22 24 15
8 22 10 14 6 22 27 0 22 2 19 7 8 21 12 7 26 26 20 26
20 8 16 2 27 14 1 12 0 26 21 14 15 10 17 20 4 11 5 19
21 11 2 14 6 21 19 9 27 0 13 22 25 23 5 16 26 23 23 4
18 12 13 5 1 25 23 10 8 22 0 23 17 20 18 23 6 20 18 17
1 25 14 17 3 9 25 26 11 27 1 0 11 14 22 20 14 20 2 18
10 7 27 2 11 1 27 10 10 22 6 18 0 2 17 1 4 26 27 5
21 6 7 14 12 10 1 18 21 1 12 11 4 0 27 10 8 6 26 17
17 27 12 9 6 14 16 7 23 24 19 19 10 12 0 22 13 20 16 25
6 20 1 23 3 13 12 9 9 19 18 27 27 4 20 0 19 9 9 8
10 15 9 4 1 12 12 14 27 2 15 1 2 1 10 16 0 16 17 2
17 24 13 24 18 11 12 14 5 8 11 15 16 5 16 15 5 0 18 4
6 21 10 22 27 24 11 2 17 17 23 5 2 4 2 13 13 5 0 14
2 1 23 2 18 5 15 5 18 9 23 1 4 20 11 22 21 26 21 0

0 14 13 25 23 19 1 12 9 20 27 1 5 16 27 8 23 23 24 17
7 0 16 23 12 27 21 17 18 14 20 23 21 25 26 25 17 16 18 5
9 20 0 20 19 15 26 15 17 9 10 8 21 27 26 23 19 7 7 10
21 17 3 0 12 21 6 22 7 23 1 8 7 3 11 6 7 25 27 21
22 11 24 1 0 1 21 22 26 24 27 1 6 8 5 27 7 17 17 22
20 16 5 8 17 0 1 14 23 14 20 24 26 11 25 18 3 3 16 4
20 10 12 23 8 11 0 20 12 21 13 12 22 13 2 14 20 14 17 27
17 11 24 23 11 6 22 0 4 27 10 10 15 17 22 11 16 2 12 2
2 25 16 23 3 23 2 24 0 21 12 1 22 9 9 22 1 4 17 24
1 10 8 25 24 1 24 16 9 0 17 1 1 10 5 26 25 3 16 2
17 27 16 19 8 19 2 20 17 2 0 20 6 5 19 14 19 21 25 10
25 23 16 10 9 9 4 1 14 4 9 0 7 23 8 27 16 5 15 7
19 18 18 18 13 24 14 12 12 26 7 23 0 12 1 18 17 25 22 19
13 11 13 9 8 18 16 19 6 20 1 21 9 0 15 27 5 12 13 21
3 22 19 10 6 23 1 27 18 6 1 19 21 25 0 13 18 11 8 7
1 11 21 6 1 22 27 13 15 26 14 27 12 13 1 0 22 13 22 7
10 24 10 7 26 2 16 23 12 7 6 5 17 12 24 10 0 19 21 26
14 7 14 6 23 5 22 26 27 13 12 9 9 9 7 9 11 0 4 13
20 23 15 20 7 22 18 12 4 9 16 9 4 17 27 14 9 9 0 21
3 14 11 26 11 21 10 22 5 4 16 9 21 24 23 26 14 22 8 0
