10 5 3
5    1  0 20    1  3 87    2  1 31  2 31    2  4 76  0 76    1  2 17
5    2  4 25  2 25    2  2 32  4 32    3  0 24  1 24  4 24    2  1 18  4 18    2  3 81  0 81
5    3  1 72  2 72  4 72    2  2 23  4 23    2  4 28  1 28    2  0 58  3 58    2  3 99  0 99
5    1  2 86    2  1 76  3 76    1  4 97    1  0 45    3  3 90  0 90  4 90
5    3  4 27  3 27  2 27    3  0 42  3 42  4 42    1  3 48    2  2 17  0 17    1  1 46
5    1  1 67    3  0 98  2 98  1 98    1  4 48    2  3 27  4 27    3  2 62  1 62  4 62
5    1  4 28    3  1 12  4 12  0 12    3  3 19  1 19  2 19    2  0 80  2 80    1  2 50
5    3  1 63  3 63  2 63    2  0 94  2 94    1  2 98    1  3 50    2  4 80  0 80
5    2  4 14  0 14    2  0 75  4 75    2  2 50  0 50    2  1 41  3 41    2  3 55  0 55
5    1  4 72    1  2 18    2  1 37  3 37    2  3 79  2 79    2  0 61  1 61

0 5 22 25 5 19 24 3 23 7
4 0 20 13 9 20 20 7 21 23
8 26 0 5 26 1 26 15 21 14
2 23 5 0 6 9 5 1 16 21
15 20 2 21 0 7 20 3 13 11
11 20 17 20 23 0 8 4 25 6
13 7 9 11 17 12 0 22 17 9
11 16 18 4 14 22 22 0 21 24
17 17 7 26 14 22 6 25 0 25
3 18 4 2 14 19 5 5 24 0

0 21 26 2 24 17 20 17 12 5
26 0 22 22 23 18 25 21 22 1
8 10 0 24 7 7 9 17 18 25
16 5 19 0 7 1 6 3 25 20
8 16 12 12 0 12 5 9 20 20
2 10 12 25 22 0 25 21 19 12
5 17 7 14 16 7 0 19 9 11
9 11 26 22 18 26 15 0 15 16
3 4 8 5 25 22 14 10 0 3
16 12 7 22 14 19 16 23 23 0

0 21 5 13 11 11 24 26 26 8
20 0 20 13 9 14 17 26 20 18
4 20 0 3 14 5 17 1 10 7
23 11 23 0 6 14 17 8 19 8
12 25 19 13 0 19 9 24 8 14
2 15 21 10 20 0 12 8 19 11
17 2 2 21 5 22 0 6 1 13
10 26 23 22 24 13 3 0 14 14
2 25 15 26 22 9 13 21 0 26
18 16 6 14 11 26 26 20 14 0

0 8 26 25 14 15 21 19 6 14
16 0 7 15 24 9 16 2 19 13
16 14 0 16 3 9 26 1 7 2
16 24 10 0 9 16 5 6 12 16
21 20 11 20 0 14 18 7 21 21
17 17 11 26 11 0 10 3 24 18
15 7 24 22 4 12 0 19 26 25
19 13 16 18 5 11 12 0 11 7
9 8 13 14 22 13 8 10 0 23
25 15 5 9 16 16 5 10 14 0

0 16 1 5 15 25 16 20 3 5
24 0 1 12 22 12 13 4 7 21
21 8 0 8 20 2 3 18 13 16
10 4 5 0 2 2 3 13 8 24
9 26 20 23 0 8 16 18 5 15
16 11 18 23 2 0 24 18 10 21
18 6 18 24 25 20 0 9 26 26
7 9 3 9 4 14 15 0 15 26
17 4 18 21 16 7 25 20 0 26
8 24 22 24 20 20 15 12 3 0
