20 10 3
10    1  6 32    1  3 16    1  1 33    1  8 12    2  7 70  9 70    1  4 10    1  9 75    1  0 82    1  5 88    1  2 20
10    1  8 39    1  4 81    2  3 91  8 91    1  5 56    1  9 69    2  1 45  9 45    1  6 59    1  0 86    1  2 36    1  7 68
10    1  3 84    2  2 57  5 57    1  7 41    1  5 73    1  4 81    1  0 88    1  8 38    2  9 17  3 17    1  6 83    1  1 5
10    2  4 20  2 20    1  5 6    1  2 15    1  8 19    1  1 30    1  0 94    1  6 45    1  7 17    1  3 18    1  9 88
10    1  9 24    2  6 49  0 49    1  5 16    1  4 11    2  3 60  2 60    1  7 5    1  8 63    2  1 25  5 25    2  2 15  7 15    2  0 45  7 45
10    1  1 86    1  8 50    1  2 77    1  6 54    1  9 48    1  0 93    1  3 32    1  7 92    1  5 45    1  4 71
10    1  5 86    1  6 90    1  3 78    1  9 88    1  2 57    1  0 32    1  7 57    1  8 86    1  4 71    1  1 39
10    2  2 59  9 59    1  3 18    1  9 31    1  4 41    1  7 20    1  5 83    1  8 65    1  0 54    1  6 94    2  1 69  9 69
10    1  3 47    1  4 79    1  6 76    1  0 59    1  1 72    1  2 8    1  9 30    1  5 73    1  7 57    1  8 84
10    2  0 59  9 59    1  2 89    1  4 10    1  7 45    1  3 8    1  5 54    1  6 88    1  8 20    1  9 7    1  1 62
10    1  5 63    1  6 9    2  4 77  7 77    1  3 37    1  2 5    1  8 13    1  9 79    1  1 24    1  7 10    2  0 82  1 82
10    1  0 74    1  1 32    1  2 61    1  7 53    1  4 92    1  9 20    1  8 10    1  3 5    1  6 45    1  5 23
10    2  2 85  8 85    1  9 51    1  0 61    2  5 99  6 99    1  4 37    1  6 94    2  1 98  0 98    1  8 65    1  3 33    1  7 75
10    2  0 51  7 51    1  3 24    1  5 8    1  6 30    1  7 12    1  8 23    2  2 7  9 7    1  4 17    1  9 35    1  1 81
10    1  1 71    2  5 42  2 42    1  8 68    1  2 31    1  6 29    1  3 63    1  4 65    1  9 70    1  7 27    2  0 93  8 93
10    1  1 28    1  5 38    1  4 51    1  7 70    1  2 33    1  8 78    1  9 45    1  3 90    1  6 54    1  0 72
10    2  0 18  8 18    1  2 90    1  4 25    1  6 92    1  8 85    1  5 35    1  7 29    1  1 81    1  9 80    1  3 59
10    1  5 67    1  2 96    1  1 38    1  4 86    1  0 97    1  3 94    1  7 86    3  6 35  7 35  4 35    1  9 82    1  8 45
10    1  2 92    2  8 51  5 51    1  4 59    1  6 52    1  5 8    1  9 70    1  1 75    1  3 54    1  7 60    1  0 33
10    1  3 98    1  7 80    1  5 78    1  0 82    1  2 7    1  9 89    1  1 69    1  4 51    1  8 79    1  6 62

0 1 7 16 7 7 3 20 26 20 5 3 15 26 12 23 6 17 25 6
26 0 15 27 14 12 13 3 1 25 12 2 26 23 3 25 22 8 17 25
22 24 0 6 8 3 15 11 25 18 9 24 14 20 24 1 15 2 25 26
19 9 21 0 13 5 5 23 20 13 13 26 24 20 9 3 20 11 7 19
19 7 16 24 0 2 7 17 17 23 11 15 21 16 6 26 4 14 24 25
13 23 21 8 5 0 22 14 21 17 14 13 7 8 21 15 6 1 22 1
24 18 15 3 23 16 0 27 8 19 17 1 6 11 10 7 23 6 13 4
19 22 18 15 8 8 8 0 1 21 16 11 11 18 3 21 13 8 6 19
26 17 26 6 23 7 1 19 0 20 26 21 16 20 6 2 4 27 11 11
12 3 12 15 11 9 8 26 2 0 8 16 27 24 3 6 4 13 5 16
23 3 23 16 25 7 27 4 24 4 0 8 16 4 21 14 10 27 6 2
9 13 23 15 7 24 1 18 11 5 19 0 26 21 12 26 21 20 22 7
21 22 24 3 4 18 20 26 11 9 23 20 0 10 14 17 22 24 6 19
13 21 13 18 23 5 16 4 18 15 1 17 27 0 13 5 5 27 10 6
21 3 14 7 14 4 2 6 8 11 5 25 9 9 0 23 23 11 24 16
9 15 25 27 26 5 11 11 19 22 13 27 3 6 8 0 17 2 17 1
5 4 13 14 25 3 13 17 14 24 5 14 17 3 6 25 0 1 15 7
22 27 25 2 24 9 10 22 20 20 25 3 7 13 13 1 11 0 14 1
27 26 27 25 2 3 1 26 14 2 27 23 3 23 2 22 5 25 0 2
3 10 25 3 2 2 12 22 16 14 3 15 1 4 27 25 18 11 15 0

0 14 26 11 1 15 15 7 14 14 25 23 20 23 12 12 17 8 27 14
22 0 18 5 3 18 13 18 7 7 15 21 24 13 6 20 19 17 4 5
6 15 0 15 15 17 24 17 18 4 12 26 15 15 4 13 11 11 11 8
2 12 14 0 26 6 23 14 25 19 24 20 6 15 18 25 19 12 17 9
1 26 13 24 0 25 6 2 25 13 15 13 25 27 6 10 10 14 20 12
1 20 16 4 14 0 10 26 10 1 22 17 23 14 12 24 18 26 25 12
12 13 1 10 20 11 0 1 18 12 12 9 23 1 16 8 10 11 26 10
16 8 25 2 8 25 25 0 18 1 13 12 10 6 4 4 13 7 17 26
15 1 22 17 18 1 4 22 0 26 21 25 25 14 22 8 8 20 11 5
13 23 26 14 21 22 12 18 14 0 26 9 6 3 15 6 16 11 27 25
13 11 19 8 22 7 19 2 17 20 0 14 13 14 5 21 13 4 4 4
26 4 6 14 15 25 13 24 23 18 21 0 25 4 1 15 4 14 18 13
8 9 14 16 3 19 15 12 21 7 4 22 0 18 17 2 2 18 13 17
14 2 16 14 23 21 9 26 6 16 7 13 1 0 18 23 14 6 24 16
16 26 17 11 26 1 12 16 17 19 22 9 12 15 0 12 19 19 4 13
1 8 14 10 18 23 1 24 15 19 24 1 23 9 6 0 7 7 3 21
1 22 7 6 7 19 10 5 20 12 12 23 18 24 14 8 0 19 21 14
21 3 15 22 21 3 10 7 3 18 8 11 10 23 21 3 15 0 10 16
23 9 23 21 7 7 15 7 22 27 6 18 1 3 16 14 6 8 0 12
10 16 12 14 6 11 21 1 10 21 3 1 10 21 10 24 27 2 2 0

0 26 11 9 2 13 7 11 12 20 8 26 3 14 22 22 11 4 17 20
9 0 8 13 16 7 9 19 17 10 17 11 17 8 11 2 16 4 15 4
15 19 0 24 24 7 14 18 13 23 5 17 16 27 2 5 16 13 14 18
22 16 2 0 8 16 8 16 20 23 21 11 21 18 14 16 21 5 26 10
8 21 11 23 0 14 18 16 24 24 26 19 8 3 24 10 20 7 18 26
23 10 8 4 15 0 12 14 5 5 2 9 26 12 1 26 27 21 16 4
3 27 13 3 22 8 0 6 17 2 3 1 2 13 4 21 7 6 20 1
23 6 4 7 11 20 16 0 26 19 11 15 3 10 16 6 6 25 5 12
7 11 12 3 26 21 7 5 0 15 15 12 4 11 27 13 7 16 18 7
17 13 27 23 5 23 7 1 15 0 8 1 26 23 24 1 17 22 6 14
3 12 4 5 25 14 14 6 23 16 0 27 5 26 26 21 5 5 12 27
18 16 21 7 5 25 8 6 24 20 5 0 15 7 23 27 4 8 4 14
11 19 27 24 14 7 23 2 21 10 3 18 0 9 20 27 7 10 26 22
15 10 22 11 9 8 16 27 19 20 19 13 27 0 25 3 21 17 15 3
23 3 15 3 24 12 15 24 6 25 19 27 16 18 0 18 12 27 3 24
10 5 15 24 19 13 20 5 12 15 1 10 1 18 5 0 27 24 3 7
2 27 27 16 25 6 8 25 26 18 18 15 8 17 22 6 0 10 15 4
9 22 12 5 10 27 19 18 5 15 17 13 2 1 24 26 4 0 4 12
17 22 23 12 4 21 10 27 22 14 7 1 18 25 19 4 11 5 0 12
24 14 22 1 7 17 5 1 13 1 6 12 3 9 9 22 9 27 2 0

0 9 11 10 7 12 8 26 15 12 26 21 10 19 21 12 18 13 24 26
27 0 18 10 21 21 18 5 16 8 6 13 17 15 17 20 8 3 10 21
21 27 0 13 6 10 11 15 22 11 10 23 7 17 25 9 5 20 16 25
23 13 10 0 9 26 16 19 4 11 5 23 13 4 3 18 1 2 16 13
17 15 17 27 0 3 5 22 27 23 16 13 24 8 20 12 13 25 4 3
3 12 1 16 2 0 8 8 3 25 10 19 2 20 17 13 22 17 11 15
25 4 27 8 7 10 0 17 19 19 27 22 10 8 2 19 7 11 12 22
6 14 9 13 27 6 21 0 13 23 19 12 19 15 18 11 27 13 19 12
23 19 13 20 23 24 13 21 0 24 7 6 14 24 22 22 6 10 21 1
11 17 13 11 10 8 8 22 20 0 13 22 23 5 5 15 21 24 15 17
3 19 3 9 6 21 20 8 5 14 0 6 3 10 23 11 23 9 27 3
6 25 25 22 15 3 14 23 3 23 22 0 18 1 23 24 6 18 3 5
7 1 13 20 3 27 6 22 2 9 17 9 0 17 27 24 24 26 13 3
6 17 13 16 7 12 25 21 25 4 21 13 15 0 7 10 10 6 17 1
19 11 26 9 17 7 12 8 24 18 7 14 23 6 0 3 27 1 6 5
17 7 23 15 5 19 24 24 25 17 18 11 25 22 13 0 27 24 22 8
2 24 24 25 12 4 17 20 1 14 5 27 21 26 1 8 0 22 6 1
8 24 14 24 27 16 18 15 21 26 12 7 23 1 8 18 26 0 23 5
13 12 8 7 19 19 8 9 6 17 7 6 17 11 14 8 18 19 0 6
8 14 8 23 20 1 6 25 23 27 5 4 15 9 5 26 16 10 5 0

0 3 2 27 5 1 26 3 18 19 13 26 9 6 16 9 7 15 26 6
1 0 23 14 23 4 5 20 17 1 16 1 22 20 24 3 14 23 14 11
22 8 0 20 27 14 17 11 23 17 13 4 19 3 4 6 24 18 25 15
1 16 24 0 17 25 25 15 1 17 15 8 23 20 22 1 18 25 7 18
22 22 4 27 0 8 4 21 11 22 15 17 22 20 10 12 8 25 15 2
25 15 2 16 2 0 1 11 8 25 24 18 8 18 7 23 2 12 4 23
17 13 1 2 22 7 0 13 11 19 22 26 1 10 8 8 20 6 7 7
3 12 4 25 5 3 20 0 12 1 2 12 6 12 14 5 8 7 9 9
18 24 2 14 23 22 7 1 0 19 11 18 18 20 27 26 9 17 24 24
2 6 22 10 12 22 19 27 14 0 24 26 22 2 6 17 14 16 23 18
15 15 3 4 23 16 9 12 17 27 0 23 2 14 11 1 15 6 24 15
27 27 22 23 23 25 26 8 1 19 15 0 12 11 17 22 13 19 17 12
1 2 25 8 14 22 18 26 20 12 4 7 0 11 19 17 18 3 9 8
23 3 2 1 1 2 3 2 10 2 14 7 14 0 21 4 16 1 1 19
13 8 6 16 25 21 18 8 23 21 9 7 15 19 0 7 9 8 24 16
24 6 26 10 15 26 23 26 14 9 10 15 16 10 7 0 3 2 12 2
24 1 7 2 26 20 26 16 22 18 4 24 18 24 4 4 0 3 23 25
16 2 21 21 5 8 12 5 15 12 22 7 25 12 24 18 19 0 7 6
5 22 4 27 22 25 24 21 10 6 16 17 12 25 14 8 22 20 0 18
19 14 20 20 11 8 17 18 16 26 23 8 26 2 27 10 11 19 13 0

0 13 4 15 6 10 12 20 24 8 2 11 27 22 24 7 25 5 24 5
14 0 25 8 2 6 26 12 16 6 11 23 14 5 8 15 10 5 12 24
7 12 0 16 20 14 17 5 9 12 1 14 2 17 14 13 21 1 16 16
4 19 19 0 20 6 3 1 27 27 8 19 6 6 22 21 16 10 17 15
8 4 21 20 0 26 6 1 26 5 9 4 3 22 6 8 3 17 11 20
15 22 8 15 15 0 21 14 15 14 25 27 6 13 25 26 26 2 17 16
15 11 10 1 5 21 0 3 23 18 16 25 4 16 22 2 25 8 4 23
14 9 10 5 15 25 14 0 26 2 8 7 14 23 27 13 7 24 26 17
10 20 8 4 12 2 12 27 0 15 11 20 13 3 10 5 27 16 5 19
4 8 9 20 4 11 6 5 4 0 24 27 6 9 24 2 3 11 23 12
8 27 16 22 20 15 22 8 17 7 0 12 18 21 11 4 12 14 5 16
6 22 26 4 11 13 9 26 21 4 10 0 11 4 22 7 9 13 23 13
27 21 22 18 27 12 20 12 22 20 25 7 0 4 23 13 24 6 12 19
17 13 1 17 15 19 8 17 27 12 5 26 6 0 3 4 12 12 22 9
21 12 21 14 9 22 17 3 3 27 13 19 23 12 0 21 24 27 14 1
5 10 27 1 14 8 4 20 20 16 4 14 22 10 14 0 20 10 5 12
13 9 8 17 5 18 8 17 20 25 6 25 13 15 4 14 0 10 25 24
7 14 24 26 2 22 23 20 9 10 14 12 4 10 27 27 12 0 25 2
26 20 17 22 12 16 12 3 12 6 22 19 2 11 8 21 21 24 0 10
7 21 17 20 12 25 4 17 1 4 26 18 8 20 24 15 4 17 16 0

0 9 5 8 9 14 16 20 18 16 17 2 9 22 27 23 7 5 1 25
19 0 17 6 7 2 14 9 3 13 13 2 3 26 2 7 24 4 20 15
10 14 0 21 1 19 12 4 11 12 6 6 3 21 22 24 18 16 25 14
6 4 13 0 21 10 5 22 3 21 25 8 21 8 4 14 26 12 10 1
27 4 3 17 0 11 12 2 14 21 20 20 17 14 12 8 18 11 8 18
27 10 27 6 11 0 9 7 16 23 12 25 8 21 20 17 11 4 1 6
21 14 25 15 22 19 0 13 26 21 5 13 8 7 17 22 23 22 18 5
25 14 3 26 6 27 21 0 13 18 27 24 25 10 20 12 8 20 13 4
1 14 1 15 6 25 19 6 0 20 21 7 27 15 4 21 13 4 1 21
18 4 7 27 27 17 13 26 1 0 7 22 27 22 17 13 13 8 19 20
25 21 21 14 22 16 20 3 1 19 0 1 13 9 24 11 6 14 10 10
4 21 5 8 25 8 13 24 26 2 21 0 25 23 12 14 11 20 14 23
23 8 8 2 7 25 8 8 23 27 4 25 0 22 23 8 23 19 5 26
26 6 11 22 18 1 3 4 5 13 4 18 25 0 26 1 10 17 19 2
11 25 4 8 11 16 27 19 25 4 13 15 16 14 0 3 15 21 23 1
9 8 26 18 9 12 3 14 9 16 19 14 16 6 15 0 7 19 1 7
6 12 7 19 2 8 22 12 10 2 10 26 22 6 17 17 0 5 18 8
24 25 7 1 15 10 8 19 25 2 21 25 14 12 11 11 14 0 1 16
21 9 6 23 6 10 4 22 27 27 17 23 25 5 14 14 23 13 0 18
18 11 8 15 4 19 7 4 3 1 8 10 8 16 26 22 18 9 18 0

0 2 10 21 23 1 7 14 20 3 3 10 21 19 24 8 27 1 18 7
23 0 3 7 11 5 14 12 16 8 6 3 1 27 13 26 1 14 25 4
13 5 0 13 4 15 25 4 24 19 5 4 5 8 13 10 27 13 23 15
10 8 11 0 15 22 17 27 7 5 22 16 18 27 6 22 14 16 22 23
15 22 16 10 0 22 2 13 26 11 10 9 23 23 17 12 13 11 24 4
26 4 18 4 22 0 3 7 12 24 22 16 14 6 11 25 13 8 22 7
11 16 3 4 3 20 0 22 11 5 16 17 24 13 15 14 18 4 5 18
5 12 17 11 19 26 20 0 1 11 7 19 17 3 12 22 6 14 13 3
5 1 13 11 10 27 8 5 0 18 9 15 10 22 14 13 8 26 17 5
3 21 3 12 26 9 16 16 12 0 25 27 23 13 15 17 21 27 27 4
4 11 22 1 16 7 15 14 7 4 0 2 15 21 2 4 1 15 10 16
3 2 5 21 27 11 13 27 20 14 21 0 18 1 14 27 24 22 17 20
18 4 10 8 15 8 18 17 26 8 13 25 0 16 20 14 6 3 6 15
23 25 10 5 13 9 8 13 12 26 21 15 19 0 4 20 14 5 6 4
21 23 13 10 18 25 4 3 9 2 6 24 8 1 0 21 15 23 12 7
17 4 13 23 14 6 7 23 27 2 16 16 27 15 19 0 17 5 25 22
13 19 5 5 11 18 6 22 3 16 20 16 11 5 5 11 0 24 24 2
18 14 18 6 21 17 17 10 26 9 11 22 16 1 1 7 16 0 23 15
11 5 6 7 15 13 9 15 22 27 11 2 23 11 18 18 25 5 0 16
21 24 13 9 13 8 17 11 26 14 22 20 3 2 15 9 12 2 2 0

0 3 5 19 17 7 15 10 20 1 12 17 15 14 12 4 19 4 6 11
5 0 3 7 23 3 22 21 17 15 15 18 2 12 11 24 21 6 6 18
7 19 0 6 22 2 26 17 6 22 17 16 15 25 12 3 3 11 3 18
17 2 3 0 24 7 11 25 12 6 4 15 12 5 3 9 20 16 20 16
12 16 21 26 0 21 13 20 2 15 21 1 20 10 15 22 23 6 3 9
5 23 14 3 2 0 18 17 19 1 23 3 18 21 23 22 3 19 18 19
23 26 22 9 20 12 0 11 3 3 1 14 13 19 22 20 20 2 21 11
26 20 20 16 23 2 25 0 10 27 26 9 2 4 17 6 21 2 5 7
2 23 16 26 13 19 15 12 0 2 21 21 22 21 3 14 12 8 11 11
10 22 25 24 16 4 25 3 7 0 9 15 10 4 7 18 6 4 2 15
12 6 16 21 26 27 3 20 23 5 0 10 25 2 7 26 9 8 10 27
6 5 3 4 20 12 24 24 22 13 17 0 3 27 15 4 16 15 4 3
23 16 5 19 23 20 9 9 25 13 12 15 0 4 3 26 21 19 6 3
22 19 15 27 16 13 27 20 13 27 24 12 18 0 4 8 18 1 8 4
13 7 14 11 11 7 10 3 1 3 11 16 12 21 0 1 6 2 15 25
4 24 17 7 18 18 11 10 3 27 13 14 18 11 15 0 15 17 23 25
5 13 27 1 4 9 22 6 6 26 3 9 6 19 26 11 0 17 4 11
24 15 17 24 3 12 25 20 1 9 27 3 19 16 17 25 8 0 27 11
17 20 23 18 19 12 22 1 9 8 22 18 15 2 2 13 11 4 0 23
7 3 10 9 21 13 9 17 15 21 22 23 17 19 26 27 26 14 20 0

0 3 8 25 27 27 11 18 16 16 2 3 1 9 27 2 22 6 12 14
24 0 25 4 1 9 18 16 7 25 1 5 5 15 20 18 21 16 26 20
11 15 0 2 20 2 4 19 15 23 26 16 6 17 25 22 24 21 4 11
4 7 18 0 15 19 25 6 16 9 13 12 3 3 26 5 6 23 13 4
16 16 25 2 0 1 7 19 25 20 13 6 8 3 20 24 22 24 1 24
9 5 10 3 3 0 13 8 3 1 3 16 8 25 24 25 19 21 26 10
17 16 26 16 18 11 0 7 25 25 20 21 23 19 6 23 12 13 20 16
9 7 20 13 19 1 13 0 26 3 8 16 4 1 19 13 3 21 3 6
17 19 12 4 2 8 24 9 0 8 18 15 15 24 26 22 25 24 26 2
5 18 9 19 14 21 22 23 24 0 4 11 6 2 19 18 17 18 15 17
23 11 13 26 18 15 26 23 21 16 0 2 26 4 5 18 26 26 24 11
21 12 21 26 6 3 5 18 5 22 14 0 4 22 17 21 20 18 7 8
17 23 24 17 22 16 2 12 12 19 7 13 0 26 24 7 19 1 7 19
27 11 15 25 22 11 14 6 7 24 16 23 13 0 7 15 4 13 6 2
20 14 13 22 25 16 17 22 1 17 24 11 27 22 0 7 25 14 9 5
18 21 10 13 22 8 26 23 17 9 24 2 3 3 14 0 4 5 5 11
12 13 9 7 3 5 15 17 11 9 5 14 19 27 10 7 0 24 25 5
2 11 27 9 17 12 9 10 17 12 26 25 5 8 3 6 8 0 6 21
17 13 21 6 21 16 1 23 17 13 24 22 13 12 5 11 27 18 0 3
21 9 2 23 25 5 20 18 24 9 20 22 16 8 4 2 2 21 2 0
