10 5 5
5    2  0 20  3 20    1  3 87    2  1 31  4 31    3  0 76  3 76  4 76    2  0 17  2 17
5    3  2 25  3 25  4 25    2  2 32  4 32    4  0 24  1 24  2 24  3 24    3  0 18  1 18  4 18    3  0 81  3 81  4 81
5    1  1 72    2  2 23  4 23    5  0 28  1 28  2 28  3 28  4 28    2  0 58  1 58    4  0 99  1 99  3 99  4 99
5    3  1 86  2 86  4 86    3  1 76  3 76  4 76    3  2 97  3 97  4 97    3  0 45  1 45  2 45    1  3 90
5    3  1 27  3 27  4 27    3  0 42  1 42  3 42    3  2 48  3 48  4 48    2  2 17  4 17    4  0 46  1 46  2 46  3 46
5    3  0 67  1 67  3 67    1  0 98    3  0 48  2 48  4 48    3  0 27  2 27  3 27    2  0 62  2 62
5    3  0 28  2 28  4 28    3  0 12  1 12  2 12    4  1 19  2 19  3 19  4 19    3  0 80  1 80  2 80    3  2 50  3 50  4 50
5    4  0 63  1 63  2 63  4 63    1  0 94    4  0 98  2 98  3 98  4 98    4  0 50  1 50  3 50  4 50    3  0 80  1 80  4 80
5    3  1 14  3 14  4 14    3  0 75  3 75  4 75    2  2 50  4 50    3  0 41  1 41  2 41    1  3 55
5    4  0 72  2 72  3 72  4 72    2  2 18  4 18    1  1 37    2  2 79  3 79    2  0 61  1 61

0 12 23 10 25 1 25 5 14 5
11 0 15 6 6 8 2 15 6 8
21 7 0 22 14 25 22 18 24 16
7 15 24 0 11 9 2 17 3 3
22 14 5 25 0 22 10 11 7 10
12 13 12 20 8 0 22 4 23 24
2 10 26 15 12 15 0 6 7 11
22 7 20 17 3 18 6 0 13 20
7 11 16 18 17 10 3 3 0 15
1 17 6 21 13 9 4 19 21 0

0 25 4 13 13 23 18 4 2 13
9 0 10 15 10 19 23 25 21 24
4 18 0 7 22 19 8 3 20 12
7 24 21 0 17 21 25 6 9 23
25 17 18 26 0 20 17 23 3 2
25 3 21 8 25 0 10 23 11 21
8 25 25 16 13 3 0 4 25 1
5 8 7 4 19 14 19 0 19 22
6 1 2 20 3 1 16 16 0 17
1 16 18 9 18 19 20 14 12 0

0 26 12 14 22 6 21 19 20 3
13 0 11 13 7 20 3 5 10 12
6 5 0 26 13 2 10 20 8 21
8 20 25 0 20 6 19 17 14 2
20 17 6 2 0 12 5 26 18 9
7 20 5 24 18 0 9 9 12 19
18 14 9 24 17 25 0 14 18 15
11 18 9 14 26 7 15 0 26 23
24 18 19 13 3 13 11 13 0 18
16 24 24 15 12 9 10 15 20 0

0 20 6 26 14 3 1 3 4 12
8 0 2 25 21 19 8 4 9 11
15 10 0 5 23 9 4 26 24 24
22 22 17 0 18 5 20 17 2 9
5 10 26 17 0 18 9 22 20 15
21 10 10 10 8 0 15 17 13 13
11 14 21 26 9 22 0 19 26 15
2 8 25 11 3 8 4 0 16 17
7 9 19 19 8 2 8 2 0 21
9 13 11 9 10 13 7 19 25 0

0 14 13 13 24 23 8 11 16 9
5 0 14 15 2 25 8 20 5 13
6 7 0 23 11 2 10 24 5 25
14 17 6 0 18 15 1 1 13 21
22 16 4 4 0 5 19 17 12 19
11 24 18 4 8 0 19 9 13 2
20 3 11 12 3 11 0 21 9 24
21 17 16 4 18 20 17 0 9 15
15 22 15 22 5 9 2 18 0 13
13 25 24 13 17 23 19 4 1 0
