10 10 9
10    3  2 54  5 54  6 54    5  0 87  4 87  5 87  8 87  9 87    7  2 48  3 48  4 48  5 48  6 48  7 48  9 48    9  1 60  2 60  3 60  4 60  5 60  6 60  7 60  8 60  9 60    6  0 39  1 39  3 39  4 39  5 39  7 39    6  1 35  4 35  5 35  6 35  8 35  9 35    4  1 72  2 72  3 72  7 72    7  0 95  2 95  4 95  5 95  6 95  8 95  9 95    5  0 66  1 66  2 66  8 66  9 66    5  0 5  1 5  2 5  4 5  9 5
10    6  1 20  3 20  4 20  6 20  7 20  8 20    3  6 46  7 46  9 46    4  3 34  4 34  6 34  7 34    8  0 55  1 55  3 55  4 55  5 55  6 55  7 55  8 55    3  0 97  4 97  5 97    4  2 19  3 19  6 19  8 19    6  0 59  1 59  3 59  4 59  6 59  8 59    6  0 21  1 21  2 21  3 21  6 21  8 21    3  1 37  5 37  7 37    6  0 46  1 46  2 46  3 46  6 46  9 46
10    6  0 45  1 45  2 45  4 45  6 45  9 45    5  0 24  1 24  4 24  6 24  7 24    4  0 28  4 28  7 28  8 28    2  0 28  2 28    4  0 83  2 83  7 83  9 83    6  1 78  2 78  3 78  5 78  6 78  7 78    4  1 23  3 23  4 23  5 23    3  3 25  5 25  9 25    3  4 5  7 5  9 5    6  0 73  2 73  3 73  5 73  8 73  9 73
10    6  0 12  1 12  2 12  6 12  8 12  9 12    5  1 37  3 37  4 37  5 37  6 37    4  2 38  4 38  6 38  7 38    2  3 71  8 71    5  4 33  5 33  7 33  8 33  9 33    5  0 12  1 12  2 12  4 12  9 12    5  0 55  2 55  4 55  6 55  7 55    4  0 53  3 53  8 53  9 53    4  3 87  4 87  7 87  9 87    4  0 29  3 29  5 29  6 29
10    3  3 83  4 83  6 83    2  0 49  2 49    1  6 23    4  0 27  1 27  5 27  9 27    5  0 65  2 65  5 65  6 65  7 65    4  0 48  4 48  5 48  6 48    5  1 90  2 90  4 90  6 90  8 90    5  0 7  3 7  4 7  5 7  9 7    6  0 40  1 40  3 40  4 40  5 40  7 40    6  0 17  3 17  4 17  6 17  7 17  8 17
10    4  0 66  1 66  2 66  5 66    8  1 25  2 25  3 25  4 25  5 25  6 25  7 25  9 25    4  0 62  4 62  6 62  8 62    4  0 84  2 84  3 84  8 84    4  2 13  6 13  7 13  9 13    4  3 64  5 64  6 64  7 64    4  0 46  1 46  7 46  8 46    6  0 59  2 59  3 59  5 59  7 59  8 59    6  2 19  5 19  6 19  7 19  8 19  9 19    5  2 85  3 85  6 85  7 85  9 85
10    8  0 73  1 73  2 73  3 73  4 73  5 73  7 73  8 73    6  2 80  3 80  5 80  6 80  7 80  8 80    6  0 41  2 41  4 41  5 41  6 41  7 41    5  2 53  4 53  5 53  7 53  8 53    5  0 47  1 47  4 47  7 47  9 47    3  0 57  1 57  7 57    7  0 74  3 74  4 74  5 74  6 74  7 74  8 74    3  1 14  4 14  5 14    3  4 67  5 67  6 67    4  2 88  3 88  5 88  7 88
10    3  5 64  8 64  9 64    4  0 84  2 84  3 84  6 84    3  1 46  6 46  9 46    7  0 78  1 78  2 78  3 78  4 78  5 78  7 78    4  0 84  5 84  7 84  8 84    3  1 26  2 26  7 26    5  2 28  3 28  6 28  8 28  9 28    5  2 52  5 52  7 52  8 52  9 52    4  1 41  2 41  5 41  9 41    2  4 63  7 63
10    5  0 11  1 11  5 11  7 11  9 11    7  0 64  1 64  2 64  4 64  5 64  6 64  8 64    3  5 67  7 67  9 67    4  3 85  4 85  5 85  7 85    5  2 10  3 10  4 10  6 10  9 10    6  0 73  2 73  4 73  5 73  6 73  7 73    7  0 38  1 38  3 38  4 38  5 38  6 38  9 38    4  3 95  5 95  8 95  9 95    8  0 97  1 97  3 97  4 97  5 97  6 97  7 97  8 97    6  0 17  2 17  5 17  7 17  8 17  9 17
10    6  1 60  3 60  4 60  7 60  8 60  9 60    4  2 32  7 32  8 32  9 32    7  0 95  1 95  2 95  3 95  4 95  5 95  8 95    6  0 93  1 93  3 93  4 93  5 93  9 93    6  0 65  1 65  4 65  6 65  8 65  9 65    6  1 85  2 85  6 85  7 85  8 85  9 85    4  1 43  6 43  7 43  8 43    6  1 85  2 85  4 85  6 85  8 85  9 85    2  5 46  8 46    4  0 59  1 59  2 59  8 59

0 15 24 3 13 1 25 13 19 23
4 0 9 2 17 23 11 9 5 22
17 7 0 12 14 11 8 12 20 23
10 2 3 0 15 8 22 14 16 19
26 22 26 15 0 19 22 15 7 4
17 11 8 21 8 0 1 25 26 17
2 13 4 14 9 7 0 16 16 16
4 22 20 9 7 8 21 0 10 12
1 10 8 14 1 10 17 2 0 20
20 2 2 13 4 21 11 5 19 0

0 21 14 22 11 11 21 20 21 26
14 0 16 2 4 10 26 11 22 26
20 8 0 9 9 9 1 3 19 22
4 17 23 0 12 14 20 1 11 18
9 8 16 1 0 1 20 25 10 8
14 25 11 9 3 0 10 25 17 9
26 15 23 17 5 13 0 21 13 9
9 8 9 2 26 4 6 0 15 18
11 23 7 17 4 5 15 5 0 17
20 18 9 13 15 4 1 13 26 0

0 23 3 6 21 4 12 24 16 6
9 0 25 3 25 19 3 12 19 2
12 6 0 16 22 18 1 13 11 15
12 14 6 0 9 16 4 17 23 24
15 20 9 2 0 18 12 16 24 11
13 26 22 3 21 0 25 7 19 19
26 10 22 18 21 19 0 13 13 25
4 20 5 8 16 13 16 0 15 6
8 8 3 9 25 20 16 6 0 25
2 22 6 9 17 23 22 8 20 0

0 25 14 26 24 24 11 11 4 15
5 0 6 8 3 20 2 12 11 22
22 5 0 15 15 14 17 19 25 23
3 19 6 0 23 24 19 13 20 14
9 21 8 25 0 26 25 9 22 8
5 14 14 22 24 0 3 8 23 17
6 16 1 3 18 9 0 25 12 23
23 1 21 20 9 8 6 0 19 23
14 17 7 15 15 9 6 25 0 25
9 22 11 15 19 12 18 19 11 0

0 17 1 20 18 9 17 26 18 22
25 0 20 26 26 16 26 23 5 5
4 2 0 23 16 15 12 11 21 21
15 19 9 0 5 23 21 4 20 1
6 13 21 25 0 11 18 11 25 9
14 7 1 1 2 0 11 1 20 25
17 3 2 17 4 2 0 23 20 10
10 18 5 8 10 19 14 0 24 2
1 13 13 20 11 10 7 15 0 11
5 23 25 15 14 18 1 4 13 0

0 18 21 10 21 24 1 12 2 19
18 0 14 5 1 17 25 6 17 12
10 15 0 26 5 17 8 19 15 16
25 15 14 0 7 25 2 24 9 21
1 11 21 1 0 25 25 24 24 24
22 17 18 21 19 0 12 24 23 22
5 7 1 8 7 1 0 2 4 21
17 23 9 1 4 23 19 0 19 15
20 1 13 19 7 22 26 23 0 8
3 13 3 23 24 20 21 15 11 0

0 19 14 16 8 26 14 1 13 25
7 0 10 24 7 21 4 6 23 21
23 22 0 10 20 14 5 11 14 23
15 4 10 0 2 9 12 18 11 2
17 21 25 2 0 5 8 16 22 15
3 16 14 19 23 0 10 12 19 11
18 22 14 13 23 8 0 15 19 6
26 24 6 10 5 19 10 0 13 4
19 22 11 20 15 12 2 13 0 10
3 26 10 2 8 2 19 4 19 0

0 26 18 1 18 25 18 21 2 12
23 0 21 21 6 26 6 10 9 25
13 22 0 18 7 10 19 23 19 14
18 18 12 0 6 24 5 23 13 16
12 1 6 18 0 24 25 21 4 24
19 2 4 3 21 0 3 26 9 5
14 22 1 15 7 5 0 3 1 20
8 1 2 23 17 8 17 0 23 20
8 8 6 18 19 7 21 18 0 14
20 26 5 24 9 20 20 10 12 0

0 4 26 23 1 2 18 5 17 17
3 0 22 12 6 16 18 10 2 19
5 10 0 24 9 21 19 3 19 25
26 7 11 0 16 1 6 15 20 3
9 16 10 23 0 20 25 17 11 24
6 13 5 17 24 0 23 26 26 23
23 8 1 5 8 1 0 21 23 2
4 17 20 19 26 2 5 0 15 22
19 17 13 6 18 18 9 7 0 14
18 17 24 16 12 1 16 20 4 0

0 12 9 3 1 2 20 24 6 5
8 0 18 19 10 19 24 6 1 18
24 11 0 1 24 18 19 15 20 20
20 25 17 0 10 4 21 15 13 19
7 5 19 22 0 6 5 5 2 19
10 3 24 10 2 0 9 15 1 16
23 3 5 7 13 11 0 4 21 1
12 16 14 21 16 3 15 0 20 21
20 25 14 3 25 15 22 13 0 11
8 17 22 8 17 4 8 26 17 0
