15 5 2
5    1  1 21    1  2 34    1  4 95    1  0 53    2  3 55  2 55
5    1  3 52    1  4 16    1  1 71    1  2 26    1  0 21
5    1  2 31    1  0 12    2  1 42  0 42    1  3 39    1  4 98
5    1  3 77    2  1 77  0 77    1  4 79    1  0 55    1  2 66
5    1  4 37    2  3 34  4 34    1  2 64    1  1 19    1  0 83
5    1  2 43    1  1 54    1  0 92    2  3 62  4 62    1  4 79
5    2  0 93  1 93    1  3 69    1  1 87    1  4 77    1  2 87
5    1  0 60    1  1 41    1  2 38    1  4 83    1  3 24
5    1  2 98    2  3 17  2 17    1  4 25    1  0 44    2  1 49  4 49
5    1  0 96    1  4 77    1  3 79    2  1 75  3 75    1  2 43
5    2  4 28  2 28    1  2 35    1  0 95    1  3 76    1  1 7
5    1  0 61    1  4 10    1  2 95    1  1 9    1  3 35
5    1  4 59    1  3 16    1  1 91    1  2 59    1  0 46
5    1  4 43    1  1 52    1  0 28    1  2 27    1  3 50
5    1  0 87    2  1 45  2 45    1  2 39    1  4 9    1  3 41

0 8 1 9 1 10 15 5 13 24 4 22 26 6 15
11 0 2 6 9 20 24 25 21 25 23 5 18 9 2
15 23 0 4 16 9 5 7 8 19 23 13 8 20 19
8 22 3 0 18 1 27 2 27 16 5 17 23 7 24
3 15 3 16 0 22 14 10 6 21 9 15 18 17 23
18 20 14 7 1 0 23 13 26 25 7 7 20 7 1
17 10 3 2 10 1 0 18 12 12 13 2 17 6 21
17 24 22 14 21 26 10 0 26 22 14 1 3 4 9
3 12 10 5 2 7 1 11 0 10 5 24 23 4 24
10 8 26 15 15 10 14 8 7 0 22 15 26 7 22
17 16 22 17 7 20 27 23 2 15 0 21 13 22 12
8 20 7 3 7 1 13 8 16 16 20 0 24 13 17
14 13 22 3 8 1 7 8 20 10 14 16 0 17 16
7 5 11 2 24 18 26 23 10 11 26 8 16 0 7
21 1 24 13 27 4 6 13 23 7 26 15 2 19 0

0 10 11 26 23 23 5 12 27 5 27 24 14 17 23
6 0 8 13 1 2 19 22 14 2 8 17 12 3 13
24 12 0 16 22 18 2 23 3 25 9 12 25 6 10
12 23 14 0 11 3 3 7 10 2 15 24 23 9 12
13 16 22 10 0 12 7 2 9 1 6 15 9 16 4
24 12 22 27 6 0 19 9 23 24 25 13 11 1 7
15 8 7 27 12 6 0 10 4 18 2 15 19 3 11
2 18 4 27 18 21 15 0 27 12 24 5 14 5 25
17 22 10 20 10 5 22 15 0 24 14 25 8 15 15
27 17 22 20 26 14 18 11 4 0 5 9 25 17 26
17 22 16 6 8 19 3 24 17 9 0 2 23 21 15
4 17 7 12 6 24 2 12 11 12 9 0 22 8 24
2 3 18 6 25 4 22 27 12 1 10 3 0 8 4
6 25 12 23 25 18 10 15 25 19 21 15 10 0 17
20 18 5 7 1 21 16 21 17 24 19 26 19 13 0

0 3 25 22 19 16 9 22 25 5 13 22 23 12 4
4 0 10 19 12 7 4 3 16 5 9 6 20 15 9
17 23 0 9 14 19 21 23 22 24 26 20 25 15 20
9 26 12 0 12 5 19 4 21 4 27 24 16 19 1
20 9 26 25 0 25 10 13 23 26 23 1 1 11 7
20 11 12 18 9 0 21 21 20 16 9 3 26 9 6
24 22 11 18 3 7 0 18 5 13 26 14 12 21 26
6 17 5 16 19 25 18 0 1 16 23 10 3 24 24
12 13 25 6 16 4 22 11 0 13 23 15 27 3 17
3 12 12 21 5 8 5 16 2 0 11 22 25 9 27
17 27 19 12 15 10 6 14 8 22 0 18 17 11 8
21 6 10 9 19 5 5 10 15 19 12 0 9 4 4
14 5 5 1 10 17 12 9 17 8 25 10 0 12 8
3 21 20 18 19 4 16 26 3 25 22 4 1 0 18
18 4 26 18 6 6 14 20 12 12 25 16 25 23 0

0 23 26 2 3 1 7 11 2 21 12 8 5 9 27
14 0 21 14 26 17 3 22 8 27 27 25 27 25 10
3 27 0 9 26 12 11 9 27 26 11 20 2 12 1
19 24 26 0 19 13 18 12 23 4 8 2 11 7 23
4 5 26 11 0 22 6 13 6 8 17 16 5 8 12
10 18 8 16 26 0 10 2 10 2 22 9 6 9 3
15 17 12 1 16 25 0 7 19 24 19 17 12 23 4
8 26 7 7 26 9 23 0 1 26 4 21 17 8 2
2 9 22 9 3 8 3 27 0 17 20 3 18 10 4
13 15 5 8 5 26 15 25 21 0 18 1 12 23 23
23 21 25 14 11 26 9 19 22 27 0 5 27 2 21
11 12 25 24 11 15 24 8 1 12 1 0 5 7 4
14 19 10 19 19 5 23 1 13 17 6 8 0 11 20
6 23 15 23 27 23 25 8 10 11 27 22 23 0 10
5 9 19 23 22 26 16 13 14 6 7 18 15 10 0

0 18 22 20 16 9 20 4 9 3 17 6 27 18 24
8 0 22 26 26 22 6 8 23 9 23 12 14 1 4
18 21 0 16 16 16 23 20 23 7 5 18 21 17 7
6 14 15 0 15 21 18 19 14 26 4 26 3 19 9
18 2 15 15 0 25 8 3 24 27 4 20 14 3 24
1 20 9 19 21 0 9 6 9 7 7 21 17 21 10
12 11 4 5 11 3 0 25 16 3 11 18 11 18 1
19 15 25 18 6 5 7 0 12 6 9 26 14 27 7
2 14 7 16 23 10 13 11 0 19 6 17 19 4 25
10 23 9 22 15 18 4 13 8 0 7 9 23 19 19
5 22 11 4 21 1 18 1 18 27 0 11 25 19 16
14 24 18 24 3 22 7 23 24 25 4 0 23 8 4
15 27 3 22 10 1 21 5 15 9 13 26 0 14 17
4 7 18 1 3 9 21 16 4 22 14 17 8 0 12
9 4 27 19 23 7 23 9 2 20 15 5 27 1 0
