20 5 5
5    3  0 6  2 6  3 6    2  2 40  4 40    3  1 81  2 81  3 81    1  3 37    3  1 19  2 19  4 19
5    4  1 40  2 40  3 40  4 40    2  0 32  3 32    3  0 55  1 55  3 55    4  1 81  2 81  3 81  4 81    2  1 9  2 9
5    3  0 46  1 46  3 46    3  0 65  1 65  4 65    3  0 70  2 70  4 70    2  1 55  3 55    1  0 77
5    4  0 21  2 21  3 21  4 21    2  1 65  4 65    2  0 64  3 64    2  0 25  3 25    4  1 15  2 15  3 15  4 15
5    1  2 85    2  0 40  3 40    3  1 44  2 44  3 44    1  3 24    2  2 37  4 37
5    2  0 89  4 89    2  2 29  4 29    4  1 83  2 83  3 83  4 83    4  0 31  1 31  2 31  3 31    4  0 84  1 84  2 84  4 84
5    3  1 59  3 59  4 59    1  3 38    4  0 80  1 80  3 80  4 80    3  0 30  2 30  4 30    1  0 8
5    3  0 80  2 80  4 80    3  0 56  2 56  3 56    4  0 77  1 77  2 77  3 77    4  1 41  2 41  3 41  4 41    2  1 97  3 97
5    1  4 56    2  0 91  4 91    1  3 50    3  1 71  2 71  3 71    2  0 17  1 17
5    4  1 40  2 40  3 40  4 40    2  0 88  1 88    2  3 59  4 59    3  0 7  1 7  2 7    2  2 80  3 80
5    1  0 45    1  1 29    3  1 8  2 8  4 8    1  4 77    2  0 58  3 58
5    2  1 36  2 36    1  0 54    3  0 96  2 96  3 96    3  0 9  1 9  3 9    3  1 10  2 10  4 10
5    1  0 28    2  2 73  3 73    3  0 98  1 98  2 98    3  1 92  3 92  4 92    3  1 87  2 87  4 87
5    3  0 70  3 70  4 70    3  1 86  3 86  4 86    4  1 27  2 27  3 27  4 27    2  0 99  1 99    3  0 96  3 96  4 96
5    4  1 95  2 95  3 95  4 95    5  0 59  1 59  2 59  3 59  4 59    3  1 56  3 56  4 56    3  1 85  2 85  3 85    3  1 41  2 41  3 41
5    2  0 81  1 81    1  2 92    3  0 32  2 32  4 32    4  0 52  2 52  3 52  4 52    3  0 39  1 39  3 39
5    3  1 7  2 7  3 7    4  0 22  1 22  2 22  4 22    3  0 12  2 12  3 12    3  0 88  1 88  3 88    2  3 60  4 60
5    3  1 45  2 45  3 45    3  0 93  1 93  3 93    3  0 69  2 69  4 69    3  0 49  2 49  4 49    2  1 27  2 27
5    3  0 21  1 21  4 21    4  0 84  1 84  3 84  4 84    3  2 61  3 61  4 61    2  0 68  3 68    3  0 26  3 26  4 26
5    1  1 82    3  0 33  2 33  3 33    4  0 71  1 71  3 71  4 71    3  0 99  2 99  4 99    2  3 44  4 44

0 4 14 1 22 24 20 12 14 11 20 1 1 18 12 3 25 8 7 17
15 0 3 7 8 18 16 13 11 26 8 17 19 4 18 1 6 12 5 22
4 1 0 22 5 15 4 26 8 13 18 14 10 13 22 12 25 3 19 12
22 11 7 0 13 27 22 3 23 16 22 15 14 17 7 8 2 25 2 4
13 22 21 1 0 11 18 18 18 19 5 25 10 11 10 15 11 13 18 23
3 15 24 26 26 0 20 6 13 21 17 4 15 11 19 7 11 24 21 1
6 23 26 22 4 20 0 22 23 23 19 12 1 12 14 14 19 10 23 3
10 5 18 1 1 1 10 0 1 16 12 7 3 12 26 19 10 26 15 3
11 4 26 14 5 4 2 5 0 20 6 13 19 6 13 26 23 11 14 18
11 6 16 17 6 26 26 22 16 0 1 27 26 2 22 25 22 7 2 24
24 20 11 6 2 12 1 14 6 4 0 2 16 11 8 9 7 14 7 10
14 20 4 12 14 13 9 2 6 2 3 0 25 22 18 13 8 19 10 16
8 27 16 15 20 6 6 13 9 27 8 1 0 24 24 10 18 13 7 7
3 18 1 18 15 27 17 21 18 2 2 26 21 0 14 12 5 7 7 9
8 4 10 13 10 15 15 25 16 7 12 16 16 9 0 10 22 10 1 19
19 14 10 12 9 16 4 3 21 22 19 22 5 4 7 0 15 18 17 21
19 22 4 22 4 7 26 9 25 26 10 25 8 5 18 16 0 11 2 19
8 14 11 12 10 13 20 8 26 10 10 6 3 1 23 12 9 0 5 1
7 23 15 10 5 6 16 27 27 10 15 6 9 2 22 15 26 20 0 2
13 6 19 16 12 12 12 15 7 7 24 27 11 16 14 9 1 15 3 0

0 20 9 15 7 5 27 23 27 15 12 2 22 8 16 25 6 23 13 9
6 0 17 25 27 25 13 17 9 2 11 20 17 11 15 25 17 25 5 18
11 2 0 8 17 19 20 17 9 10 8 24 2 19 4 17 22 18 12 1
23 7 12 0 7 25 5 1 12 10 13 2 6 24 4 13 27 3 8 4
23 8 6 6 0 9 9 12 23 11 20 20 16 7 9 19 14 19 1 20
7 20 23 15 20 0 15 23 24 3 22 22 10 20 10 12 4 6 24 15
27 14 12 26 1 1 0 11 2 26 1 5 26 25 27 23 12 8 1 2
13 17 14 3 20 9 5 0 14 12 11 21 3 4 10 24 13 18 12 10
21 13 10 11 2 12 22 12 0 25 21 7 16 20 6 24 24 1 24 17
14 24 12 21 14 8 3 27 18 0 21 9 24 20 5 11 26 18 2 22
23 18 6 23 17 27 3 18 8 3 0 16 4 24 16 24 12 27 10 17
16 17 19 3 4 9 8 2 22 11 11 0 24 22 4 9 6 17 9 14
13 26 5 16 21 22 20 21 12 5 22 1 0 3 10 12 9 20 19 5
5 20 23 9 26 1 19 14 21 23 23 11 18 0 7 3 1 8 8 20
7 4 21 13 20 3 22 16 14 14 14 20 10 26 0 2 15 15 14 12
5 3 20 8 22 5 19 3 23 2 24 19 11 13 17 0 22 18 10 25
26 7 11 21 23 21 4 19 7 19 8 25 11 22 4 18 0 12 14 17
6 27 15 21 20 12 7 6 21 18 19 8 13 25 20 12 18 0 14 11
15 10 17 17 8 9 24 27 17 4 12 9 22 25 17 22 18 13 0 17
22 11 20 5 3 4 15 23 3 27 25 23 8 21 7 26 1 2 14 0

0 13 24 20 19 12 11 17 19 1 2 10 24 15 14 22 10 15 22 21
11 0 18 24 1 27 9 16 10 3 19 2 24 8 25 11 8 5 12 11
18 13 0 20 27 3 10 11 26 6 1 21 19 2 20 20 22 6 11 10
27 7 17 0 18 4 7 6 11 16 14 17 27 9 15 11 7 19 13 21
1 8 20 12 0 3 1 6 21 4 6 11 26 18 2 13 25 26 25 1
12 20 4 18 19 0 1 18 23 2 21 8 16 25 27 16 17 9 13 8
14 4 26 10 15 8 0 22 17 11 21 22 24 14 27 24 4 26 8 8
22 12 12 20 4 4 12 0 5 19 4 25 27 21 18 8 7 17 1 16
23 18 5 24 4 13 22 9 0 3 1 13 11 6 4 17 15 11 27 16
20 4 20 7 23 7 1 19 18 0 19 14 11 19 13 19 6 24 1 24
25 14 3 19 12 12 2 14 10 18 0 11 10 17 22 13 2 14 18 13
13 19 22 20 11 10 24 2 18 21 21 0 12 1 5 26 19 3 18 22
5 17 5 23 20 12 5 8 22 21 16 20 0 7 8 4 10 18 20 27
26 7 9 13 22 20 24 14 7 25 9 23 7 0 14 5 12 20 15 23
14 14 20 16 6 26 22 25 2 23 23 22 2 2 0 23 6 9 19 24
13 6 25 7 15 6 9 11 13 27 3 4 27 22 21 0 24 25 22 22
1 18 3 19 26 9 12 25 26 17 9 22 21 2 21 23 0 5 24 16
3 14 19 4 17 17 22 16 24 14 15 24 3 15 1 22 10 0 16 24
20 21 5 25 7 13 9 4 1 2 23 25 5 1 6 10 8 27 0 15
11 22 8 15 23 13 2 9 3 21 6 24 11 20 24 7 25 12 25 0

0 5 7 24 5 11 2 19 22 7 3 14 18 7 8 6 8 27 26 4
14 0 11 5 15 15 19 3 15 1 15 7 1 3 25 9 14 26 8 24
9 24 0 17 3 12 25 11 26 23 9 12 9 15 13 3 11 23 5 17
10 1 22 0 16 15 12 20 25 16 15 7 22 11 24 21 9 25 6 15
17 22 17 20 0 11 5 12 10 6 7 15 1 2 12 23 17 1 3 17
27 17 14 15 11 0 24 22 17 20 26 4 13 4 10 8 16 22 7 7
5 19 12 17 10 6 0 24 25 24 26 11 21 12 23 25 24 23 13 23
23 12 27 8 12 25 16 0 3 9 11 24 15 9 26 24 14 2 24 21
18 11 8 11 10 23 26 10 0 4 17 27 25 3 17 1 12 10 2 11
18 23 16 21 15 3 2 3 27 0 16 24 23 2 24 12 20 23 23 18
22 4 23 23 26 18 19 6 7 15 0 13 10 3 26 25 21 25 20 22
6 6 7 16 24 13 16 11 11 22 5 0 6 11 16 12 25 24 1 2
17 11 10 5 23 13 21 23 11 3 14 12 0 26 18 8 13 19 15 14
6 5 14 16 18 27 18 22 8 22 26 15 5 0 25 10 10 3 14 10
1 10 21 7 23 14 24 20 24 27 12 1 9 13 0 16 18 1 25 2
22 13 17 25 18 4 25 17 14 25 18 7 24 8 15 0 22 7 5 15
4 18 2 5 23 11 18 3 11 13 12 2 15 13 10 18 0 9 20 14
23 6 17 3 17 18 10 1 16 14 21 6 11 8 24 6 3 0 25 4
6 24 11 15 12 7 23 18 19 18 22 21 25 23 21 24 2 12 0 10
21 23 6 6 26 7 8 23 12 16 13 17 14 11 5 8 3 20 11 0

0 10 15 13 12 23 20 26 5 16 2 26 3 3 24 24 23 15 25 23
25 0 27 6 8 27 10 4 17 27 12 17 12 19 22 25 23 15 17 6
4 15 0 10 17 1 5 22 2 19 16 21 13 10 1 19 26 2 21 15
17 19 15 0 7 3 13 10 1 18 19 25 19 21 14 21 16 27 8 24
23 4 21 16 0 26 19 17 16 23 12 20 11 23 5 23 14 19 2 9
19 9 3 4 4 0 23 15 8 25 27 10 2 3 22 19 8 19 10 19
9 21 6 22 27 3 0 11 1 6 19 22 15 14 14 8 14 23 17 17
10 24 7 5 20 16 23 0 23 8 11 9 1 14 16 21 21 7 18 12
27 14 26 23 7 14 11 14 0 23 21 7 11 6 12 21 4 18 3 19
1 27 24 12 6 18 23 1 6 0 9 25 23 2 8 10 5 19 4 27
6 5 14 11 14 13 23 9 15 19 0 13 8 1 13 12 20 10 16 10
1 23 13 15 7 23 5 17 23 2 7 0 15 12 1 19 21 3 26 13
15 18 17 8 13 25 13 26 5 24 26 24 0 24 11 1 10 17 23 18
14 11 11 3 20 1 8 5 10 10 2 5 24 0 20 18 27 17 19 14
17 8 4 25 20 27 20 11 15 1 16 17 23 27 0 8 19 3 25 6
7 8 4 26 18 12 24 4 17 13 26 26 9 2 17 0 7 24 12 6
18 23 3 7 5 19 25 17 9 24 4 25 1 22 13 22 0 21 21 1
2 15 4 10 25 22 26 12 10 26 25 25 8 4 7 7 6 0 1 22
22 17 18 11 15 21 19 26 26 23 23 25 20 17 9 18 12 8 0 18
18 19 14 26 19 22 24 18 7 2 20 27 3 9 7 1 13 18 22 0
