30 10 3
10    1  4 21    1  7 26    1  9 16    1  2 34    2  3 55  7 55    1  8 52    1  5 95    1  6 71    1  1 21    1  0 53
10    1  8 77    1  5 98    2  1 42  5 42    1  7 66    1  2 31    1  3 39    2  6 77  5 77    1  9 79    1  4 55    1  0 12
10    1  2 64    2  4 92  9 92    1  3 34    1  1 19    1  8 62    1  6 54    1  7 43    1  0 83    2  9 79  3 79    1  5 37
10    1  0 93    2  8 24  2 24    1  3 69    1  7 38    1  5 77    1  2 87    1  4 60    1  6 41    1  1 87    1  9 83
10    1  9 77    1  0 44    2  4 96  0 96    1  8 79    1  6 75    2  2 98  7 98    1  5 25    1  3 17    2  7 43  8 43    1  1 49
10    2  3 76  7 76    1  2 35    1  5 28    1  0 95    1  7 95    1  4 61    1  8 35    1  1 7    1  6 9    1  9 10
10    1  1 91    1  7 27    1  8 50    1  3 16    1  4 28    1  5 59    1  6 52    1  0 46    1  2 59    1  9 43
10    1  1 45    2  7 71  2 71    1  2 39    1  0 87    1  8 14    1  6 54    1  3 41    1  9 43    1  5 9    1  4 20
10    1  2 37    2  3 26  4 26    1  4 33    1  9 42    1  0 78    1  6 89    1  7 8    1  8 66    1  1 28    1  5 33
10    1  1 74    1  0 69    2  5 84  4 84    1  3 27    1  9 81    1  7 45    1  8 69    1  2 94    1  6 78    1  4 96
10    1  5 76    1  7 32    1  6 18    1  0 20    2  3 87  7 87    1  2 17    1  9 25    1  4 24    1  1 31    1  8 81
10    2  9 97  8 97    1  8 90    1  5 28    1  7 86    1  0 58    1  1 72    1  2 23    1  6 76    1  3 99    1  4 45
10    1  9 48    1  5 27    3  6 67  3 67  8 67    2  7 62  6 62    1  4 98    1  0 42    2  1 46  0 46    1  8 27    1  3 48    1  2 17
10    2  9 80  7 80    1  3 19    1  5 28    1  1 12    1  4 94    1  6 63    2  7 98  9 98    1  8 50    1  0 80    1  2 50
10    1  2 50    2  1 41  2 41    1  4 61    1  8 79    1  5 14    1  9 72    1  7 18    1  3 55    1  6 37    2  0 75  8 75
10    1  9 22    1  5 57    1  4 75    1  2 14    1  7 65    1  3 96    1  1 71    1  0 47    1  8 79    1  6 60
10    2  3 32  8 32    1  2 69    1  4 44    1  1 31    1  9 51    1  0 33    1  6 34    1  5 58    1  7 47    1  8 58
10    1  8 66    1  7 40    1  2 17    1  0 62    1  9 38    1  5 8    1  6 15    3  3 29  7 29  4 29    1  1 44    1  4 97
10    1  3 50    2  2 58  5 58    1  6 21    1  4 63    1  7 57    1  8 32    1  5 20    1  9 87    1  0 57    1  1 39
10    1  4 20    1  6 67    1  1 85    1  2 90    1  7 70    1  0 84    1  8 30    1  5 56    1  3 61    1  9 15
10    1  6 29    1  0 82    1  4 18    1  3 38    1  7 21    1  8 50    1  1 23    1  5 84    1  2 45    1  9 41
10    1  3 54    2  9 37  7 37    1  6 62    1  5 16    2  0 52  7 52    2  8 57  7 57    1  4 54    2  2 38  8 38    2  7 74  6 74    1  1 52
10    1  4 79    1  1 61    1  8 11    1  0 81    1  7 89    1  6 89    1  5 57    2  3 68  1 68    1  9 81    1  2 30
10    1  9 24    1  1 66    1  4 32    1  3 33    1  8 8    1  2 20    1  6 84    2  0 91  1 91    1  7 55    1  5 20
10    1  3 54    1  2 64    1  6 83    1  9 40    1  7 8    1  0 7    1  4 19    1  5 56    1  1 39    1  8 7
10    1  1 6    2  4 74  9 74    2  0 63  6 63    1  2 64    1  9 15    1  6 42    1  7 98    1  8 61    1  5 40    1  3 91
10    2  1 80  3 80    1  3 75    1  0 26    1  2 87    1  9 22    1  7 39    1  8 24    1  4 75    1  6 44    1  5 6
10    1  5 8    1  3 79    1  6 61    1  1 15    1  0 12    1  7 43    2  8 26  1 26    1  9 22    1  2 20    2  4 80  7 80
10    1  1 36    1  0 63    1  7 10    1  4 22    1  3 96    1  5 40    1  9 5    1  8 18    1  6 33    1  2 62
10    1  4 8    1  8 15    1  2 64    1  3 95    1  1 96    2  6 38  1 38    1  7 18    1  9 23    1  5 64    2  0 89  2 89

0 4 16 5 17 17 25 23 26 24 16 24 26 7 11 12 7 4 4 13 24 14 23 7 2 14 18 6 23 3
18 0 1 21 11 17 3 6 5 3 5 5 21 25 2 10 13 9 12 19 19 19 21 22 4 4 13 25 10 1
7 24 0 10 9 5 11 8 13 17 23 1 23 24 22 24 11 13 5 23 20 4 19 26 15 2 25 22 11 8
2 17 25 0 21 15 25 24 18 19 6 14 20 22 15 26 17 1 26 12 3 1 1 13 8 3 19 19 9 11
18 10 22 16 0 21 11 22 14 9 6 26 16 18 22 19 9 10 8 26 10 8 17 3 12 7 14 23 4 20
12 13 6 6 15 0 25 20 14 15 25 19 12 14 14 22 17 12 19 5 23 1 1 3 14 13 12 14 11 24
25 7 3 8 6 25 0 26 14 19 19 10 16 19 23 15 19 4 25 24 15 22 3 9 12 4 16 8 11 4
5 3 19 23 9 6 26 0 15 18 20 12 17 17 1 20 22 2 18 8 10 19 18 22 19 13 19 26 3 3
16 24 17 18 23 26 22 23 0 26 4 10 9 21 14 13 6 13 12 12 21 2 12 5 24 23 2 22 17 7
22 6 5 20 13 14 26 26 26 0 12 14 22 8 25 11 2 2 21 21 12 8 4 3 3 13 6 6 15 14
5 16 1 21 17 15 24 5 20 14 0 10 24 19 8 25 20 6 8 11 12 21 9 21 12 2 4 9 24 23
5 19 11 23 13 11 26 3 13 26 21 0 11 22 15 13 17 4 9 19 4 21 2 19 3 13 25 22 24 14
5 2 5 12 18 14 17 13 3 16 13 11 0 25 10 16 15 13 20 16 19 21 26 1 6 3 16 17 6 5
24 17 24 10 7 14 9 9 24 24 8 23 22 0 19 9 3 15 18 10 9 17 1 8 24 4 18 14 3 4
10 7 9 15 26 24 14 22 20 17 16 2 1 6 0 23 9 16 25 12 1 23 19 12 23 2 26 20 19 13
6 25 15 7 2 7 7 1 23 16 14 9 19 24 2 0 13 11 26 26 21 26 17 3 3 10 3 6 25 24
25 6 6 3 25 19 21 20 16 18 26 14 26 17 9 18 0 23 15 9 18 13 25 21 18 18 21 25 17 5
7 22 13 25 25 16 2 15 18 14 24 16 5 9 5 8 6 0 5 9 13 14 12 23 16 11 11 23 15 21
2 23 3 4 16 1 26 17 5 1 15 10 18 21 16 22 21 24 0 10 24 11 15 5 24 23 2 4 21 18
19 13 3 4 18 16 3 13 4 14 2 16 9 7 25 6 21 8 26 0 5 22 25 25 24 10 15 24 3 23
22 4 14 18 1 16 11 19 8 12 3 19 23 4 14 5 10 24 20 23 0 20 20 9 8 23 8 25 22 5
1 19 22 5 11 1 7 26 1 10 23 20 12 3 8 25 12 10 13 17 18 0 18 10 26 1 1 21 25 1
9 25 4 18 2 20 16 4 5 4 12 3 14 7 10 14 3 5 6 3 19 25 0 23 8 4 9 7 11 22
5 3 15 2 6 16 7 4 1 21 1 18 5 25 26 15 18 8 24 8 13 24 17 0 8 5 16 2 4 12
13 15 9 11 16 21 6 23 21 7 14 8 14 13 18 13 15 12 11 9 4 2 21 16 0 7 4 4 13 16
25 14 10 7 6 25 24 19 10 17 21 26 16 4 19 11 26 8 7 4 1 15 26 4 24 0 13 12 4 24
12 26 3 8 14 20 5 26 1 25 6 15 13 13 14 8 12 7 25 12 23 13 1 26 4 8 0 4 21 17
12 2 19 13 10 18 19 12 14 20 12 9 23 14 23 5 24 10 16 7 1 7 12 22 9 9 1 0 22 7
7 5 1 22 1 6 18 18 23 14 23 16 25 16 12 14 3 15 5 16 21 16 18 17 5 1 10 25 0 12
22 5 14 12 25 14 9 17 21 3 6 25 4 25 16 9 3 17 14 3 11 9 19 21 8 10 4 12 7 0

0 9 6 16 2 24 2 13 12 11 17 11 10 5 2 13 23 9 3 10 8 12 21 23 3 14 15 10 12 11
4 0 15 17 20 14 15 11 21 26 16 7 7 1 3 7 9 10 18 17 23 1 19 16 11 6 13 16 24 16
11 13 0 10 23 15 23 23 5 23 20 22 19 14 19 16 5 20 15 10 24 21 23 26 9 15 15 10 23 25
18 7 18 0 6 11 24 5 21 15 23 7 3 16 20 22 17 2 11 24 9 6 14 16 13 9 25 15 20 1
16 9 6 5 0 23 18 20 15 13 26 22 12 17 6 23 7 19 18 22 17 12 6 6 4 20 9 8 23 18
7 13 11 4 25 0 17 23 6 24 1 15 26 7 2 4 5 5 10 20 5 26 5 9 15 2 13 20 23 16
25 9 11 23 11 16 0 16 17 8 2 6 21 12 12 2 23 1 16 7 15 6 7 3 6 19 22 9 7 26
1 4 24 16 4 4 14 0 11 21 17 3 9 18 25 4 14 23 7 2 15 12 9 24 22 17 25 16 4 18
11 10 23 20 5 23 9 14 0 7 19 18 3 25 12 9 12 6 24 8 17 15 23 11 16 19 24 6 10 23
12 15 23 19 17 16 21 24 23 0 20 15 2 10 14 2 16 23 9 16 14 2 22 15 15 8 20 6 22 18
4 14 13 6 7 22 12 20 19 26 0 26 7 26 12 19 4 20 2 18 4 6 18 22 23 18 16 15 12 10
26 21 9 24 10 12 18 24 6 11 18 0 1 3 25 9 6 6 3 1 24 7 3 17 6 19 10 16 13 7
26 23 12 22 8 19 11 9 9 14 9 10 0 24 23 13 23 12 19 12 16 3 11 4 26 18 23 8 18 6
16 19 7 21 10 5 24 12 26 19 26 23 15 0 17 12 1 24 24 13 1 8 13 26 25 24 5 23 19 25
12 8 24 8 18 24 14 3 11 21 23 21 15 10 0 3 24 2 1 20 7 10 7 22 25 22 9 13 23 18
25 23 5 12 14 2 19 25 17 2 9 22 13 16 2 0 7 25 12 2 19 21 10 11 15 20 13 10 2 25
2 25 4 21 11 3 5 4 26 26 25 24 13 1 10 26 0 11 3 25 6 10 18 16 5 13 20 21 23 6
21 14 10 5 9 3 13 19 17 26 2 20 23 7 20 4 16 0 19 1 4 25 12 9 2 1 13 11 3 16
22 9 14 24 15 13 16 17 20 20 5 22 6 13 15 15 24 21 0 23 2 20 15 5 3 23 12 13 16 25
11 20 5 11 6 17 3 6 23 4 8 20 3 17 1 17 16 10 21 0 22 2 7 10 20 4 11 16 4 6
26 5 23 14 1 7 2 26 11 11 15 4 6 6 19 18 16 13 11 20 0 15 23 1 16 18 17 20 23 23
11 19 24 8 7 11 7 25 15 2 12 11 14 9 3 19 9 11 26 20 17 0 26 25 11 16 19 18 14 24
5 15 11 4 13 18 16 26 17 7 4 13 15 5 1 4 5 25 18 10 25 3 0 23 19 10 21 3 22 12
17 2 15 6 4 6 11 17 24 14 9 3 11 24 4 5 14 23 17 14 10 19 15 0 19 17 19 22 6 9
22 10 8 24 8 24 3 15 5 25 21 6 16 25 11 10 18 9 7 3 1 2 11 10 0 24 12 25 20 10
21 18 10 15 14 13 26 13 5 3 25 2 21 25 16 11 11 1 9 19 14 4 20 23 13 0 22 4 1 9
4 1 22 6 26 9 16 1 24 13 16 4 16 10 13 16 10 15 25 7 21 19 10 12 4 11 0 5 9 14
22 20 23 21 18 20 18 16 26 13 11 26 23 14 19 23 1 14 22 7 3 17 20 16 26 19 23 0 10 11
22 24 4 2 4 21 15 8 20 4 16 5 1 25 17 1 9 25 11 25 14 20 9 19 24 9 15 26 0 5
8 16 1 13 19 25 3 26 17 12 9 15 8 7 18 7 22 12 23 1 12 3 3 22 23 21 20 25 12 0

0 3 21 8 5 25 12 10 18 12 8 24 23 4 25 21 14 17 26 12 24 14 12 8 20 18 18 24 24 26
8 0 26 14 11 14 10 1 17 13 1 16 25 15 14 25 13 19 23 18 16 19 25 19 23 5 16 13 26 10
12 1 0 26 1 19 17 15 2 22 23 11 12 11 5 24 1 25 21 14 3 5 16 1 3 13 21 13 14 17
13 1 15 0 19 26 3 5 18 22 8 1 3 20 8 9 21 1 18 11 2 14 3 10 24 21 15 1 3 10
3 19 19 17 0 4 5 11 25 7 6 17 24 13 1 11 12 23 17 13 8 1 18 17 15 16 11 18 14 8
19 26 7 19 10 0 3 14 4 7 13 18 20 24 14 10 16 13 7 12 4 21 19 12 26 9 20 23 12 18
13 22 19 17 14 1 0 21 20 19 12 3 2 2 16 7 22 20 14 6 3 13 3 22 24 11 18 13 22 14
5 13 23 9 20 25 24 0 4 11 18 25 4 16 8 25 2 9 17 2 1 9 13 13 3 23 25 21 25 20
25 13 9 10 14 5 26 18 0 21 6 6 4 23 4 3 12 8 12 25 18 11 5 17 2 9 8 25 19 4
13 23 22 12 2 25 10 4 16 0 14 26 14 19 24 25 26 9 18 24 6 11 25 16 11 7 23 5 19 8
3 3 23 11 22 8 24 17 7 12 0 26 17 16 17 24 16 1 17 15 24 3 22 22 2 11 7 26 26 18
19 10 13 12 21 2 20 12 2 12 16 0 10 19 19 1 17 17 5 16 16 18 22 22 12 10 8 3 24 7
20 3 12 20 15 24 15 12 4 25 5 15 0 4 7 16 24 16 6 25 16 5 8 23 26 1 3 14 19 20
13 13 17 5 4 3 6 13 2 9 17 6 2 0 2 11 13 4 11 9 15 20 17 18 15 13 20 13 6 18
23 4 3 1 15 20 10 4 11 23 19 1 17 25 0 17 15 5 20 13 20 7 20 12 24 7 24 20 26 18
16 6 14 12 23 11 8 7 17 7 7 2 4 1 11 0 18 26 2 14 10 13 21 23 12 10 13 13 19 26
11 19 25 21 16 19 12 17 5 9 3 3 17 4 19 10 0 2 2 24 6 11 14 10 22 22 26 1 6 9
18 2 2 9 3 6 19 21 14 20 21 2 20 13 13 12 11 0 15 6 11 20 6 19 17 20 24 4 1 12
19 22 15 20 18 3 15 13 22 15 19 3 21 23 8 4 13 15 0 26 13 6 8 3 20 11 1 6 1 4
12 18 15 20 24 20 4 7 15 19 25 25 4 10 7 4 24 7 10 0 8 4 17 26 25 20 9 7 2 14
25 3 24 7 17 12 4 16 26 19 13 10 22 25 26 6 19 1 4 22 0 6 1 4 21 16 17 11 21 2
6 21 10 2 16 19 22 18 10 23 21 7 16 17 16 23 14 22 8 21 24 0 21 17 9 4 10 21 19 5
24 3 10 3 13 1 5 10 6 23 8 18 11 20 17 3 22 21 1 12 16 7 0 10 8 26 7 24 18 13
11 25 11 18 7 26 22 21 11 16 26 19 21 14 17 19 2 17 9 19 5 11 9 0 22 16 11 5 21 11
1 21 12 11 10 1 22 23 1 4 24 22 15 3 10 10 21 3 22 24 9 24 22 1 0 17 5 18 19 16
11 15 1 24 2 8 4 5 1 22 16 9 9 21 6 1 21 24 3 21 21 11 12 3 5 0 12 24 26 21
11 19 24 7 4 3 3 13 16 4 2 20 11 15 2 3 4 24 6 18 12 9 25 14 18 6 0 13 10 17
16 6 9 10 8 22 5 26 1 19 26 24 7 8 7 18 4 12 2 3 17 1 15 14 9 24 24 0 10 12
10 14 19 18 12 19 24 16 23 21 20 16 5 13 23 1 16 26 20 3 26 23 3 9 12 20 10 8 0 7
16 9 18 26 4 6 4 14 4 16 8 18 17 14 23 4 5 16 25 17 2 15 8 9 21 14 20 15 23 0

0 14 4 6 26 2 5 24 7 6 26 18 26 7 14 4 3 12 8 23 4 15 7 11 25 25 22 6 4 9
2 0 10 19 14 9 19 11 4 25 6 18 4 13 16 6 14 18 20 23 18 1 17 17 1 6 20 11 5 16
12 6 0 15 7 23 24 12 3 7 19 1 22 14 12 6 25 16 21 14 4 22 10 26 9 5 11 12 9 7
23 24 3 0 14 1 25 23 8 18 9 18 21 26 7 15 21 20 16 13 22 9 26 23 6 3 13 19 4 18
21 12 2 14 0 18 3 17 2 21 5 26 9 17 3 13 23 21 16 13 18 22 18 25 8 3 26 16 19 18
16 11 17 17 8 0 6 8 2 13 4 3 23 7 13 8 18 4 18 12 14 22 21 12 20 1 9 13 14 11
8 25 23 17 1 17 0 25 8 10 11 10 22 5 6 20 6 4 26 24 4 12 24 12 17 24 19 7 20 14
1 21 10 19 2 18 10 0 2 4 5 23 13 20 10 14 21 11 11 3 13 16 19 26 12 25 17 22 26 20
23 17 26 24 7 14 16 21 0 4 1 1 8 9 9 18 9 2 17 23 19 17 16 7 15 3 14 22 15 23
14 12 12 14 20 15 10 4 20 0 12 22 22 2 15 23 20 16 14 22 14 13 4 18 10 16 22 6 13 20
4 16 9 9 17 6 24 2 16 1 0 16 9 3 12 16 14 12 2 18 7 17 11 17 17 26 20 9 6 6
14 7 15 9 23 24 20 21 13 11 14 0 15 16 3 7 20 26 24 20 4 10 23 17 21 3 7 15 1 3
23 12 22 3 17 7 25 2 16 3 7 24 0 17 13 7 21 14 2 10 14 8 4 24 7 1 8 16 10 18
10 6 3 15 16 14 23 8 12 13 22 1 17 0 18 10 14 26 11 9 5 5 2 19 11 2 14 12 1 10
13 7 20 26 15 15 4 14 7 25 20 4 3 16 0 10 26 1 22 12 17 12 12 5 17 21 4 24 10 2
17 18 13 10 26 26 25 9 8 24 19 5 1 6 13 0 18 25 13 11 10 11 15 25 17 26 12 16 17 3
20 14 3 8 19 26 21 17 8 12 15 22 12 22 25 17 0 9 3 21 2 11 6 4 22 26 7 26 16 11
1 18 25 7 19 15 5 22 13 17 7 16 12 18 5 21 12 0 20 23 5 20 19 6 26 26 26 23 26 13
9 10 24 4 15 11 10 17 6 6 15 9 7 9 23 6 17 23 0 16 21 21 1 7 13 3 14 24 26 11
18 24 25 13 3 1 16 14 20 2 2 22 22 7 10 5 24 21 15 0 15 20 22 20 16 22 25 9 10 24
8 13 19 7 12 16 14 25 7 24 25 14 14 17 20 12 18 13 6 18 0 25 12 4 26 22 8 6 25 8
7 14 9 23 5 3 25 23 20 13 17 22 3 26 5 4 2 6 21 5 21 0 5 13 5 5 4 1 6 17
26 4 15 3 6 1 19 21 1 13 7 23 7 12 23 1 6 23 15 2 17 17 0 7 10 13 26 18 12 14
24 7 6 5 7 10 9 25 20 15 21 2 7 9 13 15 22 9 26 12 24 9 8 0 1 24 10 1 7 25
5 4 8 8 22 11 16 19 5 11 24 11 19 7 10 5 21 4 5 4 2 12 23 2 0 11 1 2 20 2
11 18 23 24 13 17 24 2 16 11 3 5 15 12 16 10 7 19 6 2 22 23 6 7 25 0 25 26 12 16
18 3 4 4 26 19 20 20 23 19 3 10 17 10 14 11 10 22 24 16 26 17 6 17 3 11 0 10 10 26
16 7 12 26 19 7 2 9 14 20 12 2 15 13 11 23 13 15 8 16 4 13 13 18 16 14 25 0 11 6
18 26 10 15 10 7 10 11 23 5 13 22 15 22 26 11 2 17 4 20 16 10 16 5 13 7 8 18 0 2
14 16 1 15 17 22 12 13 17 18 12 22 13 3 15 7 9 17 8 23 24 7 21 20 12 9 24 14 4 0

0 11 23 2 5 20 8 21 17 7 19 2 26 22 7 5 13 22 18 2 23 21 26 3 8 13 15 2 4 13
9 0 3 9 10 1 3 13 25 23 7 19 18 6 7 18 25 3 12 15 1 11 21 26 15 7 17 25 13 5
1 5 0 3 13 10 22 10 20 23 6 17 19 25 20 7 3 24 23 14 10 4 20 6 13 14 14 3 19 16
6 10 3 0 22 9 12 10 20 21 3 1 20 15 18 23 6 8 10 9 19 26 9 14 21 14 14 16 24 18
14 10 3 4 0 18 7 4 12 1 25 20 1 25 4 10 14 24 19 16 6 22 3 3 8 18 2 3 25 4
2 10 19 26 19 0 5 20 24 5 8 1 12 4 5 10 14 17 11 11 1 10 2 13 10 21 5 5 4 18
11 23 8 22 17 21 0 4 1 19 26 2 25 3 20 23 21 20 20 2 12 26 14 14 17 13 15 3 10 17
24 21 7 16 26 23 18 0 9 8 4 17 21 9 26 6 3 20 20 25 21 20 6 2 22 25 10 21 15 6
10 17 6 22 6 21 15 7 0 3 1 11 22 20 25 7 14 18 15 9 19 21 4 12 10 12 3 3 26 25
23 15 5 1 24 5 8 4 17 0 12 10 13 5 2 19 1 19 13 18 20 24 5 17 14 11 13 11 6 7
19 2 10 19 9 16 17 8 14 6 0 20 22 25 26 3 25 23 3 21 11 16 26 24 8 25 18 26 20 16
20 7 13 13 16 17 21 20 16 11 26 0 25 9 17 9 19 11 16 5 2 7 16 22 13 20 25 4 26 26
25 23 17 23 6 18 22 9 25 26 20 14 0 25 23 9 26 25 19 1 6 15 26 3 12 19 26 10 13 6
6 4 24 14 4 2 11 5 9 11 17 6 8 0 3 14 21 6 6 6 26 21 14 10 18 15 4 13 13 1
25 14 1 8 12 14 7 17 16 7 23 15 5 18 0 22 1 14 9 8 9 14 16 14 13 17 9 17 2 11
8 24 19 18 19 17 8 18 23 7 12 17 7 24 17 0 15 4 7 1 2 20 4 25 1 9 16 25 16 10
21 3 12 24 25 19 5 22 10 15 10 12 26 14 21 17 0 6 14 17 7 14 8 10 16 17 24 8 14 20
6 8 18 19 9 11 3 22 25 18 24 3 21 13 5 13 5 0 19 3 14 18 4 20 14 13 25 21 15 8
2 10 14 9 13 17 13 19 14 2 24 12 10 14 13 10 18 17 0 11 14 25 9 18 4 10 22 8 15 17
20 22 18 12 9 17 6 23 23 6 18 24 22 6 3 21 23 7 21 0 11 13 22 1 22 1 25 8 14 5
10 16 7 25 22 12 12 17 1 18 23 13 24 22 3 9 25 10 10 3 0 24 11 9 10 19 19 13 16 20
16 18 17 26 2 5 11 1 1 17 14 4 6 12 15 7 8 18 10 6 22 0 11 20 22 22 9 4 7 25
13 2 11 14 19 26 19 1 1 1 15 6 21 5 22 9 1 3 24 19 2 13 0 10 1 12 6 9 14 7
22 3 3 15 23 25 9 24 12 7 4 5 22 17 4 12 24 9 6 6 18 5 20 0 26 4 4 24 9 14
5 8 1 18 3 2 21 20 8 6 12 10 1 23 3 18 21 6 20 13 17 2 3 6 0 24 12 9 17 20
5 10 17 24 1 5 19 8 4 4 9 1 13 2 9 25 12 21 21 14 9 19 25 16 8 0 4 22 18 16
24 26 22 7 1 17 5 25 4 21 14 7 25 16 25 14 4 15 5 7 6 18 11 2 2 6 0 18 14 7
5 23 6 24 7 20 23 3 9 4 21 25 15 8 20 24 4 1 24 6 7 14 14 18 19 7 16 0 19 11
13 21 16 9 1 18 15 9 8 17 2 2 10 22 25 26 2 6 7 1 6 20 4 2 13 6 3 14 0 25
8 25 26 22 9 5 1 22 22 12 7 18 22 5 12 21 19 25 15 14 4 9 6 5 15 5 1 4 9 0

0 2 22 17 2 13 23 11 25 14 10 26 13 9 20 9 10 20 9 6 13 13 10 8 16 12 9 2 7 3
17 0 21 23 25 25 14 24 7 15 4 26 1 11 19 25 21 13 24 11 8 15 1 18 24 9 26 20 16 3
6 21 0 9 11 9 15 19 1 21 8 15 14 21 17 1 7 3 22 11 21 16 18 20 13 25 9 16 26 6
12 7 20 0 2 4 7 20 15 1 11 16 15 16 23 7 17 2 8 9 24 6 8 5 16 22 5 16 3 7
19 14 20 26 0 13 10 2 3 14 9 11 11 5 13 8 8 7 21 13 7 14 18 22 3 2 20 2 25 26
3 15 14 3 22 0 18 1 18 8 16 26 19 6 13 1 1 7 16 18 20 18 15 22 11 6 19 25 6 16
3 13 7 1 12 7 0 17 22 16 5 21 26 11 18 11 24 3 7 4 8 7 3 13 5 12 4 19 10 3
11 23 2 14 12 19 26 0 18 11 26 4 25 4 14 25 12 16 15 26 21 2 16 9 24 11 9 10 16 15
25 15 7 15 3 23 7 9 0 19 15 24 22 25 20 5 19 4 6 16 5 10 10 10 18 15 6 23 17 22
21 1 2 13 16 17 22 26 18 0 4 2 21 15 11 14 22 9 1 24 16 10 16 7 22 19 14 12 8 7
15 12 6 5 8 5 17 3 21 19 0 22 25 6 2 16 15 2 21 24 2 21 1 8 18 18 2 10 1 20
1 5 3 2 15 5 23 15 26 25 22 0 23 23 11 18 17 7 1 9 17 13 14 1 10 6 11 8 5 25
2 21 6 4 1 24 4 11 3 8 19 8 0 11 23 8 23 18 16 23 10 20 6 8 21 3 11 9 5 16
10 13 1 22 7 5 24 22 7 23 17 20 16 0 12 7 19 13 16 8 21 13 5 18 16 2 7 13 17 18
18 9 3 17 13 6 7 23 24 15 23 12 9 18 0 6 6 4 24 5 8 14 23 4 19 20 24 11 16 16
22 25 16 14 2 11 9 9 5 11 12 25 11 13 13 0 11 17 18 19 19 4 19 11 19 11 6 17 20 12
19 25 21 7 6 10 24 15 19 6 7 22 11 5 17 15 0 5 5 2 14 17 20 6 7 17 7 26 25 19
8 25 5 21 13 25 8 7 14 23 2 22 25 2 1 14 3 0 18 9 17 20 18 15 2 4 15 7 12 14
7 20 6 4 17 2 25 7 21 21 7 22 22 26 8 24 21 26 0 6 8 1 14 21 5 23 7 1 8 10
13 25 23 10 23 19 10 20 20 14 15 14 4 11 6 12 6 20 19 0 17 2 18 11 1 5 23 8 2 15
18 13 24 20 3 14 22 7 7 19 17 18 7 4 15 12 16 17 12 17 0 4 1 24 15 13 3 7 3 16
23 24 14 6 23 18 17 7 21 24 2 15 25 11 3 25 21 1 2 14 11 0 16 22 20 4 16 26 8 5
14 3 12 10 5 20 22 18 25 20 19 15 21 6 8 26 21 6 17 3 12 11 0 1 1 9 17 10 6 2
25 5 24 2 6 16 13 1 4 3 14 19 16 11 12 8 10 26 2 24 21 14 4 0 22 2 18 5 15 25
3 1 21 20 23 23 21 7 7 18 19 2 12 7 6 16 5 2 19 22 17 5 3 1 0 20 18 26 25 21
20 18 24 8 23 19 3 23 23 12 9 1 9 14 6 2 21 4 19 17 20 17 8 23 16 0 2 11 5 21
26 22 3 1 17 10 1 4 23 8 11 13 10 15 22 21 21 15 16 15 11 12 10 1 17 5 0 16 14 21
21 3 26 24 21 11 11 13 4 6 12 26 9 19 11 19 15 4 24 19 16 3 26 9 8 25 13 0 7 11
8 18 5 26 2 8 17 5 16 17 12 5 23 21 11 18 12 9 6 4 9 23 12 3 19 26 6 18 0 19
8 5 24 15 25 26 18 4 1 24 21 3 18 15 10 19 1 7 12 2 3 3 13 15 23 4 20 15 20 0

0 6 22 13 3 7 11 4 13 12 22 8 2 2 1 25 25 13 4 5 26 24 19 18 4 22 2 26 7 4
13 0 5 15 26 22 12 25 4 25 18 9 23 12 21 21 8 17 11 7 10 2 23 16 15 3 17 16 19 20
25 19 0 16 16 2 13 26 6 18 21 1 23 8 22 21 17 7 9 2 12 18 11 13 21 20 26 2 17 14
16 5 15 0 20 24 2 7 24 4 26 15 12 16 21 24 24 8 20 25 18 13 4 20 8 14 8 26 24 3
11 8 14 2 0 5 18 3 25 22 18 1 24 7 2 20 24 20 23 25 21 12 14 23 11 4 14 11 7 20
15 1 7 10 21 0 16 19 16 2 17 12 24 2 3 12 11 8 11 23 25 5 26 14 3 4 1 20 20 6
19 16 13 10 4 4 0 4 7 3 7 8 24 23 9 3 18 12 4 3 6 20 4 10 12 9 4 9 3 21
6 18 16 17 12 23 13 0 8 7 26 26 21 7 4 20 21 20 18 21 26 7 11 1 10 25 3 3 19 26
12 12 17 15 24 16 23 9 0 16 1 13 13 11 21 23 19 23 14 24 18 3 6 11 26 8 8 17 14 26
14 16 6 10 24 21 18 21 12 0 20 25 14 15 15 11 7 5 10 24 19 17 4 23 6 9 25 23 2 5
21 15 20 1 17 23 18 12 24 1 0 21 10 7 21 18 19 15 7 1 8 17 12 14 21 5 1 25 19 18
26 9 5 1 2 3 1 24 26 18 4 0 20 2 12 3 5 26 14 9 6 4 18 25 8 8 15 1 5 4
7 22 26 22 6 24 9 25 12 24 10 1 0 2 7 26 13 15 11 8 26 6 12 15 14 2 17 21 14 14
17 19 20 14 10 13 23 1 23 15 8 5 16 0 13 6 24 3 13 10 1 19 25 14 23 16 2 23 7 12
23 20 13 23 14 24 8 13 6 26 2 21 4 3 0 8 19 21 4 13 2 20 2 18 15 23 15 9 22 5
2 21 13 11 18 18 19 8 23 13 23 18 1 21 4 0 14 13 4 4 20 20 10 7 24 15 9 2 11 13
24 12 8 6 26 6 16 8 7 19 9 19 2 1 13 13 0 18 26 17 9 24 20 12 10 12 17 21 4 20
26 26 13 10 1 8 24 19 22 10 7 6 13 16 2 16 1 0 16 5 26 7 9 12 23 2 7 8 1 2
19 18 9 15 14 18 24 3 6 11 21 25 17 13 15 20 4 10 0 17 26 21 8 13 4 16 8 2 1 4
9 16 26 24 24 5 5 18 2 13 21 2 4 8 12 13 8 8 16 0 22 26 23 26 8 6 16 12 20 20
11 20 8 2 20 18 23 4 7 4 14 18 14 8 20 17 11 11 11 5 0 21 12 23 22 21 18 3 20 21
15 26 4 11 14 7 16 13 15 23 10 15 3 2 4 2 7 1 3 16 4 0 1 26 20 17 20 23 6 24
3 18 4 7 9 25 9 1 11 5 19 8 1 22 15 7 12 19 22 9 25 13 0 6 16 21 12 12 14 10
9 15 23 26 17 24 13 15 23 15 17 5 26 6 4 1 25 17 14 21 10 7 26 0 24 12 7 19 13 9
7 9 26 11 14 18 6 13 15 19 12 4 10 6 15 12 20 26 22 17 9 15 6 9 0 10 25 1 6 5
20 22 19 22 5 5 25 9 22 21 2 20 26 18 25 20 21 2 6 20 14 13 16 10 26 0 17 2 16 17
3 15 22 18 5 2 3 19 20 10 6 2 12 16 21 24 23 6 11 26 9 21 9 17 14 16 0 1 3 11
9 24 21 19 20 20 23 15 15 15 13 16 9 3 10 23 19 18 8 1 15 11 10 4 21 14 3 0 20 16
20 25 9 19 24 2 18 25 7 22 21 24 12 21 25 12 10 26 2 6 16 12 16 11 2 15 17 25 0 5
13 8 2 11 5 24 5 12 20 16 19 19 25 13 6 10 19 20 21 17 7 20 21 8 24 13 1 17 9 0

0 17 22 22 25 3 21 18 23 25 24 9 19 15 26 7 8 9 20 22 24 14 9 15 1 24 20 13 14 17
23 0 4 10 23 9 6 26 11 22 20 16 9 14 13 21 26 26 24 11 14 16 25 6 11 7 24 10 17 19
23 9 0 18 25 4 8 18 11 25 16 7 17 14 25 7 7 8 24 18 14 20 10 1 14 3 21 14 25 8
8 20 19 0 1 21 11 4 22 13 6 26 24 3 18 9 7 16 2 16 20 10 5 17 8 10 5 5 21 16
3 16 12 16 0 9 14 24 11 16 10 10 22 15 17 19 5 7 26 18 15 5 8 8 22 14 16 14 15 3
9 17 25 16 8 0 17 21 16 18 8 20 5 12 26 1 17 2 1 23 25 18 11 12 12 2 17 16 16 12
22 1 13 13 15 2 0 14 15 9 5 12 2 4 6 18 9 16 18 1 10 3 25 23 16 20 10 11 21 21
26 20 11 2 18 8 23 0 26 11 4 8 7 5 3 9 23 25 24 11 2 18 18 5 13 5 6 4 22 15
12 21 26 7 11 4 4 14 0 23 15 7 23 26 7 17 7 16 12 21 18 5 11 14 9 9 11 25 22 15
11 12 25 1 9 11 22 26 17 0 20 10 16 16 6 21 17 19 9 14 6 19 14 14 10 3 15 3 20 4
7 12 8 10 12 16 17 6 8 26 0 4 15 18 2 25 1 4 16 12 16 24 13 2 1 7 25 10 23 20
19 24 22 14 7 20 3 10 8 22 11 0 7 6 3 15 3 11 20 8 17 15 20 12 4 16 18 23 12 20
25 21 22 10 2 16 2 9 8 11 11 25 0 26 8 14 25 8 4 7 15 15 11 3 22 7 3 26 17 19
21 11 24 21 23 17 5 14 18 4 7 26 3 0 24 17 1 20 3 4 13 16 4 3 15 3 23 25 3 20
13 14 12 3 1 11 8 5 16 24 3 1 22 9 0 1 21 5 24 19 10 21 5 4 18 26 10 26 16 3
1 19 18 24 12 10 17 25 4 8 22 26 9 20 14 0 23 12 15 1 5 22 7 8 6 3 5 12 26 14
26 15 13 23 13 11 12 6 14 18 15 9 12 9 14 19 0 18 2 8 24 11 11 11 1 25 3 15 18 21
19 8 16 21 18 25 11 20 24 22 23 12 8 2 1 18 19 0 9 5 7 3 7 16 20 17 8 23 23 23
20 3 23 15 1 8 5 14 20 7 23 2 21 2 18 16 16 8 0 8 15 2 20 1 19 4 9 15 22 16
19 18 22 15 16 4 25 21 19 9 20 22 15 5 14 22 7 17 24 0 10 22 25 1 1 20 6 19 26 25
3 20 3 25 24 19 9 10 2 14 20 8 8 17 15 10 3 18 26 16 0 9 12 14 19 9 13 23 21 18
3 10 23 8 25 18 24 17 9 6 21 20 12 23 8 17 11 5 25 22 20 0 2 4 8 12 5 6 19 11
2 24 15 10 12 13 5 23 14 18 22 14 5 8 18 7 3 18 12 17 14 3 0 21 9 10 20 26 7 23
24 23 14 8 22 26 14 14 26 26 25 21 11 12 22 15 24 17 1 3 24 20 20 0 21 15 10 1 7 16
5 13 20 12 14 5 5 6 8 19 15 20 19 16 7 20 17 9 25 6 26 21 26 21 0 2 2 20 21 16
15 15 6 26 24 3 10 12 11 9 4 6 7 4 1 4 18 4 17 2 19 24 18 13 23 0 15 7 16 26
18 6 20 6 25 20 25 24 11 20 5 21 17 22 13 6 5 19 2 8 15 10 13 26 2 6 0 25 3 15
18 4 8 2 11 20 5 8 15 22 10 3 17 19 24 24 2 9 5 11 4 13 2 23 19 14 25 0 17 20
9 17 6 1 20 23 10 13 14 17 26 24 10 7 1 3 20 3 3 22 8 11 4 19 8 23 24 26 0 1
6 12 17 15 13 17 4 19 8 14 21 13 13 1 15 10 12 5 16 12 7 21 13 25 3 8 24 14 10 0

0 4 18 23 3 4 15 16 26 17 19 25 24 4 3 15 2 20 12 7 19 15 22 7 12 4 13 21 16 18
9 0 6 24 9 12 13 18 9 15 22 26 21 12 5 20 3 9 1 10 18 9 3 20 26 23 11 13 15 24
11 17 0 9 24 23 26 7 9 9 15 24 11 16 22 13 25 7 13 25 16 2 21 21 18 11 17 8 23 15
18 20 4 0 26 22 15 6 19 5 20 23 6 11 23 3 1 4 3 25 24 9 3 18 6 21 14 2 14 24
21 23 26 22 0 2 12 25 16 4 1 2 10 15 6 21 18 2 14 4 1 23 12 2 24 3 20 23 20 17
9 19 7 10 1 0 13 5 14 11 22 7 7 4 2 8 22 8 1 8 21 15 19 17 24 21 18 4 19 10
17 19 26 21 3 17 0 21 7 19 16 7 14 21 6 12 7 6 5 25 25 26 8 5 3 21 20 18 7 15
24 16 25 8 23 22 20 0 14 7 5 4 11 5 24 22 15 12 10 24 3 22 7 26 7 10 25 9 19 10
22 23 14 24 9 9 20 11 0 17 4 11 9 12 11 8 5 14 6 5 23 8 13 4 25 15 24 15 7 2
19 12 6 5 16 19 14 20 8 0 9 12 2 5 19 10 13 17 16 2 16 1 16 6 25 1 17 20 16 15
13 12 13 23 16 10 18 25 19 10 0 22 26 25 7 26 22 20 26 7 10 16 19 13 4 16 23 9 14 13
24 15 15 26 24 26 21 23 22 1 18 0 1 20 26 13 6 12 7 24 17 13 20 8 4 4 24 1 3 15
9 4 16 4 7 9 22 18 21 8 18 25 0 7 15 25 22 20 1 8 5 8 18 8 16 17 2 22 10 7
20 21 19 23 23 23 1 6 4 25 25 17 22 0 10 19 25 18 22 3 12 16 6 10 14 14 10 4 18 24
2 19 7 16 25 16 5 15 21 3 11 26 4 23 0 8 18 13 5 24 22 4 1 20 16 11 13 12 17 10
6 17 22 21 9 21 20 10 6 3 2 18 20 9 19 0 3 7 24 13 15 17 20 4 9 22 13 17 11 19
6 12 25 12 15 1 5 26 19 6 15 24 2 21 9 13 0 16 14 12 25 26 9 13 19 11 20 14 25 16
21 12 24 22 6 9 18 23 6 11 13 22 8 21 8 16 26 0 15 20 14 13 10 23 19 25 17 12 10 8
23 15 16 18 4 16 2 14 24 17 12 25 24 14 19 20 7 6 0 5 2 14 12 18 3 18 26 25 17 22
4 13 16 11 25 22 12 6 12 23 3 18 22 10 11 22 21 12 19 0 12 15 24 9 12 13 15 13 20 1
9 24 23 16 19 13 6 24 11 6 11 18 21 8 20 23 4 5 8 1 0 13 10 12 13 19 6 17 20 19
15 11 20 10 5 16 22 23 11 5 23 24 9 19 11 1 23 24 2 6 20 0 7 20 8 25 5 6 11 22
18 18 14 13 10 21 4 3 8 22 14 23 19 21 21 14 16 26 15 22 17 2 0 2 17 16 12 1 11 15
25 21 8 21 20 17 5 1 10 2 5 25 24 21 2 13 26 21 22 7 17 24 21 0 13 2 12 22 21 4
3 1 15 8 11 7 19 25 4 11 9 7 5 5 14 5 13 25 12 24 12 10 17 5 0 20 22 13 7 6
5 14 23 5 11 21 3 3 21 23 13 20 26 13 16 24 20 3 17 24 17 20 17 25 6 0 23 20 13 7
3 12 22 23 5 14 7 16 15 12 23 23 4 22 3 12 13 16 4 14 15 10 18 21 7 13 0 9 11 1
15 2 16 8 23 13 5 23 10 23 13 16 24 20 25 16 17 20 8 6 25 16 9 26 18 14 7 0 18 5
15 23 22 26 4 3 25 2 9 25 20 4 26 1 1 3 1 1 18 14 6 25 10 11 6 14 14 7 0 15
8 22 9 19 13 10 24 3 20 6 5 5 18 20 26 17 13 10 2 16 15 26 10 21 2 18 15 8 7 0

0 23 16 14 4 9 8 14 14 26 6 8 3 8 24 12 19 22 24 21 2 14 22 16 14 18 7 26 15 18
1 0 4 26 14 18 25 8 10 14 18 18 5 1 18 25 24 9 13 22 9 10 15 15 10 6 10 5 6 12
17 12 0 6 18 10 17 22 14 12 4 16 3 21 10 12 14 16 10 8 14 8 7 18 18 16 15 13 19 7
10 17 1 0 19 10 14 13 1 22 2 11 2 23 9 18 26 8 17 10 25 17 1 14 10 17 3 22 3 26
9 21 13 24 0 16 22 8 9 18 3 16 13 5 23 4 15 20 13 23 19 6 4 1 18 3 25 18 10 1
2 15 3 9 3 0 18 14 2 21 15 2 22 19 5 14 25 25 7 19 11 21 8 6 19 15 12 15 16 6
2 16 21 21 26 21 0 25 11 15 10 26 20 8 8 12 17 3 5 23 15 25 3 3 3 17 26 12 16 6
15 23 16 10 26 17 16 0 21 21 13 26 23 6 22 16 3 25 25 8 25 22 20 10 26 5 16 25 12 23
17 20 13 3 24 2 19 13 0 7 3 13 16 25 26 25 18 4 12 9 5 7 15 25 19 9 19 4 16 4
17 6 13 24 7 2 9 11 21 0 21 10 6 26 1 8 3 24 3 23 21 22 13 7 7 21 13 15 21 25
3 25 11 24 25 19 9 4 2 9 0 13 6 11 3 16 13 5 23 13 7 1 6 12 22 24 10 1 26 5
13 18 6 19 25 24 11 17 7 12 4 0 21 26 23 12 15 8 11 20 3 2 12 17 2 21 18 1 19 14
11 24 9 2 18 8 6 10 11 22 3 24 0 26 14 21 24 8 26 20 16 11 2 16 9 6 14 21 19 19
19 11 25 15 26 22 5 3 26 3 10 20 3 0 17 8 20 23 8 14 14 24 26 15 11 25 8 5 26 20
19 8 26 18 17 20 12 13 8 7 1 8 21 26 0 11 20 6 22 23 4 7 7 4 8 9 20 4 7 10
22 11 11 26 23 13 15 25 21 14 22 9 21 21 16 0 15 1 23 13 1 9 22 19 10 15 10 17 24 4
8 2 21 1 26 12 14 8 11 16 15 26 16 9 10 6 0 5 6 26 15 11 16 6 11 15 19 2 7 15
3 10 12 13 3 9 7 19 12 8 14 18 19 19 5 21 26 0 18 21 7 26 15 15 4 14 2 8 16 6
16 19 17 9 21 23 2 17 17 24 16 12 7 14 5 22 11 24 0 20 3 13 1 14 25 8 26 16 15 14
17 4 24 18 15 16 11 26 1 10 8 1 25 8 15 21 16 10 3 0 13 11 21 2 21 18 26 4 2 21
21 16 14 21 17 11 23 11 19 19 6 10 16 9 2 22 10 26 7 25 0 20 1 15 3 19 11 10 22 11
8 15 7 7 16 9 7 18 22 17 20 22 16 25 2 21 12 15 14 5 8 0 10 12 17 3 25 3 4 16
7 22 2 26 4 1 1 10 11 17 7 7 15 1 12 12 21 2 12 7 18 2 0 15 6 22 6 3 3 3
4 7 24 5 20 19 20 8 14 25 9 22 15 21 11 17 8 15 25 11 26 19 6 0 23 24 9 26 5 2
6 26 9 1 13 6 26 7 19 19 4 13 11 13 23 13 5 3 14 5 16 20 16 13 0 16 13 4 15 23
19 16 25 6 17 3 17 10 7 14 2 10 24 10 16 26 19 21 15 12 14 3 9 11 18 0 8 18 4 16
1 19 6 12 3 14 9 12 14 16 7 2 10 11 25 26 20 12 20 10 12 10 7 21 8 14 0 3 13 8
2 9 5 23 18 8 2 20 12 9 8 6 17 19 9 22 2 14 19 10 8 19 5 21 14 5 13 0 20 1
18 24 1 17 22 10 2 24 13 19 23 23 2 24 19 19 13 9 8 17 10 20 6 20 24 6 16 23 0 3
19 11 14 2 5 10 10 10 23 26 19 23 17 18 24 7 15 5 22 12 12 21 23 15 15 20 14 7 8 0
