10 10 2
10    1  2 44    1  3 5    1  5 58    1  4 97    2  0 9  7 9    1  7 84    1  8 77    1  9 96    1  1 58    1  6 89
10    1  4 15    1  7 31    2  1 87  5 87    1  8 57    1  0 77    1  3 85    2  2 81  5 81    1  5 39    1  9 73    1  6 21
10    1  9 82    2  6 22  9 22    1  4 10    1  3 70    1  1 49    1  0 40    1  8 34    1  2 48    2  7 80  3 80    1  5 71
10    1  1 91    2  2 17  9 17    1  7 62    1  5 75    1  8 47    1  4 11    1  3 7    1  6 72    1  9 35    1  0 55
10    1  6 71    2  1 90  2 90    1  3 75    1  0 64    2  2 94  4 94    1  8 15    1  4 12    1  7 67    2  9 20  8 20    1  5 50
10    2  7 70  2 70    1  5 93    1  8 77    1  2 29    1  4 58    1  6 93    1  3 68    1  1 57    1  9 7    1  0 52
10    1  6 87    1  1 63    1  4 26    1  5 6    1  2 82    1  3 27    1  7 56    1  8 48    1  9 36    1  0 95
10    2  0 36  2 36    1  5 15    1  8 41    1  9 78    1  3 76    1  6 84    1  4 30    1  7 76    1  2 36    1  1 8
10    2  5 88  4 88    1  2 81    1  3 13    1  6 82    1  4 54    1  7 13    1  8 29    1  9 40    1  1 78    1  0 75
10    1  9 88    2  4 54  6 54    1  6 64    1  7 32    1  0 52    1  2 6    1  8 54    1  5 82    1  3 6    1  1 26

0 14 26 25 7 6 2 18 10 7
6 0 5 20 26 1 6 22 11 10
11 6 0 6 2 9 21 13 25 15
21 1 14 0 8 3 1 25 13 10
17 1 19 20 0 9 15 15 4 9
24 17 13 19 11 0 3 17 6 12
24 27 3 13 20 21 0 14 1 18
21 27 3 22 5 15 21 0 7 19
21 24 24 21 5 5 23 7 0 13
22 26 17 21 25 11 19 13 10 0

0 9 1 2 2 26 6 2 18 8
17 0 23 13 12 4 7 2 24 19
16 2 0 19 4 24 8 20 4 3
17 13 13 0 8 27 3 26 16 23
8 25 27 9 0 5 4 1 1 7
6 11 14 25 15 0 7 6 19 3
27 18 27 26 20 18 0 16 21 11
25 8 26 6 19 18 24 0 23 12
16 14 7 11 15 9 27 16 0 7
5 13 16 25 14 14 5 5 11 0

0 24 5 8 15 25 4 27 13 8
26 0 3 23 13 24 12 11 22 21
24 11 0 7 17 22 10 27 18 17
14 26 4 0 14 19 20 7 5 2
20 24 7 26 0 26 5 9 2 17
6 10 10 10 2 0 12 25 13 19
26 7 21 1 15 2 0 26 24 22
10 22 27 22 4 8 21 0 2 7
20 20 21 18 1 5 7 9 0 9
19 21 1 6 1 27 21 6 20 0

0 19 8 25 8 14 16 26 1 5
27 0 11 18 6 1 1 17 7 7
3 6 0 6 18 6 5 7 5 6
8 26 6 0 12 3 11 10 11 20
1 21 13 11 0 18 7 14 2 22
8 10 13 9 6 0 4 8 25 1
21 8 27 18 19 15 0 5 16 11
18 23 14 19 18 22 14 0 14 13
25 13 26 1 13 12 17 3 0 14
6 23 14 24 26 18 7 10 8 0

0 8 23 13 10 24 26 9 23 20
1 0 16 23 11 2 24 20 17 1
7 21 0 12 12 8 20 19 3 3
13 6 15 0 12 7 18 24 13 7
20 27 17 12 0 5 3 6 6 19
10 11 18 16 1 0 8 23 17 4
1 16 10 16 20 14 0 15 2 17
6 10 5 15 26 4 3 0 13 14
26 18 7 6 10 16 13 1 0 27
19 14 16 24 25 20 7 11 18 0

0 12 10 11 7 20 27 2 22 3
8 0 20 4 19 19 21 24 22 10
5 20 0 25 21 10 21 5 20 26
24 7 25 0 6 18 16 10 27 8
8 18 17 1 0 21 19 10 24 26
19 3 22 12 2 0 13 2 16 9
2 20 6 11 9 5 0 8 20 15
18 11 18 8 26 6 25 0 2 12
14 12 25 14 11 13 15 27 0 24
10 5 16 7 27 14 16 11 27 0

0 17 23 5 14 6 3 13 17 24
8 0 2 11 23 9 16 24 17 6
2 2 0 7 7 7 19 26 17 24
1 23 20 0 1 12 23 3 20 15
13 9 3 6 0 19 4 20 12 20
17 17 18 22 20 0 22 4 21 1
15 6 15 12 1 22 0 19 23 8
1 12 9 27 21 17 6 0 22 14
7 25 20 4 22 22 11 20 0 17
1 26 11 19 23 15 5 2 1 0

0 4 16 6 19 2 16 25 14 7
21 0 12 5 22 27 19 11 9 2
18 8 0 3 26 1 12 5 6 26
5 1 3 0 7 17 17 16 1 14
24 13 11 26 0 20 15 13 2 20
12 26 1 1 15 0 24 9 17 26
5 26 26 19 6 3 0 27 5 5
2 14 27 15 6 15 22 0 25 13
11 20 18 11 24 4 19 8 0 6
8 20 17 26 1 24 18 10 15 0

0 19 23 8 6 18 2 19 21 22
12 0 3 9 10 11 26 10 25 13
5 15 0 17 21 27 25 5 1 18
24 20 2 0 5 17 11 15 19 20
21 27 14 6 0 24 1 17 25 24
17 24 1 19 18 0 6 27 22 6
22 17 1 24 3 12 0 6 9 6
4 1 14 7 4 7 8 0 3 15
11 3 13 15 8 26 16 6 0 7
9 6 7 11 9 1 9 4 15 0

0 20 9 14 11 7 23 23 26 22
16 0 5 27 25 23 11 15 15 21
15 21 0 27 23 4 4 17 5 11
12 26 13 0 19 27 22 9 7 2
17 27 22 1 0 16 26 25 3 19
14 9 10 8 1 0 7 22 8 17
15 7 27 9 24 21 0 21 24 15
21 4 12 23 22 5 16 0 2 1
10 15 6 13 18 11 11 10 0 17
3 16 17 20 24 12 8 25 26 0
