15 15 3
15    1  5 19    1  6 64    2  11 73  2 73    2  9 13  0 13    1  2 84    2  14 88  7 88    2  3 85  12 85    3  10 41  14 41  6 41    3  12 53  13 53  4 53    2  13 80  5 80    3  1 66  2 66  4 66    2  7 46  4 46    2  8 59  1 59    2  4 25  5 25    3  0 62  13 62  5 62
15    1  1 67    2  3 74  13 74    1  7 41    1  2 57    3  14 52  13 52  10 52    2  0 14  8 14    3  9 64  3 64  14 64    1  8 84    3  6 78  13 78  9 78    1  5 47    2  13 28  5 28    1  4 84    1  10 63    3  12 26  2 26  1 26    1  11 46
15    2  6 97  14 97    3  8 95  6 95  4 95    1  0 64    3  9 38  1 38  0 38    3  10 59  6 59  2 59    2  12 95  7 95    1  2 17    3  11 65  6 65  13 65    3  13 93  4 93  7 93    1  3 10    1  5 73    2  1 11  5 11    2  4 85  10 85    2  14 46  1 46    1  7 67
15    2  10 23  8 23    2  12 49  10 49    1  3 32    1  4 66    2  2 43  11 43    2  0 60  4 60    3  8 41  7 41  0 41    2  7 61  1 61    3  13 70  8 70  0 70    3  9 49  4 49  7 49    2  11 17  12 17    1  6 90    1  1 85    2  14 99  4 99    1  5 85
15    2  9 98  5 98    3  8 57  1 57  4 57    1  3 73    2  6 9  2 9    3  0 73  7 73  1 73    2  7 7  1 7    1  1 98    2  4 13  8 13    3  13 41  1 41  8 41    2  5 40  0 40    1  11 85    1  10 37    3  2 68  12 68  9 68    2  14 79  5 79    1  12 17
15    2  11 66  6 66    3  7 53  5 53  2 53    2  5 86  10 86    2  6 40  4 40    1  0 14    1  3 19    1  13 96    3  4 95  6 95  5 95    1  2 54    1  10 84    3  12 97  1 97  13 97    1  8 16    3  14 52  3 52  4 52    1  1 76    2  9 87  5 87
15    3  4 77  5 77  3 77    2  2 55  3 55    3  9 42  7 42  6 42    1  5 74    1  14 91    3  13 33  5 33  7 33    3  10 16  0 16  4 16    1  12 54    3  0 18  10 18  9 18    1  3 87    2  7 60  3 60    3  8 13  7 13  0 13    1  6 33    1  1 33    1  11 61
15    3  6 41  8 41  1 41    3  5 39  3 39  11 39    3  11 82  0 82  1 82    1  9 64    1  14 47    1  10 28    2  7 78  2 78    2  13 49  9 49    2  1 79  4 79    3  4 58  11 58  13 58    1  2 92    3  3 79  5 79  14 79    3  12 6  8 6  1 6    3  0 69  9 69  2 69    2  8 76  12 76
15    3  11 21  10 21  13 21    2  5 42  10 42    1  9 91    3  2 28  10 28  13 28    2  0 52  5 52    1  6 88    3  12 76  7 76  8 76    2  13 86  3 86    2  10 23  8 23    1  1 35    1  7 52    2  4 91  2 91    1  3 47    1  14 82    1  8 24
15    3  11 42  7 42  12 42    2  1 93  5 93    2  3 95  14 95    2  13 45  3 45    2  9 28  1 28    1  14 77    2  0 84  6 84    2  10 8  1 8    2  7 45  6 45    3  4 70  3 70  9 70    3  5 37  9 37  2 37    3  6 86  12 86  7 86    1  12 64    1  8 67    3  2 38  4 38  13 38
15    3  4 97  8 97  10 97    2  12 81  14 81    1  1 58    2  7 84  5 84    3  5 58  11 58  4 58    2  0 9  12 9    3  11 87  8 87  5 87    2  3 5  9 5    1  2 44    2  13 85  3 85    3  6 89  8 89  10 89    1  10 77    2  9 96  8 96    3  14 39  5 39  13 39    3  8 77  5 77  12 77
15    3  12 80  11 80  10 80    3  1 21  14 21  7 21    1  10 10    2  5 73  11 73    2  8 70  1 70    1  6 49    1  2 31    3  13 34  3 34  11 34    3  4 40  3 40  2 40    2  11 22  12 22    2  0 15  12 15    1  14 82    1  3 57    3  9 71  6 71  0 71    1  7 48
15    3  2 17  12 17  5 17    2  7 62  14 62    3  5 75  12 75  13 75    1  9 35    1  1 91    1  14 50    3  3 7  9 7  2 7    2  10 64  14 64    2  13 75  8 75    2  12 94  10 94    2  0 55  12 55    2  6 72  9 72    1  8 47    2  4 11  1 11    1  11 90
15    2  11 93  10 93    1  6 57    1  1 71    1  12 70    2  9 93  3 93    2  5 20  6 20    2  3 15  5 15    1  13 77    1  10 58    3  0 12  4 12  10 12    3  2 67  4 67  12 67    2  8 68  2 68    1  14 7    3  7 29  4 29  14 29    3  4 52  11 52  0 52
15    2  13 76  12 76    3  3 27  5 27  10 27    1  4 26    2  9 36  5 36    2  11 8  4 8    2  10 36  12 36    3  0 95  11 95  4 95    2  8 48  12 48    1  2 82    1  6 87    1  5 6    2  1 63  10 63    2  7 56  5 56    1  12 36    3  14 15  4 15  13 15

0 24 4 26 20 11 24 16 24 19 6 25 10 1 13
16 0 20 26 1 26 4 26 26 23 26 24 9 18 17
15 17 0 5 10 27 19 27 19 7 14 2 27 16 28
26 4 14 0 22 23 19 24 15 17 28 23 16 5 8
9 7 23 16 0 2 7 19 10 26 13 15 13 1 16
8 4 15 11 23 0 6 7 7 24 24 13 18 21 11
8 5 21 14 5 11 0 19 8 4 18 10 12 12 22
15 15 24 20 19 2 14 0 27 26 28 15 9 14 16
1 20 9 24 26 24 1 14 0 26 27 14 4 16 17
24 17 11 20 21 12 16 8 7 0 11 3 4 20 10
5 25 20 4 23 20 16 17 22 28 0 9 23 28 26
7 3 13 2 16 3 24 10 25 6 12 0 7 2 26
18 6 4 19 3 19 1 12 23 6 12 21 0 26 2
8 13 28 9 12 18 10 25 20 22 14 2 9 0 24
5 11 24 23 10 26 4 12 28 28 20 17 24 28 0

0 15 4 3 19 19 10 28 13 23 3 13 27 25 22
23 0 18 3 16 13 12 24 16 15 14 1 10 12 12
23 26 0 15 16 27 2 3 3 13 11 22 19 3 16
10 5 11 0 5 4 9 5 12 25 28 27 1 28 21
7 4 15 11 0 9 13 6 25 23 4 22 2 4 19
24 21 10 4 14 0 28 27 3 4 17 27 19 17 7
3 25 22 6 12 27 0 4 19 20 16 13 2 6 13
11 1 10 16 27 25 21 0 24 28 4 7 28 26 4
24 14 17 16 5 6 2 2 0 7 13 23 10 14 20
12 13 15 26 28 25 2 18 2 0 10 19 14 18 14
23 26 6 12 23 26 19 26 27 25 0 5 9 3 6
6 20 12 19 22 18 12 3 14 4 19 0 4 27 28
6 20 18 24 16 8 8 17 10 7 25 12 0 25 5
4 17 24 20 14 9 3 17 2 2 26 28 27 0 6
3 13 2 1 18 20 5 13 14 24 9 15 9 24 0

0 13 13 9 13 11 12 9 19 13 11 23 24 9 4
14 0 27 10 7 6 25 13 24 26 10 8 9 14 24
25 3 0 14 21 23 1 7 10 5 17 23 14 16 20
2 12 26 0 19 12 3 3 17 11 23 8 19 12 12
13 27 16 8 0 10 28 28 2 15 16 10 13 8 5
17 4 25 12 25 0 7 2 3 6 12 15 21 18 1
7 18 28 1 12 13 0 8 22 22 15 3 15 7 18
4 16 26 24 1 16 18 0 9 5 20 9 19 14 13
12 6 23 2 5 19 27 20 0 26 1 20 17 1 24
7 19 17 18 8 21 27 4 11 0 17 27 22 7 24
5 14 14 10 28 6 27 25 15 8 0 22 14 2 28
15 22 27 7 7 8 19 10 3 26 17 0 11 26 22
2 4 25 17 15 2 6 23 21 27 3 17 0 16 9
2 19 4 11 6 4 22 9 15 10 21 7 6 0 22
7 15 8 25 23 3 24 6 1 15 5 5 28 26 0

0 6 4 16 24 2 17 1 19 15 8 20 13 5 17
21 0 5 24 15 11 20 7 3 20 17 5 13 16 10
12 12 0 1 1 23 15 3 26 2 18 14 3 27 17
13 28 10 0 20 10 18 1 12 4 19 5 17 6 13
17 8 28 26 0 6 22 15 28 25 25 12 9 19 3
5 13 20 20 17 0 19 1 26 13 9 23 15 22 20
15 9 2 16 24 27 0 11 1 1 23 22 9 15 13
2 15 8 9 16 17 9 0 27 28 14 12 4 7 3
3 25 7 4 23 14 27 13 0 3 21 1 9 7 28
14 11 22 5 25 17 17 7 11 0 2 15 16 15 9
14 18 13 28 5 4 25 9 7 13 0 9 13 2 9
2 19 12 2 21 11 11 24 17 6 2 0 12 17 22
2 28 23 13 9 4 7 12 23 25 25 2 0 9 15
8 17 9 3 25 10 5 11 24 10 11 6 11 0 3
25 18 16 12 4 28 12 15 17 3 5 14 3 9 0

0 11 2 15 14 9 6 11 17 5 7 15 18 11 15
18 0 22 21 14 1 3 19 7 13 26 2 27 16 11
3 18 0 7 14 14 4 23 25 6 19 16 24 27 23
15 28 17 0 9 25 8 9 13 22 13 18 20 15 12
1 27 23 26 0 26 3 4 9 1 27 3 8 17 19
20 27 8 2 11 0 2 25 2 27 12 3 3 25 14
8 21 2 5 10 1 0 7 24 10 13 23 9 20 16
5 1 9 25 23 24 14 0 20 24 26 22 12 9 22
7 22 1 8 14 8 15 28 0 3 25 6 8 3 11
23 1 18 10 27 8 10 22 2 0 28 20 12 18 2
18 26 16 1 25 9 1 18 4 2 0 4 2 9 12
24 1 26 15 23 15 2 9 10 20 22 0 4 8 16
20 27 22 18 25 20 1 9 26 3 3 18 0 21 23
23 27 22 10 17 6 20 23 7 12 2 4 21 0 28
26 10 10 21 13 10 7 28 19 5 28 8 23 18 0

0 15 8 16 11 3 21 22 5 28 24 25 20 18 23
10 0 19 23 14 8 8 22 9 19 26 11 21 9 27
26 25 0 16 7 18 27 17 8 19 17 26 1 25 8
5 13 4 0 11 19 15 10 11 22 22 15 15 14 28
14 28 3 16 0 14 4 15 9 23 24 22 24 16 9
11 20 15 18 17 0 9 23 24 18 1 25 12 13 17
21 8 8 26 1 10 0 24 21 18 13 4 25 16 16
19 5 16 15 21 10 6 0 17 19 25 6 5 7 26
6 14 20 22 2 10 19 25 0 8 27 22 25 25 14
24 2 16 13 26 13 12 15 20 0 11 19 14 18 14
9 18 5 8 13 27 24 22 18 11 0 22 8 19 16
17 26 15 20 1 28 15 24 3 20 10 0 2 5 22
15 17 14 3 25 15 15 19 18 13 24 9 0 1 12
23 19 9 18 6 26 2 2 5 13 4 5 27 0 4
7 26 12 20 7 20 7 12 8 19 25 7 8 19 0

0 20 13 4 15 14 9 12 14 1 14 16 21 28 15
7 0 16 17 7 2 12 28 25 13 23 23 3 24 12
19 22 0 18 22 27 3 16 20 8 17 6 1 5 28
28 25 9 0 18 9 2 17 24 15 10 23 28 28 6
7 17 6 3 0 22 8 20 24 16 25 18 14 16 2
20 6 22 3 8 0 13 12 28 13 20 1 19 17 4
10 8 13 13 22 25 0 4 14 24 15 5 26 10 15
12 17 9 2 5 19 7 0 11 22 27 26 7 24 1
1 5 27 23 23 12 1 18 0 3 26 22 24 11 16
22 25 13 1 8 23 25 10 4 0 13 11 14 12 3
20 26 25 15 23 27 8 2 15 23 0 9 19 3 15
2 18 2 24 12 5 11 22 7 19 13 0 9 3 8
27 24 19 13 21 27 9 7 12 4 20 14 0 10 10
3 24 19 20 23 28 9 6 2 24 4 12 13 0 20
27 28 13 2 3 23 22 27 24 24 6 28 21 17 0

0 17 7 14 19 14 13 12 13 6 9 2 7 14 6
9 0 12 14 2 18 10 24 16 19 7 22 1 20 5
22 28 0 14 16 23 1 26 11 12 9 19 11 22 9
24 7 27 0 20 12 10 4 4 23 23 7 20 7 12
18 18 10 15 0 11 18 22 11 28 1 5 28 13 14
17 1 22 28 23 0 26 20 1 1 28 19 28 13 26
24 20 2 3 13 16 0 14 25 18 3 10 9 22 22
3 19 14 1 8 2 21 0 23 11 12 6 14 8 27
21 2 14 11 24 18 9 1 0 12 8 21 1 11 28
11 16 25 8 23 21 16 6 14 0 22 20 14 9 13
27 4 17 6 17 3 2 12 18 16 0 26 26 22 16
28 22 3 15 26 18 4 9 26 2 1 0 8 13 22
13 23 9 25 7 10 13 16 9 16 2 17 0 5 19
5 9 3 27 10 9 15 26 4 5 8 28 24 0 28
16 21 18 11 28 14 20 14 10 12 5 8 25 4 0

0 18 10 5 25 1 6 17 16 26 15 22 12 12 12
26 0 22 17 25 3 16 7 25 20 11 24 1 3 17
8 18 0 1 10 14 6 14 19 22 1 6 4 22 11
7 14 1 0 20 14 14 27 21 9 27 3 26 20 3
2 15 17 26 0 19 19 16 2 13 3 13 5 16 23
16 3 1 23 19 0 5 18 17 16 13 22 6 20 8
13 20 9 21 28 4 0 6 24 17 13 9 12 27 21
21 3 17 10 25 23 18 0 6 14 8 13 9 28 8
21 6 19 17 19 14 3 17 0 1 25 18 3 6 18
10 8 8 26 5 26 4 3 27 0 7 25 27 20 7
28 28 22 4 7 12 3 22 10 9 0 2 2 27 7
13 12 16 11 6 15 1 27 9 3 18 0 25 23 9
2 23 3 17 22 9 9 24 28 19 24 27 0 14 28
17 19 9 16 25 18 2 18 10 24 23 8 20 0 26
1 7 13 2 6 24 4 20 27 27 19 2 3 21 0

0 28 4 18 13 1 26 8 24 9 20 21 17 3 27
6 0 1 16 11 21 3 17 3 28 18 16 8 8 17
16 16 0 5 13 16 19 13 16 10 27 6 14 8 12
21 17 21 0 12 24 24 17 18 19 10 10 24 26 16
26 5 13 1 0 27 23 22 18 25 4 17 10 11 28
2 19 23 15 2 0 18 24 2 12 28 28 25 4 14
17 20 17 7 4 23 0 11 15 14 21 17 22 6 15
1 19 14 3 10 17 6 0 4 21 11 22 7 6 18
16 16 22 27 22 24 14 1 0 5 2 16 1 5 18
7 2 24 22 8 15 15 28 3 0 9 22 19 23 16
21 18 22 11 5 28 11 4 27 28 0 1 2 27 25
16 17 24 11 26 7 11 12 18 19 12 0 17 15 28
26 9 21 26 4 12 5 19 1 22 5 20 0 17 19
1 24 15 25 11 11 8 28 6 14 8 1 28 0 20
13 20 9 26 11 10 8 14 25 11 8 9 5 27 0

0 27 20 18 22 13 14 2 1 6 28 24 3 19 11
1 0 24 3 22 17 13 9 5 10 26 26 6 14 7
27 23 0 23 1 13 20 24 11 17 3 27 6 8 21
4 8 13 0 4 21 16 28 24 7 7 6 23 4 6
19 3 19 26 0 5 6 21 26 20 15 5 8 13 26
13 6 16 23 20 0 14 7 12 21 17 2 13 26 1
19 16 21 23 1 12 0 13 12 8 2 18 25 7 13
22 11 28 12 23 13 24 0 27 14 16 19 28 3 5
28 26 28 3 23 5 23 21 0 3 14 10 8 8 12
15 20 11 20 23 21 28 2 9 0 28 15 4 24 15
18 27 17 13 7 26 18 18 16 22 0 6 24 16 27
13 9 27 9 4 16 6 22 11 14 2 0 12 12 10
21 7 7 20 24 28 27 17 5 8 13 26 0 4 22
16 7 23 9 15 4 13 8 24 12 6 6 20 0 15
1 12 28 19 20 20 3 13 14 21 14 1 13 22 0

0 28 19 28 26 3 5 26 5 19 12 24 15 15 22
1 0 18 16 28 9 7 26 13 22 22 22 16 28 28
3 17 0 25 11 26 28 26 2 13 25 13 23 23 27
12 10 21 0 28 4 12 12 8 9 7 24 12 17 12
24 24 8 19 0 4 2 8 4 7 23 28 18 14 28
10 28 22 20 1 0 11 1 1 12 14 20 20 12 18
17 28 28 8 7 5 0 9 19 10 7 1 11 4 3
20 18 5 2 21 10 26 0 25 27 24 21 6 17 28
13 7 5 15 24 17 5 17 0 10 23 28 9 17 16
2 4 26 2 16 25 26 16 1 0 9 12 2 25 2
16 8 19 16 4 25 13 25 15 7 0 7 24 2 22
14 7 4 10 17 12 19 6 25 16 1 0 26 3 2
25 11 25 27 8 27 12 19 8 27 21 28 0 8 20
4 27 15 24 1 7 3 9 22 11 20 19 27 0 3
23 17 19 7 9 28 17 23 22 19 18 25 24 6 0

0 5 21 26 23 21 2 5 11 13 14 6 2 3 23
12 0 25 4 1 10 4 22 12 17 9 11 7 25 8
27 8 0 14 4 1 18 16 9 9 18 27 4 22 24
26 3 24 0 16 6 10 14 12 12 14 8 14 24 20
17 4 25 2 0 7 17 9 12 7 11 16 8 11 24
7 24 13 14 26 0 28 15 28 14 19 7 14 22 2
18 6 19 16 17 7 0 10 12 18 28 23 4 13 18
15 21 22 23 10 8 23 0 19 21 15 16 18 1 3
11 7 7 25 13 15 14 1 0 11 15 14 11 15 9
19 7 20 13 27 12 25 17 24 0 5 28 15 13 8
8 13 21 4 13 14 2 12 18 3 0 26 11 21 16
8 27 5 23 21 20 10 27 13 2 9 0 19 16 17
3 25 13 26 18 22 26 4 27 13 3 5 0 19 4
21 27 24 11 12 27 9 17 26 14 23 7 1 0 27
18 16 13 25 1 15 2 5 1 1 25 1 13 15 0

0 15 1 14 28 24 1 8 6 9 6 11 18 2 14
19 0 2 13 10 23 14 16 5 12 15 7 24 26 3
16 7 0 10 22 27 4 26 17 17 2 5 15 16 15
15 21 24 0 11 25 19 21 11 16 5 22 6 6 1
1 4 14 2 0 25 10 22 5 16 2 23 11 5 14
22 16 3 21 20 0 6 21 16 27 26 21 24 22 2
8 10 14 6 8 2 0 28 24 24 15 19 9 20 16
5 17 17 10 20 12 15 0 10 27 6 12 17 25 12
7 13 10 24 16 13 1 24 0 28 11 24 25 25 25
23 6 28 13 26 12 25 1 10 0 11 4 12 23 2
14 23 3 5 4 28 12 1 16 23 0 12 28 11 27
10 20 18 20 25 10 23 2 10 16 9 0 7 15 19
19 2 6 10 6 21 16 20 28 19 21 22 0 15 27
23 21 22 3 5 25 21 3 9 14 13 24 19 0 24
17 11 19 20 12 19 18 3 8 22 2 14 9 23 0

0 25 4 11 1 23 16 3 12 26 12 3 13 3 13
3 0 3 9 22 17 23 14 28 17 18 10 21 24 28
20 15 0 4 26 28 24 2 16 6 13 21 14 1 25
4 23 4 0 10 22 28 1 4 10 17 20 3 1 18
24 19 27 16 0 19 6 4 12 25 13 27 11 23 6
16 16 7 21 23 0 25 26 4 4 27 6 27 8 8
20 2 19 9 16 3 0 26 21 19 4 10 6 3 19
26 25 13 5 21 4 20 0 16 6 15 1 2 16 25
15 26 25 11 10 1 16 21 0 3 10 9 23 14 8
24 23 16 6 3 25 17 26 16 0 10 23 13 26 3
13 20 9 28 17 13 27 27 15 3 0 3 14 8 21
17 21 5 28 25 17 3 2 16 26 10 0 10 3 5
17 6 27 2 22 1 25 16 16 28 21 5 0 16 24
16 5 4 1 7 27 14 26 8 19 28 13 5 0 7
6 16 4 15 28 9 3 20 27 28 23 6 17 22 0
